29 11 48 27 47 26
6 31 10 42 23 9
18 34 8 45 46 1
14 13 52 51 44 4
20 32 40 38 25 28
12 19 43 16 21 49
2 17 41 3 36 33
7 22 50 5 24 37
39 30 40 35 15 27
47 13 19 46 18 25
44 9 29 49 51 17
23 2 48 8 24 32
31 14 36 15 7 26
34 30 12 43 22 3
41 33 37 42 52 35
5 20 11 10 1 21
28 45 39 50 6 16
27 36 38 4 12 24
43 1 7 51 25 1 30 23
2 10 37 26 49 13
32 1 9 39 41 14
6 22 18 11 17 8
4 46 15 16 42 44
38 45 5 19 28 33
34 35 50 48 31 20
21 3 40 47 52 29
51 9 22 1 4 2
26 38 23 18 16 41
25 24 34 15 28 11
3 50 12 13 6 33
44 20 39 40 31 45
14 29 27 46 10 5
49 35 43 36 52 7
19 42 21 17 48 30
47 32 44 37 8 26
9 2 46 11 23 12
27 16 25 41 34 7
24 13 42 29 45 43
8 51 6 40 35 38
30 49 28 33 47 14
32 18 10 22 21 36
52 20 4 5 31 17
1 37 15 3 48 19
43 16 39 50 11 51
12 41 10 28 40 24
23 46 22 20 33 49
17 35 13 34 27 32
14 18 19 50 29 31
36 25 42 8 44 5
45 4 6 48 37 47
1 39 52 30 26 2
38 15 3 9 21 7
31 49 11 13 41 8
20 14 16 24 36 18
52 27 22 25 6 19
33 48 5 43 9 40
17 47 23 15 50 2
10 38 30 37 34 44
7 3 45 46 32 51
29 26 21 28 4 35
12 1 49 42 39 17
38 43 41 22 10 47
45 14 34 6 2 36
30 8 16 9 13 20
51 15 42 18 28 27
21 50 33 25 29 1
11 19 35 40 23 4
31 39 24 46 37 3
48 7 32 44 12 52
26 17 45 41 5 30
36 23 13 1 40 47
4 8 25 10 3 39
27 50 46 52 9 38
33 42 31 32 11 21
7 44 28 2 43 18
35 16 48 22 5 14
51 26 24 19 49 34
37 12 6 29 15 20
8 33 1 7 27 4
28 48 36 13 30 46
49 52 3 11 38 18
35 25 26 45 12 9
32 19 15 10 43 50
23 5 29 39 34 22
24 41 44 21 20 6
2 42 47 16 51 31
17 40 25 37 14 43

