42 16 33 38 18 27
78 86 63 25 51 60
8 13 2 4 22 45
52 61 47 5 30 1
72 69 58 39 24 37
10 19 31 36 94 32
17 65 77 89 84 29
41 66 48 57 82 96
15 67 54 7 83 76
71 55 20 44 49 6
34 93 53 70 74 23
35 75 12 73 26 80
21 62 97 14 90 91
81 43 50 85 95 46
92 64 40 11 56 59
68 88 3 28 79 9
84 87 27 96 72 61
69 57 65 15 44 5
23 6 54 70 16 89
26 55 2 78 29 42
67 31 66 93 52 90
39 81 35 34 63 17
94 97 40 45 80 48
73 74 83 21 25 85
24 88 56 30 4 59
8 87 51 46 79 7
10 58 60 62 20 43
11 13 3 86 1 41
64 95 47 33 28 12
82 53 36 50 75 68
77 38 49 9 76 32
22 37 19 92 14 18
89 71 25 91 31 39
67 44 59 96 94 70
87 17 66 62 5 42
74 84 40 20 97 81
11 90 54 63 26 61
85 65 52 45 53 60
6 24 41 28 77 36
27 9 88 75 22 7
35 34 47 57 32 46
21 30 86 8 15 49
58 50 38 14 13 55
43 3 51 33 48 69
92 16 79 95 83 72
29 18 4 68 71 93
56 73 76 10 2 23
64 1 80 91 19 82
78 46 88 6 37 12
25 90 8 42 75 20
39 53 11 14 57 27
86 89 45 58 67 5
52 17 97 50 51 22
36 96 95 34 4 65
69 23 79 38 47 71
83 26 43 9 31 84
63 13 73 44 62 92
40 3 35 19 70 61
78 32 80 59 85 16
24 21 94 18 1 87
76 30 41 55 72 12
37 56 74 29 66 15
10 93 33 82 2 77
60 28 81 54 91 48
49 7 23 68 64 13
67 46 9 92 65 63
84 73 11 36 78 69
79 75 96 39 97 86
62 41 8 31 59 35
70 17 25 56 43 58
93 47 55 88 16 19
15 20 33 61 24 48
18 60 50 74 64 89
49 42 1 51 57 10
32 81 52 27 6 29
22 82 72 40 21 26
76 45 34 87 28 44
68 38 2 91 85 37
30 14 66 54 77 71
95 12 80 83 3 53
5 94 7 90 4 39
46 60 69 96 93 56
79 74 33 13 89 36
64 63 6 97 15 27
57 78 62 81 67 24
48 25 10 37 9 87
16 35 28 52 44 21
55 59 34 53 54 43
4 1 83 70 32 14
61 86 38 17 68 73
2 92 84 12 71 7
22 94 77 42 23 95
75 51 31 47 40 18
50 45 30 29 11 19
41 49 72 65 90 80
66 91 76 20 88 26
82 58 85 3 8 5
57 89 37 4 55 21
87 92 39 6 33 68
28 46 94 2 61 53
43 12 1 96 77 63
38 7 62 45 40 25
50 48 93 34 49 83
11 24 79 60 31 22
97 32 82 65 18 30
84 85 70 41 15 90
29 23 67 88 80 8
16 66 64 13 10 75
5 27 91 74 35 78
36 20 51 72 54 56
86 69 76 42 81 19
52 58 59 73 9 71
17 44 26 3 47 14
95 37 84 30 82 60
79 93 87 65 41 50
12 70 10 22 39 38
2 62 15 75 11 32
91 29 40 13 34 24
20 92 4 77 27 86
5 36 71 64 81 88
48 58 53 67 19 21
90 9 74 1 17 28
51 35 45 55 83 96
80 57 54 18 25 52
7 3 44 59 89 42
33 72 85 63 23 31
73 66 43 47 6 8
95 14 61 56 78 49
26 69 97 68 46 16
76 37 75 94 11 93
21 5 34 12 41 38
71 80 13 51 15 28
25 96 81 90 30 92
44 29 22 53 86 64
77 87 20 31 73 3
14 88 89 72 43 52
54 68 45 24 42 32
8 91 65 55 33 56
63 2 57 58 40 79
35 4 10 69 50 67
7 18 70 48 78 17
1 59 39 46 76 84
19 95 62 6 26 74
94 82 47 49 27 85
97 61 83 66 36 23
9 60 12 16 8 72
89 38 63 80 20 30
53 42 73 15 79 4
75 52 77 69 70 91
37 33 78 1 45 44
93 51 6 84 21 57
54 96 13 17 5 2
25 28 27 23 19 46
61 39 67 60 47 29
83 62 65 86 94 88
48 59 14 31 68 74
85 10 18 26 34 92
97 7 24 76 35 95
81 55 11 66 9 82
16 36 49 58 22 87
32 71 90 3 56 50
40 41 42 43 64 67
47 80 70 65 2 21
69 29 14 94 12 20
31 45 15 46 10 17
19 54 44 4 84 75
59 72 28 18 86 66
26 89 1 93 8 81
88 60 90 33 34 73
77 48 30 35 79 64
27 95 68 51 41 58
74 92 24 3 52 55
82 83 56 38 87 6
23 50 9 40 39 78
43 5 25 49 11 97
71 96 16 62 53 37
13 22 85 61 76 57
32 63 91 7 36 93
41 33 46 29 54 75
24 14 65 51 73 64
60 38 94 66 35 92
19 52 68 83 8 78
72 6 15 1 25 34
59 77 5 37 50 26
30 39 16 2 74 3
53 40 17 88 49 69
80 27 36 48 76 62
45 42 63 71 70 82
23 91 86 87 43 57
9 56 89 47 97 13
90 44 18 79 10 95
20 21 96 85 7 11
12 31 4 81 61 58
32 84 55 28 67 22
