44 35 32 12 15 20
10 19 29 39 33 9
21 23 3 43 28 40
24 17 37 31 34 8
25 38 7 22 5 6
45 4 27 2 13 11
30 18 14 16 1 26
36 29 42 38 41 37
27 31 39 2 7 23
13 30 9 6 3 25
14 41 17 40 45 32
34 44 1 21 10 35
18 12 26 33 22 24
5 11 20 8 36 28
19 43 15 16 42 4
17 27 1 13 38 1 18 21
35 1 6 8 2 45 14
25 11 4 19 31 12
37 39 43 9 26 20
23 40 5 10 44 16
1 24 15 29 7 3
36 33 34 30 42 22
41 28 39 32 8 27
18 20 7 3 10 45
12 2 38 15 23 30
34 40 24 19 6 4
43 33 13 5 28 37
16 25 22 29 41 35
26 36 11 17 32 1
31 14 9 42 44 21
12 8 29 34 43 18
28 6 10 17 36 19
15 14 40 33 20 31
22 9 32 27 16 2
1 25 45 24 39 38
26 35 23 4 13 41
11 37 44 7 21 30
5 42 27 3 17 12
24 4 28 38 16 14
31 43 44 18 39 36
7 1 22 20 40 13
35 3 2 33 37 10
21 5 19 45 26 29
34 15 6 41 9 11
42 23 8 25 32 30
3 20 16 38 31 17
10 7 41 14 12 43
8 1 33 6 27 23
28 2 34 40 26 25
9 19 18 35 30 5
22 36 21 39 15 4
32 13 42 11 29 24
37 45 16 44 27 12
4 21 33 20 8 25
39 32 14 5 3 34
11 17 45 23 22 43
6 18 40 15 37 42
7 24 26 9 35 36
44 2 41 1 38 19
30 10 31 13 29 28
37 14 36 23 25 18
35 16 39 42 11 6
20 21 2 41 24 5
32 29 33 4 7 17
27 38 15 26 34 10
45 12 9 28 1 31
13 22 3 8 19 44
43 30 38 40 27 35

