26 43 33 17 34 57
9 14 18 21 10 58
15 25 48 24 30 52
61 59 4 31 27 42
23 39 32 11 12 7
64 35 40 47 5 53
1 62 16 36 50 60
44 46 29 63 54 13
20 38 28 3 45 19
51 37 22 8 41 49
56 33 2 55 42 6
59 52 60 64 57 12
53 27 36 43 15 63
4 40 50 18 58 23
1 20 46 35 31 26
17 9 10 37 5 44
34 19 11 41 48 21
3 28 30 55 32 8
13 16 6 38 47 24
7 61 51 2 29 62
56 49 39 14 45 54
22 31 11 25 40 43
37 59 1 36 48 35 1 23
33 1 17 47 15 1 41 1
58 26 55 38 51 64
27 8 4 45 9 6
53 62 10 28 25 46
60 30 14 54 7 50
57 49 18 13 20 39
42 61 29 52 21 5
19 32 63 16 22 56
34 24 3 44 2 12
10 45 30 31 33 40
7 49 59 36 55 17
23 54 41 1 26 25
5 48 60 13 27 32
64 50 15 56 28 37
57 43 21 58 63 2
47 46 39 61 44 8
6 35 52 19 51 18
62 42 9 24 11 20
12 29 34 4 38 53
14 22 5 16 3 2
41 55 45 60 43 46
44 58 32 35 49 1
28 18 61 54 9 48
12 13 62 19 8 64
21 47 50 27 52 7
63 24 37 40 14 11
15 42 20 34 10 16
39 4 51 33 3 25
29 31 53 57 56 36
6 22 38 23 59 17
35 30 13 63 26 11
40 15 49 12 46 21
60 55 37 4 18 24
14 10 57 45 61 62
43 54 3 19 16 59
42 17 8 29 64 23
9 2 7 56 25 38
1 53 58 30 6 48
20 44 27 33 41 22
32 5 31 34 51 50
52 36 47 28 39 26
23 2 60 10 19 29
57 37 35 38 30 42
16 18 27 3 62 17
46 48 33 50 56 5
61 63 25 8 34 20
11 53 54 51 55 47
24 15 21 39 1 59
45 58 12 7 22 13
6 31 41 49 52 14
43 4 9 26 32 64
28 36 51 40 60 44
59 56 34 47 11 8
45 7 42 48 53 63
25 29 58 46 37 16
62 32 18 15 38 33
20 12 43 44 6 14
3 57 52 9 1 40
10 4 5 54 36 19
2 64 39 30 27 49
61 50 35 22 17 24
21 13 23 55 28 31
26 3 15 41 29 7
25 14 42 18 47 44
2 40 32 59 20 54
49 19 46 30 16 9
50 11 28 6 57 4
13 64 41 36 61 33
5 24 51 43 23 45
10 56 1 35 12 27
52 34 55 58 62 37
60 8 22 53 21 26
17 63 38 39 48 31
50 44 45 29 59 15
7 1 43 42 28 13
47 41 57 32 10 24
22 12 36 33 9 55
38 40 26 49 11 61
27 23 19 46 14 34
54 16 35 8 52 31
18 21 17 30 51 56
5 20 58 39 60 53
37 64 25 63 6 3
48 47 62 4 2 22
55 7 19 31 57 44
27 26 54 42 24 12
14 8 38 51 60 15
53 33 16 37 23 61
25 21 45 32 36 35
62 63 30 5 41 59
48 50 3 49 43 10
40 6 29 9 39 34
17 13 56 52 4 20
11 46 64 2 18 1
59 33 28 58 35 41
