82 40 81 18 76 50
38 78 13 63 4 77
19 67 5 10 74 68
2 36 52 56 1 7
46 39 37 3 32 57
12 28 55 54 8 23
48 51 60 29 73 79
65 35 45 22 9 70
80 59 20 33 43 71
24 84 41 26 61 25
17 53 69 11 21 72
15 83 34 6 42 30
16 31 27 62 49 66
44 64 47 58 75 14
50 9 23 5 60 38
67 43 7 81 54 48
70 12 29 32 74 56
72 55 52 40 61 71
36 51 77 19 69 84
68 17 35 31 80 63
47 28 30 3 1 26
11 41 83 76 16 14
21 25 42 20 73 45
4 18 6 53 64 27
44 37 82 62 33 46
2 66 10 39 8 59
22 75 15 49 24 78
65 57 58 34 13 79
23 3 40 83 77 67
80 30 61 29 42 36
11 68 50 28 6 84
55 41 62 74 43 64
51 16 12 71 39 63
75 25 5 56 53 35
14 81 60 34 20 37
18 58 69 70 24 33
26 32 27 8 76 44
65 22 38 52 21 82
72 57 78 59 48 9
10 54 1 79 31 4
15 17 19 47 45 66
13 49 73 7 2 46
62 63 18 30 69 5
58 34 16 25 77 29
75 26 81 68 83 3
78 39 48 6 52 23
27 24 40 56 60 43
72 32 41 35 51 66
82 19 53 80 12 13
76 55 46 4 15 70
59 33 47 54 42 65
57 7 64 50 10 45
61 31 11 2 20 44
71 9 49 1 21 84
79 28 22 36 67 37
74 8 38 73 14 17
35 6 46 60 58 52
66 78 33 68 5 76
65 48 40 25 27 15
11 62 59 19 26 29
39 70 83 64 84 82
1 24 42 13 55 16
67 44 9 7 12 34
36 75 71 4 50 32
37 45 30 53 54 2
49 56 20 23 17 51
73 47 43 18 72 31
21 57 28 14 63 61
79 8 77 22 81 74
69 3 80 41 38 10
64 29 34 52 13 68
60 84 67 76 59 45
66 50 55 56 65 83
27 70 7 17 78 30
32 82 28 31 49 58
77 21 24 51 37 6
81 35 62 47 71 53
48 61 22 46 69 10
33 4 14 12 72 3
63 25 57 74 2 75
39 9 43 42 11 26
54 15 73 41 36 5
16 79 23 44 40 80
18 1 8 20 19 38
45 46 56 28 83 78
10 65 32 17 81 6
68 61 58 51 4 59
25 47 76 9 52 69
63 64 36 24 11 48
57 66 12 40 30 73
14 67 80 15 62 1
72 77 20 5 82 26
13 54 3 74 27 50
37 18 79 42 7 75
38 53 39 55 44 49
41 29 31 70 71 21
8 34 35 84 23 43
22 2 60 16 33 19
52 4 67 57 26 17
9 40 78 20 10 36
12 48 50 42 62 58
32 11 25 79 38 47
77 46 14 80 7 65
61 66 74 37 53 1
34 56 39 41 22 18
21 13 31 59 60 83
23 68 2 82 69 15
64 71 76 28 73 19
84 51 33 27 30 55
35 5 24 29 44 3
6 49 63 43 45 81
75 70 54 16 72 8
34 74 21 26 48 80
69 20 4 67 65 39
9 56 15 58 37 64
28 13 33 40 41 17
23 73 32 24 52 62
30 35 10 55 82 11
43 36 16 38 68 57
7 6 8 31 3 25
45 27 75 61 77 12
60 66 44 71 18 54
2 29 84 78 81 47
70 79 59 50 5 49
42 14 51 53 76 22
1 63 19 83 46 72
58 7 40 21 62 68
6 75 82 73 67 41
8 56 71 69 57 11
31 23 74 33 45 36
3 84 52 15 79 20
81 28 42 38 70 66
83 80 4 9 18 51
37 10 27 63 47 16
49 26 64 12 60 65
78 19 61 39 35 54
30 44 72 13 25 22
48 5 2 14 32 55
29 76 1 43 17 77
59 50 24 46 34 53
3 79 63 66 82 9
60 80 6 57 47 70
71 58 11 27 78 67
30 19 81 75 23 21
61 38 54 62 64 56
49 41 68 48 37 8
43 52 51 44 10 28
25 36 17 55 59 18
20 29 53 83 22 7
69 16 26 35 14 13
5 46 31 84 42 12
45 1 4 32 40 34
77 50 73 33 15 39
76 65 74 24 2 72
