52 87 75 17 89 20
46 71 78 47 37 66
12 3 39 49 7 88
19 44 30 50 67 57
56 10 11 28 15 55
84 41 25 73 5 77
13 29 2 33 6 69
38 31 72 51 86 59
80 23 54 92 22 4
21 68 91 76 90 62
58 8 85 48 43 34
64 82 32 60 36 24
16 83 35 14 61 26
42 45 81 53 1 70
79 63 18 40 74 65
5 9 28 27 39 47
6 22 71 51 25 67
86 30 17 7 92 2
58 88 54 44 78 87
34 69 21 84 32 52
10 59 8 80 37 24
62 46 89 33 56 81
74 12 61 15 77 91
11 53 43 20 79 13
1 23 35 41 57 90
63 4 16 55 42 60
18 76 50 31 3 9
45 72 83 40 64 66
19 14 85 75 27 49
73 48 65 82 29 26
36 68 12 38 70 10
28 43 24 1 62 1 54 84
57 77 53 69 56 71
32 42 90 46 5 79
41 20 78 34 81 80
63 6 92 61 76 1
60 83 15 3 59 75
39 30 4 85 35 82
64 86 48 16 13 25
50 52 33 55 45 74
87 65 14 47 67 72
91 18 49 8 26 70
51 66 27 88 89 68
31 44 73 7 21 40
17 22 36 29 58 11
2 9 19 37 23 38
13 62 57 59 39 42
75 64 35 6 54 74
92 60 41 48 14 50
53 55 86 61 65 85
81 4 69 8 28 12
56 5 87 24 91 63
49 31 46 68 83 58
67 15 18 43 38 7
66 80 52 36 2 73
71 82 88 21 19 16
90 78 77 30 33 51
40 70 3 23 11 47
10 27 26 32 25 17
89 34 37 22 45 79
1 72 20 9 29 44
76 74 67 84 58 39
54 38 61 49 48 56
5 86 19 52 15 68
91 57 28 31 6 36
78 12 92 53 73 62
59 11 32 30 18 41
75 16 70 22 7 66
14 43 9 25 21 46
26 77 76 4 20 64
79 80 29 85 71 3
47 8 42 33 84 44
82 27 55 37 90 40
81 50 88 35 2 63
45 65 23 17 13 60
34 87 51 83 1 10
69 72 25 89 24 18
26 53 21 67 41 75
11 16 76 57 52 46
56 79 47 58 12 86
3 66 61 8 62 82
29 37 64 68 81 30
42 20 2 65 28 22
70 73 34 19 90 60
24 33 31 88 92 15
74 44 51 14 17 69
54 1 13 77 85 40
48 84 63 83 80 27
7 36 59 78 9 45
38 35 55 87 32 71
72 49 6 10 4 5
39 50 23 91 89 43
65 70 56 52 31 30
20 73 8 57 88 14
15 34 29 25 66 53
2 75 48 76 51 12
74 26 90 86 11 9
62 69 79 16 87 41
35 40 58 42 19 80
59 46 1 22 64 50
21 81 10 18 47 54
77 24 83 6 55 39
61 60 7 71 84 72
4 17 38 3 91 78
89 13 92 28 49 32
67 85 37 5 36 33
43 68 44 63 82 45
27 74 16 23 30 73
12 80 64 11 21 87
9 48 22 77 52 81
55 47 7 1 62 19
24 40 4 50 61 29
88 42 6 18 34 86
60 39 54 37 53 31
83 57 5 70 78 82
90 14 84 2 10 89
68 32 23 72 75 56
66 92 91 69 67 59
41 71 33 43 17 49
15 8 36 65 46 27
44 25 28 35 79 76
13 51 3 26 63 58
45 85 62 20 24 38
