10 7 11 32 4 12
28 20 43 44 22 34
18 14 30 24 37 36
25 35 46 15 33 3
9 29 47 2 42 1
26 39 16 45 17 19
5 13 31 8 27 21
23 6 41 35 40 38
47 28 45 24 25 12
46 2 27 26 11 30
43 32 44 6 13 29
10 34 15 40 18 42
20 23 31 39 33 14
1 37 4 5 16 22
17 3 21 38 7 9
8 19 34 41 36 47
32 1 13 27 1 15 35
2 31 17 46 24 28
38 37 20 43 10 8
11 42 36 41 44 25
18 9 6 12 5 39
7 40 22 30 45 33
4 19 26 3 29 23
14 21 32 16 35 44
25 47 17 13 30 37
4 39 46 27 43 40
23 21 45 36 1 10
42 31 9 7 20 19
26 8 15 28 6 16
12 3 41 29 22 14
33 11 24 34 38 5
45 2 43 35 31 18
32 16 23 30 47 3
39 1 28 37 41 11
12 33 40 13 36 26
8 44 9 24 4 15
29 34 18 38 21 46
10 14 19 22 27 17
6 5 7 20 25 2
21 28 33 42 43 4
31 24 10 16 41 13
14 23 25 34 9 2
37 27 45 6 32 42
3 11 40 20 8 18
35 26 22 47 38 39
44 12 1 19 46 30
36 15 5 17 7 29
41 32 24 21 26 20
22 42 13 11 46 23
19 12 38 15 2 37
47 43 5 14 45 3
36 17 34 31 4 6
33 16 7 27 18 44
29 30 35 9 10 28
40 39 8 1 25 32

