74 65 26 31 69 23
4 7 63 76 5 89
41 16 29 75 34 9
37 32 3 55 12 73
49 60 81 71 2 18
38 67 59 33 42 61
45 88 85 11 51 82
17 86 44 8 84 35
27 87 64 30 14 77
68 56 78 66 83 79
28 24 52 19 53 62
46 25 22 20 70 6
1 54 58 10 48 72
39 21 80 57 43 40
13 47 4 15 50 36
45 44 30 60 41 55
77 66 84 49 73 59
11 12 69 53 34 86
62 6 87 71 83 38
17 3 68 76 61 20
40 37 70 14 81 5
78 26 24 89 13 32
51 2 47 33 16 19
57 65 42 56 8 1
79 39 31 9 64 46
36 27 22 54 21 75
80 25 50 58 28 29
88 74 7 67 48 35
15 43 52 85 63 72
16 18 10 82 37 23
4 11 1 53 14 33 1 6
65 83 76 1 12 81 44
22 87 86 61 1 5
46 69 56 55 29 13
25 35 57 26 3 27
51 58 42 64 40 20
82 43 24 47 49 48
80 9 2 45 7 84
63 59 70 75 62 88
74 54 77 28 78 41
32 10 36 52 39 68
72 19 8 31 67 18
60 38 21 15 66 17
79 34 71 85 23 50
30 89 58 73 47 53
56 44 49 51 61 26
81 28 59 27 16 7
32 9 1 43 74 4
82 57 5 41 67 68
83 17 75 69 25 64
48 62 40 11 60 36
66 6 37 35 19 34
52 21 14 84 79 89
20 85 31 55 33 77
63 73 87 50 45 65
46 42 78 10 15 3
39 86 18 88 38 24
80 71 12 8 22 13
70 23 30 76 2 72
54 7 60 29 32 14
21 34 64 47 59 56
87 4 81 35 20 69
27 55 51 62 74 50
57 78 48 73 18 9
67 10 43 25 89 11
16 40 31 71 52 1
70 68 33 13 86 65
84 76 85 39 6 28
5 8 26 2 15 83
58 22 66 24 23 41
77 53 75 44 46 37
49 72 38 3 29 45
19 12 54 42 30 88
63 82 61 36 80 79
31 13 6 43 51 17
73 25 39 2 14 56
9 24 83 50 20 10
44 40 66 87 33 7
23 75 55 38 4 57
21 46 62 18 5 58
36 41 35 64 49 12
84 30 11 16 63 32
86 47 76 60 80 42
67 26 79 70 45 54
72 17 82 78 27 53
59 19 69 85 22 3
29 15 71 48 77 65
61 8 74 81 52 34
1 89 28 68 88 37
35 13 2 38 58 63
64 76 32 62 57 45
12 24 84 87 75 67
19 79 40 86 10 49
59 5 48 44 23 39
56 27 41 52 11 70
43 42 71 66 69 14
25 61 16 4 65 85
50 37 30 78 31 21
73 29 33 74 82 22
6 3 47 77 88 8
53 9 15 81 68 55
89 80 51 83 18 54
34 72 20 28 26 60
7 36 17 46 1 19
13 48 52 42 45 25
29 59 43 37 76 79
47 31 11 22 44 38
10 41 88 21 71 73
58 55 16 83 70 39
23 54 81 33 64 63
32 49 34 87 17 80
75 14 28 86 51 15
61 50 12 7 77 57
3 84 4 40 56 82
72 35 9 65 62 89
68 60 8 24 46 27
69 1 67 6 78 2
20 36 74 30 66 5
18 53 42 26 85 29
23 73 83 11 28 13
22 77 45 17 81 10
65 32 38 41 79 51
89 57 60 59 31 87
8 33 62 69 39 49
6 68 74 12 72 21
2 52 66 54 4 46
53 50 76 88 56 16
14 58 44 3 36 67
34 30 15 7 82 25
18 75 61 40 35 47
5 55 19 78 84 43
1 64 85 24 70 80
48 20 63 37 27 86
26 71 33 9 11 76
