16 11 27 17 8 21
2 20 22 10 5 35
19 7 9 30 6 32
18 33 12 23 24 29
1 34 28 26 25 13
3 4 23 31 15 14
19 25 34 33 16 20
27 32 1 3 18 2
10 30 7 24 26 11
28 8 35 12 9 4
21 31 6 17 5 15
29 14 2 22 13 8
24 4 21 3 1 6 34
35 22 16 7 33 27
14 10 17 32 12 28
11 1 9 5 19 18
26 29 30 20 23 31
13 15 24 35 27 25
34 12 30 22 3 1
32 11 33 15 20 28
25 18 31 19 8 10
23 26 9 2 17 16
29 13 4 7 21 5
18 17 6 14 35 34
31 22 24 9 32 13
8 23 7 1 21 10
12 26 2 4 15 19
16 3 25 11 29 6
27 30 5 28 14 33
24 1 20 4 31 17
13 35 33 3 10 11
21 9 14 20 12 25
6 19 23 22 28 27
7 16 18 30 2 15
5 29 8 34 32 26
6 14 12 31 2 11
33 21 22 18 1 26
15 27 10 9 34 29
17 20 19 13 7 3
4 35 32 25 30 23
5 28 3 8 24 16
