84 74 85 78 88 60
90 26 83 47 69 35
23 57 44 9 41 21
81 45 31 52 11 67
33 55 37 82 15 34
5 76 86 19 28 29
77 22 20 79 49 80
16 17 58 53 73 30
39 6 18 3 63 14
66 70 50 40 89 12
43 48 7 65 54 1
36 13 24 61 38 10
62 8 87 75 27 4
2 51 46 32 71 42
64 68 72 59 56 25
17 83 28 88 37 45
86 63 78 15 53 57
22 19 41 81 35 89
77 60 21 12 52 55
6 90 82 48 73 23
76 34 62 70 7 80
27 66 9 71 85 31
26 4 32 14 72 61
47 79 2 50 44 64
67 56 30 43 39 40
10 33 29 16 46 75
65 3 24 5 87 84
69 54 68 42 36 20
51 11 25 1 13 74
58 59 49 18 38 8
88 12 90 9 19 34
4 89 7 47 17 52
67 72 60 76 22 2
78 30 82 81 79 32
29 70 26 77 27 6
85 39 53 61 44 48
16 20 3 31 50 36
56 37 1 41 69 18
51 45 33 21 5 49
38 11 15 66 64 42
25 46 35 84 14 80
71 24 58 86 75 23
54 10 74 59 87 83
8 57 28 13 43 68
40 55 63 73 62 65
53 32 76 6 50 52
12 41 47 16 78 18
69 29 3 38 34 30
22 61 82 66 1 84
27 64 51 20 90 37
48 67 21 42 86 87
8 7 83 60 56 81
13 59 75 15 31 70
24 35 44 68 77 88
65 79 45 72 10 57
43 2 85 62 49 25
89 71 73 28 80 39
33 63 54 11 26 9
58 55 36 4 46 5
40 23 14 74 17 19
84 86 31 90 8 32
29 42 52 44 78 1
60 45 13 27 18 24
88 25 79 3 7 37
12 35 10 62 20 39
89 76 56 87 15 26
34 71 41 36 59 53
51 23 47 63 77 38
68 22 50 30 65 4
75 73 69 14 21 66
85 81 6 17 80 33
49 40 48 46 83 11
5 64 54 57 61 67
74 2 70 28 16 55
9 82 72 19 58 43
27 47 42 25 39 24
50 87 34 63 13 35
30 86 59 1 14 12
21 4 10 7 6 84
62 31 89 83 23 78
57 81 49 71 3 90
32 69 16 76 40 64
56 29 9 22 48 17
37 5 77 74 53 66
73 61 43 52 70 46
75 80 44 51 36 60
20 18 19 67 33 65
38 82 68 2 26 45
55 8 88 41 72 11
15 28 79 85 58 54
6 12 48 69 24 57
84 9 40 13 47 81
59 7 27 73 32 22
44 42 83 3 76 43
80 25 5 63 31 30
1 19 16 45 62 77
41 67 46 82 74 50
10 14 56 55 85 51
65 88 61 29 2 21
23 52 36 72 15 39
54 37 70 38 4 71
34 58 20 89 60 11
53 90 87 68 18 79
35 28 78 8 66 33
17 26 75 64 49 86
46 47 3 45 85 22
80 57 59 82 88 56
24 31 73 41 51 29
19 84 2 30 52 37
63 15 4 83 67 12
32 21 62 58 48 13
39 68 66 81 55 76
26 53 20 40 8 1
23 43 64 10 34 18
49 50 28 7 9 42
11 90 14 70 44 5
78 77 65 25 36 17
71 61 69 60 33 87
72 16 35 6 75 54
74 38 27 79 89 86
19 66 63 2 48 59
64 83 55 80 29 53
22 10 58 31 88 26
37 32 47 49 67 68
36 1 76 57 85 73
87 78 70 45 20 23
11 84 71 17 43 50
35 3 15 21 40 27
9 60 38 46 65 6
75 42 61 7 12 74
14 24 89 54 82 8
4 44 81 25 86 69
52 34 79 56 16 5
39 13 77 33 41 90
18 30 72 28 62 51
11 80 78 10 68 3
55 1 67 35 9 36
87 66 7 57 29 58
12 54 49 23 84 76
48 81 14 50 27 88
31 53 56 70 47 19
86 82 85 83 65 13
43 5 38 20 75 32
45 30 15 44 74 71
72 46 89 90 21 63
42 60 16 26 37 59
18 4 73 34 2 77
79 39 17 69 51 8
61 25 40 28 6 41
52 33 62 24 64 22
