19 24 33 4 11 16
36 17 7 29 18 12
8 28 27 38 22 13
3 37 5 26 9 23
20 35 10 2 32 15
41 34 25 40 6 1
14 31 30 19 39 21
7 2 26 36 15 27
41 22 28 24 35 12
23 13 6 14 11 29
9 21 1 32 8 4
16 39 34 17 5 20
18 31 40 33 10 3
30 25 35 37 7 38
29 1 26 16 4 41 13
24 28 32 5 14 18
1 38 36 17 19 40
15 33 39 21 22 25
31 6 2 9 8 30
12 11 37 3 27 20
10 4 18 22 23 34
25 28 14 9 16 36
5 29 35 11 40 8
32 10 37 6 7 33
2 21 24 38 34 3
26 41 17 20 19 30
13 1 31 23 12 15
27 29 9 39 10 24
11 25 19 8 18 2
30 36 26 34 33 32
27 35 14 31 17 4
16 12 5 6 15 38
37 20 21 28 40 13
39 3 22 7 1 41
32 23 31 16 25 17
12 38 8 10 14 26
18 36 11 1 37 39
34 13 19 35 9 7
29 4 15 28 30 3
21 33 41 5 27 23
22 24 6 20 40 2
34 7 11 31 38 28
13 30 10 25 5 36
29 3 19 27 32 22
18 16 6 35 26 21
15 8 17 37 24 41
40 4 23 12 2 39
14 20 9 33 1 29

