62 31 36 35 32 22
39 81 54 64 3 16
51 34 37 61 75 66
49 13 60 2 40 14
19 70 5 76 38 21
9 18 46 47 83 68
53 1 45 77 79 12
85 17 11 57 8 82
69 52 27 26 44 30
43 7 20 84 48 42
23 24 4 72 59 6
28 41 63 50 25 65
15 55 29 80 78 33
58 74 10 71 67 73
56 75 68 81 62 49
5 35 18 66 77 70
64 79 14 30 38 20
54 16 43 34 19 85
82 24 52 51 41 21
42 61 53 50 76 57
44 37 2 74 23 47
63 33 3 36 7 71
22 28 13 78 39 9
65 58 55 6 69 40
29 8 72 83 12 10
48 67 32 1 17 60
25 73 59 46 26 15
56 4 11 45 80 84
31 57 79 27 7 70
62 1 64 61 77 41 1 49
47 42 58 52 54 28
69 68 39 43 37 8
32 16 76 66 10 23
21 50 2 6 20 81
60 12 85 33 46 13
36 38 24 11 27 74
18 63 34 22 15 1
40 44 78 35 3 4
31 14 51 29 59 67
45 26 71 19 82 83
25 30 56 55 9 48
65 53 73 17 75 84
72 80 52 32 20 5
62 76 1 39 7 6
79 10 43 24 40 28
69 78 77 14 54 36
63 4 66 64 82 31
68 29 35 85 23 48
61 33 74 59 83 75
53 11 71 18 49 25
21 22 37 46 67 80
12 41 81 34 84 26
60 65 15 38 72 44
16 57 47 55 5 51
45 50 73 3 30 13
9 19 2 58 70 8
27 42 76 17 56 78
48 66 7 11 69 80
23 31 46 75 14 41
22 26 61 79 29 21
82 34 44 28 77 59
6 60 10 36 68 45
84 51 83 3 58 62
67 9 40 5 85 64
71 2 35 54 56 15
38 17 12 16 18 37
25 72 19 57 74 81
53 27 43 47 32 33
13 70 20 55 24 1
42 39 49 4 30 65
52 73 14 63 8 50
51 6 54 9 11 79
84 5 78 31 60 69
67 19 23 62 28 18
38 85 22 10 2 25
41 29 45 44 36 47
3 20 74 34 65 17
13 15 82 68 76 48
46 52 7 81 53 35
49 63 24 37 33 57
73 72 70 43 61 56
26 40 59 80 39 50
58 1 75 4 27 16
30 77 8 32 21 71
66 12 64 83 42 55
69 15 85 41 74 62
78 47 67 20 82 25
79 46 84 76 2 72
10 39 51 35 44 63
11 1 26 65 37 31
28 57 32 56 38 13
59 45 64 70 48 52
61 9 3 19 60 27
81 5 33 23 22 58
50 49 17 29 66 54
18 30 6 75 43 80
14 68 34 42 71 24
7 16 83 73 77 40
21 36 8 4 55 53
12 78 11 52 61 39
35 84 9 1 59 57
70 81 29 32 63 69
10 20 46 27 54 62
2 80 17 19 24 51
77 6 83 67 56 41
37 3 79 85 25 42
26 58 38 68 66 53
40 34 76 8 47 31
49 28 55 72 45 7
13 65 43 64 23 36
15 74 30 82 5 12
33 18 48 14 21 4
16 71 75 60 50 22
44 62 9 73 81 42
24 56 77 26 47 3
1 49 46 78 51 38
55 43 59 41 10 17
76 25 80 12 35 58
20 85 31 39 45 18
83 11 21 15 27 23
30 69 28 61 2 16
68 32 84 74 64 50
70 33 82 37 72 40
71 4 29 7 13 5
22 6 66 14 53 44
75 79 19 36 48 63
67 54 34 52 57 65
8 73 27 60 35 28
47 21 69 10 64 1
15 58 32 24 46 39
50 23 12 7 51 56
17 14 61 5 25 45
41 4 68 20 22 19
2 62 82 3 43 29
74 55 76 9 52 63
59 78 18 65 81 79
48 6 38 73 31 34
33 8 44 16 84 67
37 83 60 54 53 30
80 36 26 70 49 85
42 13 72 75 11 77
57 66 62 40 71 41
