7 5 16 12 6 1
13 20 19 35 11 30
25 21 26 18 28 10
32 37 15 4 14 22
23 31 24 3 9 33
34 27 2 29 17 36
8 13 6 26 37 22
3 1 28 33 20 32
9 29 18 15 10 34
30 2 12 25 23 7
8 27 14 19 16 35
11 36 24 4 17 31
5 13 9 29 21 20
35 1 15 7 16 1 3 26
17 1 33 27 37 1 4 30
31 19 14 28 34 21
18 32 11 5 24 12
10 25 1 23 36 8
6 22 33 2 14 21
7 18 27 32 31 13
34 12 11 26 15 8
4 29 23 6 28 37
17 5 3 36 19 25
20 30 22 24 10 16
1 35 31 2 9 6
5 37 34 11 7 33
18 14 26 20 23 17
24 32 35 13 25 29
22 1 36 28 12 19
21 10 9 27 16 4
2 15 3 30 8 5
35 26 36 33 24 37
32 6 10 19 11 9
17 21 13 15 1 23
22 8 29 20 7 31
25 27 12 34 3 14
28 4 2 16 18 30
37 35 10 21 31 5
12 33 23 29 19 32
1 2 16 26 34 24
15 18 20 6 36 27
11 17 25 9 22 7
8 3 4 14 28 13
30 6 21 36 34 32
16 25 20 31 33 15
37 13 3 10 2 17
22 23 28 27 5 35
14 30 29 1 26 11
19 7 8 24 4 18
9 35 17 12 16 37
