4 26 36 39 16 41
19 22 7 6 55 54
44 10 23 61 21 33
11 37 25 30 65 2
48 38 52 43 24 59
67 12 57 35 9 3
51 50 34 29 53 56
32 46 63 40 13 45
47 5 1 58 27 28
8 62 18 14 17 66
20 49 31 15 64 60
42 2 4 67 21 36
48 43 51 61 41 45
59 33 40 28 19 56
8 47 23 35 55 10
27 29 37 6 14 31
30 54 5 24 63 50
38 39 22 1 60 16
13 34 7 20 25 12
57 52 58 64 65 66
11 44 42 32 15 62
46 18 3 9 26 49
17 28 45 53 61 6
35 1 8 41 30 33 34
13 47 56 22 23 36
40 37 67 15 57 5
2 46 38 19 51 20
10 31 63 65 1 4
11 43 55 3 50 27
44 49 14 66 26 52
29 60 39 7 32 17
64 53 9 54 59 21
16 58 25 12 48 62
24 28 55 18 42 20
67 44 4 56 50 38
65 61 26 7 5 2
6 63 64 15 8 39
3 41 47 19 31 53
59 52 27 57 40 46
21 17 43 25 49 30
33 66 24 12 1 32
60 54 18 51 23 58
13 42 36 48 37 10
11 34 22 14 45 9
35 29 65 16 62 28
21 12 2 41 40 55
63 38 66 23 7 53
54 25 48 47 57 60
20 61 58 36 32 14
51 30 64 1 26 67
35 33 56 52 42 45
43 27 22 18 15 29
17 6 24 9 10 16
46 59 50 62 31 37
39 34 3 5 44 19
4 13 51 49 8 11
1 45 15 58 21 7
25 24 67 22 41 53
23 50 20 26 17 27
57 36 62 34 38 5
32 48 8 56 9 65
33 3 60 37 46 47
28 6 12 52 31 11
42 16 61 54 49 40
55 66 39 30 10 59
2 14 35 43 44 63
4 64 29 18 19 13
26 32 33 38 25 6
45 23 31 49 67 16
53 5 59 8 60 42
10 54 14 3 56 15
37 58 24 29 28 44
39 20 21 47 43 62
22 65 17 34 4 46
13 57 1 50 2 18
7 48 41 40 11 64
52 55 9 36 51 63
12 35 30 61 27 19
66 45 54 20 37 4
50 28 60 3 14 21
26 7 31 42 58 43
6 56 1 5 46 41
27 47 32 64 34 16
17 36 25 59 35 11
33 19 67 48 63 29
55 15 61 38 65 13
12 51 49 57 39 44
40 2 23 9 24 8
53 18 30 62 52 10
50 21 66 22 35 48
60 56 37 63 11 26
55 16 57 41 33 14
27 36 8 54 67 7
32 53 43 23 4 12
45 18 65 44 30 47
2 58 49 34 6 59
9 19 15 25 1 52
10 42 40 29 20 38
66 13 5 31 51 17
62 61 64 24 3 22
46 39 54 28 67 11
27 53 65 49 36 33
21 35 34 18 38 37
31 1 44 17 48 40
66 3 29 45 56 2
8 5 20 16 22 52
61 9 46 58 4 55
10 32 28 43 7 57
25 41 50 42 63 39
60 6 19 62 24 13
47 15 12 26 59 51
64 14 48 23 30 46
1 11 58 53 20 35
56 18 61 31 39 25
33 62 17 2 54 43
63 16 15 34 66 28
44 9 38 41 13 27
19 29 26 21 57 8
36 40 30 60 22 51
45 64 10 5 12 50
37 52 49 55 67 32
59 3 42 65 23 6
14 7 24 4 47 35
