31 33 30 40 47 22
29 28 7 35 58 36
12 41 14 55 8 16
24 54 23 46 6 20
44 52 51 38 49 13
17 48 26 39 27 2
25 1 34 4 50 3
57 42 56 11 18 32
5 45 43 10 9 21
37 19 53 30 15 59
14 46 33 49 39 41
16 4 22 24 52 29
2 3 8 23 38 57
51 10 56 17 47 54
9 31 55 13 25 27
21 15 26 42 28 12
58 40 32 20 59 50
7 11 36 43 44 53
19 1 35 37 5 18
6 49 48 34 45 55
3 16 1 39 30 1 21 42
50 14 17 52 57 31
38 22 27 28 43 54
32 24 26 7 51 1
34 37 36 41 9 47
58 15 25 11 2 5
48 35 20 10 53 12
8 46 45 18 40 29
23 4 19 44 56 33
59 13 14 30 26 6
27 41 43 15 51 3
42 5 9 55 20 22
53 39 29 32 31 54
50 2 49 7 10 8
38 59 56 34 16 33
36 46 19 21 25 52
40 13 11 35 17 24
44 57 47 1 12 6
45 4 37 23 58 28
18 54 15 9 48 7
53 36 42 27 50 46
59 33 11 13 29 10
22 3 1 56 14 40
6 31 58 19 8 43
55 52 18 26 47 23
45 39 57 16 35 51
21 20 24 2 44 34
49 5 4 41 30 48
17 12 37 25 32 38
28 59 10 1 55 46
54 13 52 3 42 58
31 24 2 56 36 45
16 7 21 27 48 40
12 23 39 5 22 34
41 11 50 26 38 19
15 32 35 47 14 4
28 9 30 8 17 44
43 29 20 57 37 49
51 25 18 33 6 53
31 7 41 42 23 59
47 16 46 3 19 5
58 27 9 14 24 38
30 34 10 57 36 32
29 55 21 15 56 50
39 18 13 4 43 12
22 8 51 48 11 37
6 2 40 52 53 28
35 26 25 54 44 49
33 20 1 45 17 15
5 23 16 32 50 13
29 51 42 19 34 14
56 30 11 46 12 9
10 18 44 37 3 31
49 53 17 22 21 58
33 40 4 36 26 55
8 27 52 59 45 35
47 38 6 20 7 39
48 28 24 25 57 41
43 1 16 2 54 30
