13 47 55 22 48 7
20 52 3 28 25 21
57 10 15 51 60 30
1 19 8 11 9 41
23 2 49 16 56 44
38 6 14 33 59 42
34 32 31 45 36 43
39 37 29 27 58 50
35 40 53 4 12 24
54 5 18 46 26 17
52 16 9 38 41 60
11 1 28 23 25 59
30 48 43 19 6 37
22 4 33 56 8 36
7 45 53 58 54 10
57 50 3 18 35 13
42 32 20 17 5 39
26 51 24 34 27 49
55 29 40 15 47 46
21 44 2 14 31 12
18 9 8 45 13 16
57 54 30 50 38 52
10 27 23 4 19 43
26 28 32 22 6 15
2 1 5 40 37 47
56 20 53 3 34 7
48 39 46 51 14 25
31 41 35 59 49 29
44 36 42 60 58 11
33 24 17 55 21 12
23 22 37 57 40 34
9 50 26 2 53 28
38 39 45 4 46 3
54 56 41 6 48 10
25 52 55 35 5 36
30 7 17 27 44 31
47 14 21 11 15 43
33 16 51 1 29 32
58 12 42 8 49 13
60 59 19 24 20 18
40 50 6 46 31 9
28 30 56 17 11 47
7 41 5 35 4 2
51 58 23 3 55 26
8 16 24 36 57 14
48 15 52 42 29 45
27 38 22 12 25 18
10 60 53 33 37 21
44 13 19 39 59 34
32 43 54 49 1 20
50 7 11 40 45 51
55 36 28 42 30 27
58 21 31 41 22 18
5 57 52 14 19 10
17 8 32 35 37 59
2 33 3 15 24 49
13 20 38 53 23 29
54 26 6 25 44 1
60 12 9 47 39 56
43 46 34 4 16 48
51 52 11 18 2 17
3 22 35 41 42 14
37 1 45 55 38 49
8 59 27 5 15 56
9 53 48 30 32 44
20 47 16 24 6 58
19 7 39 21 23 57
12 28 29 25 34 4
50 13 36 43 26 10
31 33 60 46 54 40
22 17 44 45 3 48
5 21 20 9 51 57
6 34 2 39 27 35
36 18 37 15 28 23
25 49 32 13 60 7
14 29 11 54 53 55
1 50 46 56 42 24
16 43 59 12 30 40
19 33 58 52 4 31
10 47 41 8 38 26
49 11 22 29 34 5
2 45 57 36 3 6
27 14 56 32 40 13
59 21 30 46 35 58
39 24 28 31 10 16
23 18 19 47 12 54
15 17 25 53 41 50
38 43 9 7 55 33
37 42 4 26 20 44
1 51 48 52 8 60
6 31 30 13 23 5
56 25 35 45 15 19
43 39 22 24 2 54
37 27 16 20 11 33
41 55 4 32 50 60
9 10 34 17 3 14
7 46 12 36 52 1
49 42 47 53 57 59
44 40 58 28 51 38
21 18 26 29 48 8
11 24 23 6 32 41
34 60 20 30 14 50
3 56 12 31 55 37
16 53 38 19 5 22
28 8 46 49 43 7
59 26 47 52 45 33
13 54 4 21 35 51
29 36 15 44 9 39
25 2 40 10 18 42
48 17 27 58 57 1
60 23 6 53 22 52
41 24 45 37 28 13
59 3 15 16 7 54
34 44 50 5 33 8
14 4 39 18 30 1
12 35 38 26 11 48
40 49 36 19 17 21
42 31 51 47 9 27
29 58 25 43 56 57
32 46 55 20 10 2
