68 27 24 22 73 74
4 35 46 28 25 37
48 51 36 63 10 26
69 9 65 72 49 56
16 64 47 31 67 53
29 17 55 23 44 32
12 71 19 38 5 66
39 14 33 50 52 54
60 43 11 59 13 6
30 41 3 61 62 57
20 34 21 40 58 8
15 2 18 7 1 70
42 25 9 36 45 17
26 68 14 44 65 4
69 63 50 12 16 35
46 5 39 64 27 10
24 30 49 55 6 28
58 3 71 54 67 13
34 72 40 70 51 31
8 59 48 42 15 23
74 2 29 21 43 61
33 41 56 11 45 38
62 66 53 22 18 60
52 57 32 47 37 7
73 30 1 20 19 10
69 1 40 59 46 24 1 44
16 29 72 13 14 5
12 3 31 11 8 26
74 65 15 17 58 53
7 42 61 34 39 55
71 22 25 52 33 2
6 51 66 35 45 73
9 50 21 28 38 32
68 20 64 18 43 36
27 1 67 23 37 62
19 56 48 70 4 57
63 47 41 49 60 54
25 6 10 8 74 72
73 33 69 40 17 28
45 44 71 53 50 20
51 61 38 27 18 58
13 15 30 56 37 68
1 49 12 64 59 34
26 42 60 29 70 52
43 31 63 19 62 9
2 23 47 65 24 35
55 5 54 11 21 4
46 22 7 67 48 41
32 36 16 3 39 66
14 40 6 57 71 1
20 12 62 29 56 28
35 10 34 18 9 44
73 21 52 64 15 63
37 41 2 17 72 26
60 7 58 23 30 33
22 13 45 8 4 39
27 55 3 50 65 48
51 11 57 68 16 46
67 70 25 66 24 43
69 47 74 38 14 42
53 61 49 5 32 19
31 54 37 36 59 73
27 35 17 71 8 60
9 11 64 30 48 29
56 44 7 25 3 51
4 72 15 33 12 47
18 24 42 32 63 13
58 10 62 2 55 16
1 54 69 45 26 61
14 57 22 49 31 20
52 28 5 43 34 65
39 19 59 21 68 67
53 38 70 6 46 36
50 66 23 41 74 40
48 60 25 61 73 12
17 22 1 51 47 29
24 32 11 15 34 71
62 26 13 21 7 49
28 70 45 58 63 68
72 38 43 35 57 39
31 18 50 56 23 46
65 6 16 41 20 42
5 74 33 3 9 59
36 67 19 44 69 2
37 64 8 55 66 14
40 53 4 30 52 27
54 17 38 10 7 24
49 71 23 70 16 73
57 29 18 59 25 65
39 21 6 48 69 31
62 8 5 47 68 50
41 36 35 1 13 52
19 28 51 74 54 64
63 56 34 66 2 27
61 58 44 72 11 22
45 32 30 14 46 12
10 33 37 42 53 43
67 55 15 26 40 9
4 60 24 3 20 69
