32 7 48 34 27 6
21 5 42 8 39 23
10 12 26 22 44 30
49 2 45 53 20 43
16 46 19 13 17 1
4 47 50 25 29 31
52 15 35 40 54 9
37 24 3 33 36 18
51 11 38 41 28 14
30 13 20 22 6 8
45 1 26 31 21 7
5 53 52 43 50 32
42 19 29 37 9 49
46 14 12 3 54 33
17 48 36 44 35 40
41 2 38 10 23 18
24 47 39 34 16 11
28 27 51 25 4 15
20 8 9 3 32 46
30 33 43 21 36 29
50 40 6 37 26 41
54 1 18 48 5 10
15 38 19 45 47 44
27 52 16 2 42 14
35 28 23 24 13 31
51 12 25 53 17 39
7 22 34 49 11 4
48 40 47 21 8 30
27 43 5 26 16 33
10 54 50 6 45 24
2 37 28 1 9 12
35 41 31 49 44 42
34 14 3 15 39 13
23 22 29 19 51 53
46 25 20 36 7 38
18 11 17 32 52 4
24 43 21 12 41 27
44 8 31 33 2 10
37 40 22 3 45 5
1 25 38 29 6 9
36 28 53 47 18 52
34 35 39 20 19 26
11 42 50 51 48 46
54 4 23 16 13 32
14 49 7 15 30 17
52 33 22 41 25 47
53 6 44 5 9 34
2 26 3 24 19 48
13 10 11 29 27 40
14 32 37 28 21 49
16 4 17 38 42 20
30 31 36 54 39 51
23 46 1 43 15 45
12 7 18 50 8 35
6 10 49 13 3 47
9 14 4 5 24 41
39 2 44 28 29 54
43 48 37 15 20 22
31 23 27 46 17 52
42 32 40 7 1 33
50 21 12 19 36 11
38 53 8 26 51 35
45 30 34 18 16 25
9 31 28 22 3 43
20 1 24 13 44 52
47 7 37 48 23 14
39 50 36 38 49 27
33 53 15 19 10 4
26 30 5 11 46 2
17 41 29 8 34 54
18 40 21 6 51 16
25 32 45 12 35 42
7 52 39 10 37 44
9 3 23 27 50 30
17 20 54 11 33 28
22 24 53 40 38 46
1 5 51 47 34 49
21 6 15 4 35 2
36 26 13 45 41 42
8 18 19 14 43 25
29 16 48 12 31 32
40 34 10 50 28 46
52 51 2 35 3 7
11 30 41 53 37 1
47 43 6 42 17 24
19 12 13 31 38 5
25 49 54 23 26 21
32 15 8 36 22 16
4 45 33 39 48 9
44 29 20 14 18 27
