17 50 33 49 68 10
5 25 20 3 62 43
9 19 52 2 24 16
7 31 57 69 13 4
12 44 37 40 60 53
14 28 64 59 29 8
67 46 6 27 48 58
26 71 18 30 66 21
39 51 32 36 34 55
23 41 63 11 42 47
22 15 1 38 45 65
13 54 61 35 70 56
26 28 24 62 6 37
16 29 66 12 36 10
59 21 27 53 68 20
23 7 44 46 52 3
42 54 25 15 55 67
18 31 64 1 58 19
30 40 51 11 49 38
70 8 17 48 41 4
9 57 63 60 33 39
47 5 56 22 32 50
45 61 71 14 69 2
68 34 43 65 35 46
13 42 12 1 8 1 19 51
48 3 31 1 36 18 60
38 53 56 17 23 5
64 49 21 62 45 9
55 24 30 43 10 14
63 37 66 67 4 44
33 6 47 54 35 16
59 34 58 7 61 11
32 15 70 28 1 71
69 50 52 65 29 25
20 2 41 39 26 22
57 27 45 8 40 3
5 51 68 44 14 9
4 7 15 21 6 23
55 43 59 52 47 66
31 60 46 41 10 54
70 22 30 34 19 37
48 42 40 35 64 32
2 36 57 28 49 67
16 58 53 50 25 26
65 56 12 63 71 20
29 39 11 18 17 62
33 69 27 24 13 38
43 9 61 42 37 1
67 51 26 64 10 23
6 52 35 14 20 60
34 54 45 66 48 50
58 8 69 56 63 68
49 27 19 41 32 29
57 5 24 15 12 59
28 25 36 22 17 61
18 33 2 40 65 7
46 71 62 47 38 31
1 11 53 3 13 55
44 30 39 16 70 21
52 26 49 4 56 34
37 18 23 27 63 25
14 58 54 32 38 40
60 66 65 5 8 11
20 16 48 15 61 31
62 68 7 53 30 42
19 4 39 45 47 28
50 43 70 36 69 64
71 55 29 33 57 44
9 59 13 10 67 22
12 46 17 6 1 2
41 21 35 51 3 24
61 62 40 19 63 15
58 64 5 37 33 52
53 66 31 70 14 49
32 65 13 16 45 17
38 48 12 43 26 7
60 4 51 25 59 22
67 2 47 29 1 68
69 23 28 35 55 9
20 24 8 44 18 54
46 21 42 11 50 57
10 27 3 71 39 34
56 36 6 30 41 59
45 35 63 31 5 29
66 7 20 17 9 40
52 12 67 61 32 18
10 1 69 21 62 48
56 3 28 51 46 33
26 44 36 27 65 42
30 60 15 58 2 13
23 22 71 54 43 49
50 19 38 8 39 55
64 47 4 24 53 34
68 14 16 57 37 41
25 11 10 6 70 45
62 22 35 66 12 27
54 9 3 29 30 26
24 59 65 39 23 48
4 18 14 42 56 50
13 40 41 71 52 5
43 11 32 2 44 31
37 53 36 8 15 46
19 67 60 21 17 69
49 16 1 7 28 63
47 57 70 51 20 58
68 38 55 61 64 6
34 33 8 25 31 12
