3 27 7 47 48 8
32 26 30 31 16 23
41 13 20 10 38 22
11 40 28 19 35 24
14 34 5 49 25 43
36 46 29 6 42 17
45 4 9 1 39 21
18 12 15 37 33 2
24 41 16 44 27 20
35 30 49 38 17 3
8 23 6 22 45 39
31 10 28 4 2 34
15 19 9 48 36 43
42 40 5 47 7 18
21 25 12 44 29 32
26 1 46 11 37 13
31 3 33 19 41 14
43 1 24 4 23 48 18 1
30 21 1 29 8 1 20 7
45 37 42 11 1 25 10
6 9 14 12 26 40
2 38 27 5 46 32
49 39 13 15 28 44
33 47 22 1 35 36
34 17 48 16 11 12
27 21 23 42 10 19
32 6 3 13 18 24
25 7 41 2 26 9
5 49 33 29 45 16
40 8 44 4 31 36
28 14 37 22 17 30
43 47 1 39 20 46
35 6 38 34 15 21
12 32 42 8 49 41
29 33 11 23 3 2
9 1 10 30 44 5
37 31 39 38 16 48
40 22 34 46 15 27
26 36 18 20 28 45
17 19 47 4 13 25
14 43 35 7 24 37
11 27 49 21 9 31
20 5 48 28 33 6
41 2 45 13 34 47
10 43 32 17 29 40
25 36 15 24 30 12
39 4 26 3 22 42
18 38 19 1 14 8
7 44 16 46 23 35
48 13 45 40 43 30
36 21 17 39 5 41
20 11 4 15 32 14
22 35 31 29 18 25
10 24 46 33 8 26
7 2 49 19 6 1
37 3 44 27 42 34
28 23 47 9 12 38
16 18 8 43 21 11

