1 71 49 51 38 30
61 10 73 18 56 8
60 47 66 27 20 34
40 70 64 35 36 43
59 48 50 19 2 68
21 65 72 32 14 11
3 22 52 12 7 25
16 62 31 63 42 6
24 55 26 39 33 4
28 54 15 69 46 17
58 13 23 44 57 5
37 29 53 41 67 45
68 9 35 71 32 22
21 34 36 73 16 19
52 6 24 48 64 10
12 2 39 72 42 1
20 28 30 33 7 23
5 66 59 18 70 65
26 58 45 31 50 3
27 4 46 43 61 53
54 44 38 55 9 29
51 40 67 47 63 57
8 11 37 25 69 62
14 13 41 56 49 15
17 72 24 60 31 71
27 35 70 1 50 39 1 28
55 34 1 61 23 1 20 12
3 1 66 33 21 9
42 5 69 4 48 30
36 41 10 11 47 38
16 26 2 51 13 37
29 56 59 22 60 62
57 43 14 52 17 19
32 18 49 58 46 67
6 45 54 7 73 40
25 68 44 63 15 64
65 8 71 53 12 26
48 23 56 21 35 3
38 28 31 66 37 57
47 50 32 4 52 29
61 2 5 14 36 60
67 72 73 20 25 59
11 7 16 44 24 1
49 17 8 45 27 68
10 40 55 15 30 62
46 41 70 22 19 42
63 43 39 13 53 9
64 58 33 65 51 54
34 18 71 6 69 44
4 3 73 49 57 60
30 67 2 35 52 8
46 47 37 56 55 7
29 23 28 40 63 11
20 16 9 70 58 14
53 62 54 72 34 50
48 36 22 39 51 66
38 27 18 19 64 12
59 32 33 43 15 31
42 45 17 13 65 25
68 24 21 41 5 6
69 61 1 26 10 63
71 57 56 2 54 70
38 40 48 8 46 72
34 59 51 35 11 4
42 33 52 18 53 60
62 12 13 28 73 41
64 30 21 26 22 47
39 19 20 5 15 45
24 25 58 36 29 27
9 65 7 31 49 61
3 17 44 37 10 32
66 69 68 23 43 16
55 6 14 50 1 67
5 34 63 22 33 72
57 18 35 24 29 20
54 39 13 8 59 47
19 4 25 9 56 40
64 3 16 61 71 41
53 6 11 66 30 58
70 60 38 32 45 69
37 23 15 1 73 27
62 67 7 17 26 48
12 31 51 44 14 46
65 28 52 36 68 55
50 21 43 10 49 42
2 11 22 6 20 3
72 19 29 13 66 61
41 25 27 33 48 57
70 53 69 73 24 51
30 14 40 39 37 18
60 9 46 23 26 36
1 8 32 28 64 34
71 55 63 45 59 21
67 68 4 31 54 10
15 42 35 7 38 58
43 44 47 2 62 65
56 12 50 17 16 5
49 70 34 52 39 23
