64 69 56 7 42 47
45 71 40 52 30 5
66 85 32 28 13 62
82 83 12 84 72 26
35 37 36 21 18 49
60 34 46 76 65 8
15 58 17 79 50 74
78 63 20 6 4 10
54 27 3 29 73 55
1 51 19 24 11 43
77 68 25 31 2 23
61 44 59 41 14 48
9 87 38 22 81 39
75 67 86 33 16 57
80 70 40 53 28 37
13 63 18 27 52 12
83 15 51 4 66 65
5 62 79 36 56 10
82 23 61 45 24 17
25 20 29 64 19 9
11 75 59 73 87 50
70 41 7 84 8 57
14 31 69 72 67 43
86 48 49 60 32 78
16 39 47 34 74 85
42 54 53 30 77 38
35 26 22 33 68 58
21 6 76 81 2 1
55 3 71 80 44 46
79 37 84 5 61 4
25 13 43 87 40 36
48 17 27 62 39 70
86 29 24 38 12 34
77 75 14 26 49 52
59 47 53 66 33 6
31 67 54 20 44 7
16 82 8 18 11 42
15 9 85 56 3 1
30 50 21 68 28 72
76 73 35 78 64 71
81 51 46 63 57 69
19 65 22 55 74 23
58 80 2 10 60 41
83 38 32 45 8 37
43 42 44 6 86 62
9 66 24 70 26 54
16 17 29 1 35 14
78 79 18 46 85 33
30 27 22 21 4 20
80 59 57 31 56 76
65 25 45 3 47 84
19 72 41 36 39 77
87 71 49 63 7 2
15 75 40 60 82 68
34 81 50 83 55 64
13 67 52 53 58 11
73 10 61 32 51 74
28 23 48 12 5 69
78 16 56 54 19 45
46 35 87 86 27 72
7 14 21 38 66 80
44 2 30 24 85 83
47 79 64 43 22 60
9 62 84 49 59 55
11 41 26 20 69 3
36 63 73 53 31 1
52 37 68 34 42 51
18 57 39 50 32 23
71 17 28 75 8 13
82 5 25 58 6 81
29 10 33 40 65 48
67 12 70 77 61 15
74 4 53 76 11 7
87 68 16 79 80 83
72 32 64 44 52 9
2 86 20 51 75 23
66 30 82 39 43 73
47 55 35 28 10 31
33 5 21 13 15 24
40 1 54 8 58 62
56 22 63 29 61 41
71 19 4 57 14 12
74 70 45 69 36 18
27 34 26 59 78 25
37 60 3 17 81 77
42 76 85 49 65 67
46 50 38 48 84 6
63 1 39 68 20 5
83 21 75 61 47 58
51 53 82 71 9 79
4 43 32 59 2 70
10 69 19 44 34 66
8 72 33 49 73 80
87 6 56 67 26 17
30 29 11 23 46 78
84 18 28 64 54 86
48 22 31 40 3 16
57 38 42 25 55 15
50 45 41 37 76 13
62 52 24 35 60 74
81 36 14 65 7 27
12 77 4 85 21 87
23 79 63 75 54 72
5 53 26 19 46 16
55 30 51 47 48 8
68 76 66 17 84 44
38 59 1 18 40 67
73 70 60 50 56 14
42 49 27 41 28 83
65 77 69 58 78 9
7 86 13 22 10 82
2 33 3 74 64 62
11 25 80 32 12 35
20 57 36 52 61 34
15 43 81 85 45 29
37 31 6 24 71 39
4 46 28 67 9 73
60 84 87 69 1 30
72 7 58 3 18 17
44 78 65 70 5 75
12 36 50 22 54 51
43 83 52 56 25 21
23 62 47 26 15 71
45 49 11 39 31 86
68 38 61 27 85 19
37 33 55 14 82 63
76 24 64 10 16 77
57 53 66 48 29 2
6 40 34 41 79 32
74 20 42 80 13 81
8 35 86 69 59 15
85 72 71 70 22 25
26 21 60 51 45 63
43 23 10 3 49 38
1 66 75 46 64 37
17 83 9 11 36 33
18 47 5 14 87 76
61 6 65 16 13 30
34 48 67 54 80 82
50 8 31 52 4 78
27 74 44 40 77 57
62 41 81 53 12 68
32 24 58 55 20 56
39 28 79 7 29 59
2 84 73 19 35 42
