45 7 2 47 43 12
14 52 11 6 25 35
48 22 21 1 9 24
54 8 33 31 30 34
38 17 23 10 55 27
16 19 56 49 18 3
46 37 4 20 28 39
51 42 15 41 40 32
50 44 26 36 57 29
7 13 52 53 5 9
38 21 25 47 33 56
14 27 2 16 22 54
30 39 46 19 55 42
8 24 45 17 36 1
40 11 49 48 29 20
26 5 6 37 12 50
43 41 23 34 35 28
53 13 32 44 31 18
51 3 10 4 15 57
30 19 11 1 1 21 1 40
37 16 38 48 1 45 42
36 6 9 20 34 41
32 31 47 22 29 5
56 57 44 7 46 35
55 14 15 28 12 53
8 2 13 50 4 51
18 54 24 23 25 26
33 39 27 49 10 52
43 31 3 6 30 17
45 35 55 9 48 7
22 28 19 38 57 34
54 36 12 56 4 42
5 20 21 44 16 53
46 10 32 8 47 11
52 18 50 49 15 17
25 37 40 2 3 23
29 41 24 13 39 14
27 1 43 26 51 33
22 35 10 19 54 20
57 18 30 11 38 9
21 6 55 40 5 8
37 49 56 24 13 34
42 28 44 26 2 17
31 41 25 45 27 50
53 51 29 33 12 48
1 16 7 39 23 15
3 46 14 32 43 36
4 47 22 52 26 40
57 10 28 21 45 13
51 56 41 30 53 37
50 33 11 42 24 7
8 23 20 5 43 19
29 55 54 3 52 1
34 14 44 18 47 39
6 48 2 27 15 46
12 49 38 35 36 31
9 17 25 32 4 16
40 42 53 24 43 57
56 20 30 23 14 45
2 1 29 18 10 6
12 7 22 41 49 8
35 27 38 21 32 39
28 50 47 54 9 3
13 26 31 55 11 16
4 19 33 15 44 48
34 17 5 25 46 51
36 7 14 52 37 21
27 9 28 29 56 8
39 3 45 11 53 26
15 1 20 13 42 47
46 34 12 40 50 16
17 18 35 33 22 37
25 48 5 10 30 36
24 31 52 2 51 19
41 44 4 43 38 55
57 32 49 23 6 54
15 34 37 11 21 29
42 8 22 3 25 13
9 26 10 14 40 31
39 50 43 48 56 18
47 53 36 19 23 27
55 32 33 20 2 57
12 52 30 44 24 46
5 45 1 35 4 49
16 6 51 28 38 7
41 11 48 17 54 21
