80 38 9 60 12 59
27 61 76 33 24 19
70 21 16 32 86 7
91 20 23 39 67 28
58 51 44 15 36 63
78 2 84 25 74 73
37 57 77 1 26 50
71 46 14 79 89 53
83 69 17 31 62 10
45 87 6 13 72 81
65 68 3 52 5 43
4 34 90 54 88 35
11 49 56 29 30 85
40 18 82 42 22 55
48 47 64 75 41 8
53 27 66 57 2 70
79 62 86 58 19 25
21 91 26 76 38 89
51 59 7 74 1 68
32 34 36 78 23 72
11 20 88 73 65 6
49 5 12 63 40 31
8 87 22 9 15 17
71 16 13 56 3 64
54 80 52 50 24 81
85 33 43 47 4 45
75 46 84 60 18 35
90 48 39 37 69 55
66 41 42 83 30 14
67 77 29 61 44 10
28 88 1 82 31 53
21 20 1 25 27 34 1 51
16 15 74 52 1 40 79
85 7 78 91 81 8
24 11 71 45 32 18
47 49 65 55 80 2
9 6 66 68 58 50
36 69 67 87 3 75
89 28 90 72 59 57
5 77 60 83 22 48
10 82 12 84 64 19
13 70 38 54 42 62
56 46 61 23 43 41
30 63 35 33 26 86
14 4 29 17 76 37
39 73 85 52 44 9
32 40 58 69 81 2
15 21 77 11 72 68
57 25 80 88 5 64
74 45 48 62 49 27
50 89 3 34 10 47
70 78 1 20 90 33
91 51 54 29 22 79
84 53 76 23 42 63
44 6 30 28 8 18
59 35 65 39 14 61
4 66 36 71 60 82
24 41 16 12 17 26
38 37 31 46 7 67
73 83 56 86 55 87
43 75 74 13 19 11
40 9 23 54 1 47
20 57 45 63 3 29
22 33 49 84 34 6
4 52 69 53 91 77
62 88 78 18 39 15
26 46 32 10 85 65
72 35 80 41 71 76
2 13 28 24 7 83
87 44 79 5 21 50
58 67 14 90 82 27
51 55 60 70 19 89
12 68 42 37 56 75
8 43 25 16 31 66
17 30 81 64 73 59
61 48 38 86 36 40
69 76 9 46 11 34
3 24 22 74 53 39
33 57 44 41 54 82
78 14 10 45 28 5
1 12 13 18 79 67
56 90 62 8 52 21
64 63 43 2 91 60
7 30 20 89 48 15
16 50 72 85 84 61
73 37 32 35 66 49
38 17 71 65 51 75
31 26 87 80 58 70
81 68 19 23 83 4
86 47 42 77 27 88
59 29 55 6 25 36
21 60 54 30 67 74
76 2 1 22 16 62
69 50 18 14 7 33
72 39 5 82 56 51
3 84 41 15 70 37
34 8 83 40 65 57
12 47 44 20 81 46
31 64 24 6 4 86
63 59 71 27 85 87
29 35 53 9 13 78
25 52 11 48 42 26
43 79 17 28 32 80
89 61 49 88 75 58
77 66 23 55 45 38
10 73 91 36 90 68
19 18 72 3 31 54
65 60 37 81 33 16
50 86 82 46 29 8
67 85 40 35 25 24
64 87 7 62 53 34
22 89 27 80 78 11
52 55 32 88 13 41
2 23 90 30 12 51
19 14 20 49 77 36
42 58 39 57 10 21
63 70 48 79 9 4
1 43 15 73 38 69
75 83 45 44 76 59
26 84 28 66 47 56
5 74 91 61 6 71
68 86 2 17 67 89
77 8 33 51 80 13
53 72 30 25 10 37
55 62 3 14 11 12
35 79 85 42 64 20
76 52 31 60 78 57
59 23 24 48 82 21
34 29 41 38 74 58
68 54 63 16 28 69
81 9 88 43 71 84
19 56 40 44 17 91
26 75 5 7 27 73
6 15 47 90 32 83
36 50 45 22 65 70
49 39 46 87 1 4
18 61 34 66 20 52
