61 63 68 45 30 58
3 24 64 47 15 20
48 51 57 46 23 41
2 36 42 8 28 38
5 17 66 21 31 7
39 59 54 25 9 6
32 19 34 33 53 62
1 14 65 40 18 12
49 16 4 35 55 22
29 60 26 13 56 52
67 37 43 11 27 50
47 31 10 45 44 48
32 8 39 30 23 1
33 40 4 7 57 38
68 13 2 24 41 59
64 52 61 50 35 51
17 36 43 19 67 6
20 34 49 10 54 28
15 26 46 44 66 58
16 3 37 42 29 9
12 65 5 62 56 55
60 53 25 21 63 14
20 27 18 11 22 41
15 1 8 31 19 1 26 51
28 45 13 1 1 1 52 67
55 33 29 54 24 58
63 46 38 35 64 37
50 39 36 66 34 14
6 16 27 40 48 32
5 49 68 57 47 9
53 11 65 59 7 60
12 44 61 23 17 3
18 30 42 43 4 25
62 22 2 56 10 21
45 57 66 27 55 13
52 58 36 9 16 31
7 3 35 1 39 24
25 11 17 64 33 26
8 30 46 60 12 10
38 54 41 47 50 19
22 23 15 53 34 5
28 21 29 18 59 44
51 4 6 65 2 37
49 40 67 63 42 62
56 61 20 14 32 43
48 38 55 68 3 8
34 9 30 41 26 27
44 64 19 22 13 12
17 50 57 24 60 28
16 63 1 2 5 11
32 67 59 10 58 4
65 66 15 68 33 42
20 29 53 39 51 40
31 62 45 54 37 14
18 6 47 46 52 7
61 25 35 36 48 56
38 43 23 21 49 65
66 41 53 16 28 12
42 1 22 17 51 58
62 6 8 3 50 20
37 44 63 57 39 56
19 25 45 49 46 29
52 43 40 59 15 5
60 35 32 18 68 31
27 7 10 23 36 64
13 24 34 4 9 61
14 55 47 30 11 33
54 2 21 26 67 48
29 65 8 41 17 32
19 7 68 56 50 16
38 5 22 60 61 39
15 12 36 4 45 11
27 49 54 53 2 44
9 21 33 20 1 46
66 24 48 30 62 52
55 10 51 28 43 63
37 40 34 58 25 47
13 23 59 14 35 42
67 31 3 64 18 57
26 56 53 6 38 45
7 29 50 22 48 63
46 68 17 4 34 52
47 54 16 43 13 60
35 20 30 67 65 44
2 18 23 19 55 40
33 59 27 62 51 3
36 32 28 26 37 5
11 15 9 57 61 8
58 14 49 41 64 6
24 12 21 42 31 39
10 1 38 25 66 16
32 5 50 3 45 2
43 62 26 68 29 23
56 7 54 51 30 15
58 39 19 52 27 65
40 28 11 31 13 46
25 14 24 22 8 67
63 47 17 59 20 66
6 57 12 34 35 21
33 37 18 61 10 49
9 48 64 4 42 53
55 41 60 44 36 1
26 3 14 65 19 63
12 2 52 57 20 25
39 16 62 15 17 18
43 58 35 8 53 7
50 21 13 36 49 30
31 59 56 34 46 55
1 4 28 29 47 27
51 44 11 38 32 24
67 45 9 23 60 33
41 42 10 5 6 61
64 22 40 66 68 54
48 19 13 37 15 1
