2 25 11 10 30 13
16 1 19 36 5 38
20 32 21 12 34 26
4 29 33 15 27 28
14 43 3 39 23 31
41 6 17 7 22 9
18 35 37 42 24 40
8 15 34 2 38 43
28 36 7 5 21 10
24 19 3 25 41 32
33 22 13 42 26 14
39 27 12 17 37 11
16 31 29 1 4 6
35 30 9 18 23 20
40 11 21 8 41 19
29 1 42 36 17 38 1 34
43 1 6 30 14 1 10 24
27 1 8 4 25 26 35
5 31 37 33 32 2
39 7 1 15 18 22
9 13 23 16 12 28
3 20 5 27 14 40
10 8 29 22 37 32
9 21 39 38 42 33
20 24 2 7 4 19
30 15 31 41 13 36
26 1 28 35 40 17
12 43 25 6 16 18
23 3 4 11 34 10
1 8 42 27 7 30
31 40 12 15 29 24
18 38 41 23 17 32
43 9 26 36 37 3
19 11 35 33 14 16
22 20 25 21 28 2
13 5 34 6 39 8
10 19 27 31 18 9
32 36 15 14 35 20
37 38 6 11 28 30
4 5 43 42 22 12
26 2 16 29 39 41
34 25 23 40 33 7
21 13 24 1 3 17
31 10 22 35 12 38
27 2 42 36 6 23
37 14 25 34 41 1
28 33 18 3 16 8
13 17 29 19 20 43
32 40 39 30 21 4
26 11 15 24 9 5
38 7 14 29 43 27

