63 33 60 7 23 19
4 58 57 24 42 32
47 31 16 37 20 41
56 62 27 1 55 18
9 11 30 34 64 3
53 40 65 8 15 28
6 39 5 21 25 46
52 45 43 26 22 17
48 29 2 36 50 61
44 59 49 38 51 54
35 10 14 12 56 13
53 39 9 7 58 60
63 46 26 20 64 8
37 11 34 52 29 65
40 57 16 54 48 18
50 43 25 62 4 33
51 47 35 17 10 36
22 19 21 15 14 49
41 32 23 1 13 45
44 6 28 27 61 31
2 55 24 5 3 59
38 17 30 42 39 12
65 1 18 20 33 1 35 9
10 1 37 51 40 45 58
32 48 47 11 43 6
49 46 55 50 28 53
15 24 61 56 63 34
13 4 7 30 2 44
29 26 27 57 38 19
41 64 52 8 14 5
21 60 12 59 16 1
22 54 42 36 31 25
23 35 40 62 3 46
7 50 47 27 34 15
17 11 5 57 56 20
65 12 37 61 49 18
48 58 44 22 55 41
64 6 42 52 62 24
33 3 45 38 8 36
32 60 14 2 54 26
29 25 9 23 51 21
19 28 63 39 4 1
53 43 31 16 30 10
13 27 46 11 59 42
54 7 64 50 37 3
61 25 60 45 57 35
12 36 20 44 24 19
56 9 21 31 52 38
16 17 34 58 13 8
47 26 1 33 53 48
10 59 4 23 6 15
65 41 2 51 63 62
43 14 29 39 40 49
18 5 30 28 32 22
55 45 54 46 19 47
26 38 4 58 37 35
10 8 11 21 62 7
25 65 56 60 44 53
5 42 28 33 29 16
40 1 24 50 30 22
27 52 39 20 2 23
36 9 63 59 32 55
61 41 3 43 15 17
31 49 6 13 57 64
51 34 48 14 18 12
45 21 50 42 44 65
23 24 39 35 16 11
36 7 59 26 40 41
8 1 56 43 49 2
3 53 32 19 27 51
28 20 34 25 10 38
30 12 57 47 63 52
58 18 46 29 31 15
5 54 62 9 61 13
55 33 14 37 17 6
10 22 48 4 60 64
59 19 8 30 47 56
18 38 50 63 41 11
31 5 26 62 34 39
20 33 61 32 21 40
2 35 22 6 53 29
64 23 58 54 12 28
15 13 51 60 52 55
46 44 37 57 9 43
25 1 17 24 65 7
16 14 27 4 36 45
3 42 10 49 48 63
6 20 62 60 30 29
12 2 11 55 40 31
35 15 44 64 1 33
34 21 4 17 41 54
19 36 43 65 5 58
49 7 52 46 16 32
28 56 59 45 48 37
3 47 13 18 26 25
57 8 50 39 51 22
42 61 38 14 23 53
24 27 33 9 65 10
