3 8 9 36 11 18
40 34 39 21 27 30
35 15 33 41 42 17
25 10 16 14 12 38
23 7 22 19 2 6
13 1 4 31 20 28
24 37 5 26 29 32
10 22 30 16 41 9
36 4 14 1 31 21
13 3 24 25 8 19
40 6 18 37 26 17
42 27 34 5 7 2
33 20 38 32 11 28
12 29 35 39 15 23
13 36 19 24 41 26
4 32 8 20 14 6
10 33 40 18 15 2
1 16 38 29 30 39
37 23 34 5 3 35
17 22 31 7 25 11
28 12 27 21 9 42
26 35 13 32 1 15
5 23 19 38 30 17
16 2 14 9 6 37
29 25 3 42 4 11
39 18 8 34 41 28
27 40 24 22 12 20
21 10 36 7 31 33
25 17 5 2 28 1
12 19 18 11 35 14
31 6 27 38 8 15
34 26 30 10 42 24
33 37 3 22 39 4
7 16 29 20 40 36
32 9 13 23 21 41
39 2 42 14 19 26
6 28 10 24 35 20
11 29 31 34 16 13
15 5 21 18 22 3
8 7 41 12 25 23
9 1 40 33 17 32
30 4 37 38 36 27
5 39 41 24 14 7
20 17 9 15 31 42
30 36 2 11 13 6
1 12 37 19 3 10
32 25 21 33 34 29
23 18 26 4 27 16
28 38 35 40 22 8
15 30 11 7 37 39
6 5 33 12 13 31
3 38 41 26 20 16
36 28 23 34 10 32
4 21 29 2 17 8
27 19 9 35 40 25
42 14 18 22 1 24
8 26 12 30 32 7
28 9 33 16 19 37
22 13 14 17 34 3
41 11 10 40 5 4
31 38 2 35 18 21
15 24 29 27 23 1
20 42 25 39 6 36
4 3 7 9 35 30
18 24 31 19 29 40
6 34 38 41 33 12
27 11 39 17 10 13
23 32 20 2 37 22
8 21 16 42 5 1
36 15 26 14 28 25
41 31 32 3 2 27
17 7 35 16 24 12
14 39 1 11 23 40
28 26 22 29 9 36
19 21 34 6 4 15
8 13 42 37 38 10
30 20 5 18 33 25

