37 26 34 60 29 15
14 63 72 7 54 48
67 56 38 51 58 9
45 17 1 71 68 46
13 8 32 69 44 18
2 66 10 47 42 59
49 33 53 11 39 64
55 22 25 16 62 4
31 30 61 24 65 41
20 5 21 50 27 43
6 70 40 36 52 57
19 35 12 28 3 23
54 14 11 10 68 58
47 17 26 64 63 13
15 8 2 39 32 53
60 5 50 65 62 1
22 43 29 6 7 31
9 44 42 12 21 45
35 46 52 48 67 18
57 19 49 66 16 34
4 61 70 27 20 51
36 3 59 24 72 37
30 33 23 38 40 55
41 69 71 28 56 25
62 68 35 47 8 12
21 64 60 14 67 31
66 29 50 11 4 18
53 3 42 13 7 70
44 1 24 54 22 33
23 58 37 61 69 49
56 65 27 19 17 52
16 39 41 5 45 40
2 46 59 36 25 51
6 72 55 26 71 20
63 28 15 38 10 57
32 43 48 9 34 30
64 23 14 62 70 22
39 1 7 35 37 67
8 59 40 49 50 3
52 33 47 20 54 46
36 66 28 53 60 44
34 6 12 65 61 13
17 42 71 38 58 29
31 32 55 45 48 10
18 26 57 43 41 4
69 15 21 24 11 19
30 56 51 16 5 72
27 9 68 2 25 63
46 36 29 12 49 65
37 1 38 32 66 6
42 52 60 40 35 22
54 69 43 64 55 3
23 67 61 44 57 45
5 47 11 70 71 9
31 16 25 58 15 50
24 4 13 39 14 56
59 19 53 30 63 20
28 51 21 8 48 17
34 27 62 72 10 26
7 2 68 41 18 33
61 38 11 52 40 31
23 13 16 1 36 54
66 63 45 29 70 65
57 69 30 35 42 50
10 39 62 51 44 19
72 22 3 21 47 18
46 53 6 58 41 27
4 71 37 48 2 64
55 34 67 8 24 28
15 43 26 68 59 56
25 32 5 33 12 14
20 49 9 60 17 7
11 16 69 63 6 39
50 38 36 19 61 47
29 2 30 1 52 64
68 57 70 55 21 10
25 53 66 56 35 54
17 12 43 67 72 41
22 15 13 5 48 49
42 31 46 34 8 4
32 26 24 51 23 7
18 40 14 9 37 28
71 60 27 33 59 44
58 45 65 62 20 3
53 48 68 50 67 69
19 54 5 17 31 2
41 51 52 49 21 1
38 39 34 18 70 12
25 7 10 6 30 60
65 4 72 15 32 35
44 3 16 26 46 14
22 11 8 43 20 36
33 9 62 57 13 59
42 56 63 61 37 55
27 47 28 45 29 23
64 71 58 40 66 24
70 51 60 15 18 54
31 12 22 26 53 69
44 14 20 2 34 35
48 1 56 3 57 11
29 10 37 8 41 5
58 13 47 59 28 30
7 55 66 40 27 17
32 65 64 16 68 42
33 36 63 4 21 67
52 50 9 72 23 39
45 24 49 25 6 38
71 62 19 43 46 61
11 60 58 13 55 2
48 65 40 47 44 29
12 51 57 37 64 27
30 26 39 21 14 66
59 4 7 69 45 52
72 19 70 1 25 8
61 9 17 3 15 33
10 18 16 53 24 71
67 54 6 62 5 42
23 49 35 43 31 63
20 50 56 46 28 32
68 38 41 22 34 36
14 13 51 29 55 19
37 30 44 70 11 17
54 59 25 57 61 39
63 52 48 60 12 24
10 64 69 46 9 72
18 27 36 56 31 62
21 7 38 65 2 16
3 6 5 68 28 4
35 45 8 26 58 33
41 20 15 42 23 66
67 49 22 71 50 32
1 40 47 34 43 53
