27 11 35 61 32 51
13 8 66 31 64 56
16 41 58 55 47 46
53 25 21 4 65 50
22 17 38 2 26 33
63 39 30 54 28 67
34 36 49 37 24 60
10 14 52 29 18 40
43 57 44 7 48 23
6 62 9 5 19 20
3 59 1 12 15 42
41 45 32 64 36 26
35 46 50 49 27 29
16 23 31 10 34 22
5 44 6 56 58 67
11 33 42 19 7 55
1 40 48 25 9 47
38 66 54 53 13 59
15 2 61 20 39 14
12 18 45 62 63 57
52 3 37 21 43 28
51 60 4 65 8 30
24 35 54 25 56 17
64 1 13 16 14 1 49 6
27 1 47 39 29 38 31
57 58 37 62 33 61
53 7 3 60 9 2
67 65 23 42 41 66
45 19 24 21 48 51
59 40 32 43 18 8
46 36 63 15 11 17
22 12 5 50 30 52
34 20 4 28 44 26
55 21 56 1 10 53
31 49 45 40 42 58
7 24 18 6 46 38
17 32 66 30 57 15
20 33 43 41 51 50
62 4 2 13 55 36
48 29 63 3 8 22
9 67 12 26 11 10
52 34 1 54 27 19
37 64 39 65 16 5
59 60 47 14 35 44
61 55 25 23 28 8
50 12 31 32 38 15
36 53 19 67 29 57
49 9 33 45 4 54
26 37 1 58 66 39
48 34 64 18 2 35
28 40 13 65 22 11
47 17 14 23 5 3
21 59 16 27 20 7
30 44 10 41 24 62
51 42 25 6 52 63
60 61 46 56 43 12
55 15 4 67 37 40
18 3 65 33 31 27
11 58 64 24 30 59
26 23 29 1 13 51
9 53 17 16 61 34
14 54 7 8 50 36
66 25 46 19 22 44
10 6 35 39 45 43
38 5 41 63 21 60
2 28 48 32 49 62
42 52 56 47 57 20
40 26 55 24 50 3
8 12 7 37 35 13
22 61 41 4 1 18
15 62 43 64 54 29
11 6 45 66 47 34
56 65 49 23 19 38
20 48 30 46 53 14
44 42 36 39 21 9
28 60 10 58 17 27
32 67 33 25 16 52
51 31 57 59 2 5
63 43 24 14 1 65
9 50 19 18 23 37
44 20 8 38 3 11
52 15 58 35 41 53
33 6 28 36 29 59
64 67 61 47 22 21
30 56 27 2 45 25
39 51 49 17 55 12
54 26 16 48 31 60
5 32 13 46 10 42
66 62 40 34 63 7
57 50 11 4 6 41
58 51 22 14 56 9
43 30 47 49 18 26
8 27 15 33 5 24
60 29 55 45 64 20
35 38 28 42 1 16
7 59 62 17 52 67
13 39 57 3 25 34
2 54 23 40 46 21
36 66 65 61 10 48
44 63 53 31 37 32
19 4 64 12 14 27
