26 2 15 22 17 20
36 23 3 9 10 31
6 14 25 33 11 13
27 12 21 16 29 37
28 24 19 5 30 1
18 4 32 8 7 34
35 2 21 33 12 25
27 28 14 9 24 23
11 15 17 7 3 26
16 10 20 34 30 18
1 32 6 37 35 36
29 19 31 5 4 13
25 27 8 22 26 33
32 12 28 6 37 3
10 5 14 11 24 21
13 9 29 16 8 15
18 1 17 31 4 34
19 30 23 35 22 7
20 36 32 28 9 2
29 25 10 27 13 15
8 33 30 14 35 4
24 36 31 3 22 11
16 1 12 7 23 2
26 21 34 20 19 5
6 17 9 10 37 18
11 7 36 30 29 4
12 2 34 13 14 19
15 20 35 24 33 16
3 28 1 25 22 18
31 37 26 32 21 8
23 5 17 36 27 6
9 34 35 2 3 29
10 11 28 20 31 12
5 7 24 1 26 8
18 15 33 27 23 32
30 14 22 37 13 17
4 16 6 19 21 25
29 1 23 11 20 18
33 10 32 3 27 5
22 34 16 26 6 24
35 31 13 4 17 12
37 30 7 14 9 21
2 36 19 25 15 28
8 11 5 17 16 27
9 3 12 21 20 1
19 34 37 31 7 33
2 25 30 10 8 6
15 22 24 32 29 35
26 18 14 36 28 4
23 33 37 13 16 3
12 35 11 15 19 9
18 6 7 25 24 20
22 4 8 21 23 10
30 31 27 1 34 36
29 5 26 14 32 2
13 28 7 17 35 3
1 25 37 15 36 10
4 9 27 31 2 22
33 6 20 28 8 29
21 18 13 30 32 26
24 17 14 19 16 11
23 12 22 34 5 25
13 26 10 7 1 9
2 20 4 24 37 27
34 29 11 28 35 16
21 31 5 6 15 30
32 3 19 14 8 23
17 33 36 12 18 29
4 21 15 34 6 28
27 10 22 35 19 1
7 25 16 17 32 31
8 13 24 12 36 30
3 14 33 23 26 20
37 11 9 5 18 2
