81 64 58 72 19 25
52 86 30 32 79 3
51 5 11 9 48 33
7 45 4 85 10 21
50 1 82 73 31 28
39 2 56 78 18 17
22 29 36 71 43 59
35 16 41 62 37 67
68 70 75 65 66 14
8 15 87 23 61 54
55 42 76 6 74 46
12 26 49 44 77 63
83 24 38 40 60 53
34 27 80 69 13 84
62 57 48 20 47 43
32 25 11 45 3 73
41 78 9 75 8 21
74 31 14 58 18 7
51 36 66 50 39 4
30 26 72 85 53 46
54 12 56 5 67 52
17 44 65 38 77 1
16 47 40 84 19 59
34 76 49 79 37 86
2 33 42 83 71 13
29 27 82 35 55 64
23 20 68 70 10 60
69 28 87 63 57 15
22 6 81 61 80 24
54 14 44 3 46 36
30 62 78 19 50 58
32 49 41 39 38 84
18 11 53 29 52 17
56 43 31 21 35 65
51 76 7 8 13 72
75 37 5 28 25 24
15 47 26 86 83 80
48 59 40 23 74 66
6 69 57 2 10 9
45 12 61 70 27 42
81 55 20 1 67 85
22 68 4 16 73 79
77 60 33 64 34 87
63 80 71 58 32 82
54 40 37 65 29 50
28 41 13 11 23 36
25 21 48 76 52 57
35 83 27 10 46 49
78 42 38 7 66 47
73 19 26 17 87 70
5 2 61 44 64 20
56 82 75 85 69 22
4 15 62 39 6 77
72 60 1 45 86 14
12 81 71 31 30 16
63 34 18 55 59 53
3 67 74 33 8 68
9 51 79 84 24 43
17 64 40 42 41 10
35 28 52 22 13 39
1 7 11 19 80 57
6 65 86 20 48 16
4 71 46 25 87 78
26 45 33 38 81 69
85 2 8 49 36 70
63 30 66 23 27 73
37 53 47 54 31 51
14 77 9 55 32 29
43 3 50 34 72 12
59 24 58 21 44 76
82 18 84 83 67 75
60 56 74 79 61 62
15 68 69 38 5 30
31 10 63 16 86 39
53 65 27 11 81 8
50 46 41 77 2 80
1 40 58 87 6 43
67 42 73 26 29 76
24 74 17 4 20 12
72 33 22 62 70 32
3 7 55 56 48 61
28 60 44 18 54 71
59 78 85 15 51 35
34 47 25 68 9 82
84 49 52 66 57 64
79 5 83 36 75 45
14 23 13 19 21 37
26 24 10 8 32 65
71 6 67 7 38 70
77 50 85 48 69 76
3 16 28 80 58 51
43 63 4 60 41 47
17 75 54 31 62 55
21 22 86 87 12 18
61 82 19 33 66 53
49 13 78 25 40 20
79 14 42 2 11 35
36 56 1 84 72 15
73 9 30 45 74 64
57 83 59 81 68 37
29 39 23 5 34 46
52 44 6 27 19 51
24 70 13 78 31 3
8 35 38 86 25 77
53 21 16 42 69 36
65 22 64 47 63 45
50 84 68 61 71 26
46 79 15 82 17 7
20 66 32 76 54 81
9 62 34 18 28 49
58 12 23 75 1 2
60 85 57 27 5 74
73 87 59 41 56 14
29 48 83 72 4 44
37 33 80 40 55 52
10 43 39 11 30 67
13 79 63 6 54 50
25 65 51 42 23 18
36 86 27 62 68 7
53 84 5 58 73 77
74 35 69 70 1 41
15 64 75 71 76 3
9 52 31 40 4 26
46 45 19 28 8 43
83 11 22 38 20 34
10 56 37 47 44 81
57 61 16 14 78 32
59 39 60 12 82 55
66 21 72 67 17 2
87 30 29 49 80 48
33 85 19 24 9 63
27 20 79 41 26 31
7 75 34 40 81 35
53 15 10 74 50 25
13 38 73 46 57 12
32 36 6 37 17 60
64 14 67 48 51 22
80 4 54 2 59 45
24 23 77 47 72 56
16 70 18 82 76 5
43 58 55 42 49 68
61 29 33 30 28 21
66 52 8 71 1 62
87 3 83 39 65 85
44 84 78 86 11 69
31 32 19 48 34 2
80 18 35 36 73 24
67 77 40 57 45 79
49 7 50 33 16 23
75 72 61 52 59 10
60 58 65 13 15 29
76 1 27 47 9 39
21 62 38 5 3 81
43 82 74 26 78 54
20 87 84 37 42 30
69 63 8 14 83 17
55 25 44 41 22 66
12 11 28 64 85 6
86 71 70 4 53 56
68 46 21 51 40 32
81 73 2 52 43 15
36 58 31 67 61 9
48 50 42 27 75 24
59 18 25 1 33 20
64 39 80 79 8 23
70 54 77 30 7 83
82 51 86 57 41 29
66 26 34 56 16 6
19 49 3 69 4 60
65 55 38 78 72 28
46 37 11 74 22 63
47 17 71 13 85 5
76 84 62 10 14 12
44 35 45 68 53 87
