38 20 6 43 17 22
42 32 33 12 4 47
5 36 25 11 31 37
34 10 26 52 15 7
19 21 41 40 54 2
27 28 14 9 8 30
39 18 1 49 29 24
16 51 13 44 50 48
3 23 45 53 35 46
11 19 15 47 31 38
28 26 6 54 12 20
41 37 24 17 42 14
18 9 4 25 22 52
32 29 51 7 53 27
33 45 21 50 10 16
2 5 39 43 3 48
23 49 13 8 40 34
1 30 35 36 44 46
15 51 41 18 19 20
10 17 9 16 11 32
54 24 48 33 38 53
45 8 37 26 43 40
12 22 44 47 49 5
31 2 7 35 28 23
30 46 4 29 21 34
27 25 50 36 42 39
14 3 52 1 13 6
38 49 16 5 53 41
47 7 8 48 45 17
43 32 21 22 34 11
4 10 20 24 2 36
14 12 35 19 25 39
30 18 31 33 13 26
40 23 1 15 50 9
28 46 29 6 37 51
27 52 42 3 44 54
38 39 11 2 4 8
21 20 53 13 14 31
41 1 9 12 7 43
46 26 16 22 24 19
10 47 54 25 51 23
6 45 29 44 15 42
35 48 34 37 27 18
3 50 49 32 30 17
52 33 36 40 5 28
39 47 13 46 41 10
51 8 44 31 9 24
15 27 43 14 16 4
37 23 12 45 38 18
11 35 50 29 54 22
7 25 40 20 5 3
42 48 49 21 26 36
53 32 2 6 52 30
17 34 19 28 33 1
24 11 27 45 13 15
18 40 46 7 14 38
26 12 3 51 4 50
5 30 21 35 6 47
22 53 42 8 1 10
44 41 32 48 28 25
34 31 54 16 39 17
36 29 43 19 52 23
20 2 33 49 9 37
4 42 38 13 7 35
48 40 22 30 24 12
8 54 5 46 15 32
50 43 28 53 18 47
2 16 25 26 1 29
31 6 19 49 27 10
9 34 3 41 36 45
20 14 11 23 33 44
37 17 52 21 39 51
