42 33 29 24 40 32
41 46 21 2 49 14
25 34 30 43 36 11
31 8 45 7 38 28
22 10 12 3 44 47
23 35 48 37 9 19
20 5 15 1 26 4
27 13 17 6 18 16
39 28 11 33 3 24
9 2 25 42 34 22
35 14 47 36 5 31
6 8 23 4 16 12
27 40 7 20 41 48
21 29 45 13 44 43
38 10 26 49 17 18
46 30 32 1 19 39
36 37 33 15 7 8
45 25 5 9 31 1 27
40 42 16 43 21 3
29 41 1 17 34 10
44 32 49 13 14 24
19 47 23 38 11 4
2 20 12 39 30 35
46 48 37 28 22 26
15 25 18 29 6 44
3 34 38 33 8 14
21 16 9 10 7 20
26 11 12 40 45 22
13 15 31 24 23 46
2 37 30 17 42 47
48 28 36 1 18 5
19 4 43 49 27 41
32 39 26 6 35 21
47 16 46 25 33 40
20 44 22 28 23 31
10 36 13 11 48 19
32 4 5 41 12 37
7 24 18 43 35 34
42 1 8 6 39 14
30 17 15 45 9 49
38 27 2 3 29 20
43 41 10 37 31 24
16 19 34 44 42 26
32 13 35 22 4 17
14 11 27 12 39 15
28 21 40 36 25 38
7 45 1 23 2 3
29 5 9 46 33 6
8 48 18 47 49 30
25 14 41 35 28 10
24 1 11 38 12 21
46 2 22 16 36 32
4 31 6 48 40 34
5 43 17 39 44 8
18 3 19 45 37 15
7 23 9 26 47 29
13 49 42 33 20 27
30 24 41 8 22 16
45 12 34 48 32 21
40 18 23 17 9 39
49 29 28 11 31 42
47 6 36 37 43 20
30 38 44 35 46 27
26 7 3 1 25 13
15 2 4 5 14 10
33 47 41 19 6 45
31 39 16 32 38 37
27 43 24 23 26 36
11 3 17 48 5 44
19 22 29 21 20 14
34 13 4 9 28 30
18 10 42 12 46 7
35 49 8 15 40 1
25 26 48 2 33 39
36 3 9 44 41 31
5 38 6 22 30 7
11 47 37 34 27 1
18 35 33 21 42 23
12 32 28 49 15 43
40 8 13 10 19 2
4 24 20 17 46 25
14 29 48 16 45 35
22 1 33 18 31 43
41 15 42 47 13 38
20 9 46 8 32 11
10 27 6 28 24 2
34 21 49 16 23 5
14 37 44 26 30 40
3 45 39 4 36 29
12 17 19 31 7 25

