8 37 34 13 14 10
39 41 23 15 4 36
22 19 26 24 28 16
3 12 31 21 42 7
33 5 32 2 18 40
35 1 29 9 25 30
17 11 20 38 6 27
23 18 15 21 3 19
36 41 30 2 7 25
24 11 5 37 33 10
17 16 31 39 32 9
34 1 38 6 40 22
29 4 27 35 42 26
12 13 28 14 8 20
22 37 32 31 18 7
21 4 16 17 40 35
33 9 38 36 42 5
19 2 11 34 26 23
30 10 8 20 27 39
41 12 1 24 13 3
14 15 6 25 28 29
37 21 26 35 8 33
27 12 16 32 4 13
5 22 25 30 6 19
38 39 18 14 29 41
11 23 7 1 24 31
10 36 40 20 9 3
42 2 28 17 15 34
29 24 23 38 21 12
3 14 39 6 33 26
7 34 16 18 17 25
30 42 15 20 13 37
40 5 1 27 19 8
28 35 36 41 31 11
10 2 32 9 22 4
1 27 13 33 29 15
12 25 37 40 26 38
16 39 2 18 20 42
24 32 35 30 3 28
4 17 5 11 14 36
9 23 21 8 7 22
41 10 6 19 34 31
18 14 12 27 11 15
8 17 42 3 23 22
20 26 30 41 34 9
7 24 33 10 35 25
29 31 13 5 2 38
39 19 4 28 1 37
6 36 21 16 32 40
3 27 7 2 24 34
31 30 33 12 20 4
5 37 41 23 16 6
40 11 8 29 39 17
42 38 32 14 35 19
13 25 21 18 28 10
26 9 36 15 22 1
42 19 40 7 30 14
4 8 2 25 39 24
28 34 27 38 36 37
13 35 9 5 6 18
21 15 20 32 1 11
31 23 10 16 26 29
33 3 41 12 22 17
25 6 11 24 9 42
26 7 28 13 5 39
27 37 14 22 41 21
15 31 35 40 33 23
2 3 17 19 10 1
4 18 30 16 38 8
34 36 20 32 29 12
10 27 9 19 28 33
22 30 13 11 21 39
7 38 17 26 15 8
32 25 3 23 20 5
1 16 18 42 31 14
34 40 29 4 41 24
37 6 35 36 12 2
25 20 19 31 21 27
15 38 3 11 16 10
39 22 34 35 5 12
1 33 42 8 32 41
9 29 6 37 7 4
26 17 24 36 13 18
28 40 14 23 30 2

