18 67 26 49 9 13
2 65 74 58 75 81
33 38 54 70 11 14
27 6 19 5 1 8
50 59 23 10 73 39
80 46 43 22 32 40
42 4 69 16 64 78
15 63 76 17 61 62
72 51 48 44 60 55
12 24 77 3 36 29
52 47 79 68 30 41
25 56 35 34 31 53
21 28 20 57 66 37
71 45 58 7 10 67
4 74 14 40 19 17
15 1 75 43 39 23
9 81 78 38 64 27
72 13 8 69 54 63
47 11 59 48 80 2
33 65 20 42 77 21
31 66 5 41 55 29
24 68 46 25 45 61
44 37 62 30 34 12
18 60 35 71 6 28
36 70 26 32 57 53
49 3 50 76 22 52
73 79 7 51 56 16
4 64 40 33 39 41
1 20 24 67 72 81
45 12 66 13 34 42
80 74 18 48 63 23
30 38 57 61 35 59
77 75 11 44 27 69
78 2 3 37 79 60
53 62 19 54 7 49
73 52 70 9 46 17
25 43 36 51 47 65
50 21 71 31 68 8
6 10 26 22 55 14
56 28 58 16 29 76
32 15 18 5 79 4
3 1 13 35 74 20
23 24 33 7 57 9
27 40 53 61 66 2
63 42 37 31 52 77
60 67 30 21 46 65
76 26 81 68 69 6
32 58 25 54 48 64
47 45 5 75 50 70
41 36 10 11 56 49
29 19 38 22 44 73
34 62 43 55 28 80
14 17 71 72 16 39
12 59 51 8 78 15
66 6 77 4 23 25
24 27 48 50 33 52
18 10 54 40 42 47
13 2 46 41 1 7
19 73 65 26 62 45
20 49 17 56 43 30
53 29 71 69 80 15
37 28 51 14 81 63
31 44 79 70 59 58
39 55 78 36 32 68
3 67 64 34 75 38
60 9 22 61 12 16
11 72 5 35 21 76
8 57 45 74 52 56
73 2 25 63 30 33
79 53 1 10 50 62
59 54 20 36 4 51
28 27 29 17 13 68
38 65 32 16 31 15
47 19 37 71 76 9
12 14 75 46 57 48
74 34 64 60 5 21
39 7 66 81 18 44
23 69 35 40 55 67
80 8 58 42 3 26
78 41 11 24 43 22
49 77 61 70 72 6
75 17 33 10 53 51
34 14 9 2 36 1
44 63 68 64 65 57
46 69 60 38 56 47
66 79 55 54 12 74
43 13 50 37 58 4
49 30 8 11 40 31
28 22 7 25 5 77
48 41 6 20 15 73
45 16 67 76 18 27
32 26 21 59 52 71
61 3 72 23 78 19
35 42 70 62 39 24
81 60 57 29 80 10
8 47 22 13 33 55
68 40 34 15 77 48
9 44 43 53 45 74
6 21 63 75 41 16
28 23 54 26 46 31
4 38 49 2 71 24
3 37 59 65 70 7
30 27 62 58 51 14
76 73 1 78 25 66
67 32 56 42 72 12
64 29 17 18 11 50
52 61 39 69 20 5
35 81 80 19 36 79
68 16 74 59 33 49
7 26 4 63 60 38
40 25 13 62 78 21
28 76 34 75 32 24
57 22 15 58 47 72
14 53 41 23 8 18
39 9 6 79 29 65
46 42 44 69 50 36
64 10 52 12 35 2
20 70 31 27 80 73
77 17 45 54 81 5
55 61 11 56 37 1
48 71 30 66 43 3
67 51 25 19 39 57
26 33 72 29 62 46
13 24 16 8 44 10
7 35 75 9 4 68
53 59 42 6 76 60
63 58 40 11 20 12
78 5 65 71 23 56
15 74 70 64 30 28
47 73 61 81 49 34
36 22 37 17 48 67
1 18 52 77 38 80
43 69 45 21 14 79
2 50 31 19 51 66
55 54 32 41 3 27
56 5 40 24 26 59
65 4 12 73 53 28
70 48 10 29 78 63
39 76 36 30 7 13
80 25 72 37 8 75
62 68 2 20 18 22
51 41 50 74 61 38
77 16 19 46 64 55
81 11 42 15 9 3
52 54 43 6 67 33
57 34 23 79 71 27
66 14 69 58 49 35
32 17 44 1 21 47
60 31 36 45 40 75
55 8 76 38 20 39
16 63 46 5 53 3
65 30 80 50 24 54
10 2 9 72 77 43
33 37 69 59 19 18
61 71 64 14 13 73
27 12 31 74 7 47
67 15 41 26 25 44
79 49 42 1 48 28
51 23 29 45 35 32
57 58 78 17 6 34
62 66 11 52 68 60
21 56 81 22 70 4
