45 4 40 27 8 64
5 34 37 17 58 19
56 50 46 28 30 10
32 47 2 14 42 60
22 53 29 20 65 49
39 55 11 38 24 9
61 21 31 7 36 52
54 3 62 43 33 6
15 1 57 23 44 16
63 12 18 41 51 35
13 26 25 59 56 48
52 19 42 9 64 20
45 60 5 31 6 10
24 65 32 40 61 17
53 62 23 12 37 30
18 4 33 14 38 36
16 48 43 41 46 39
35 7 55 57 3 59
63 54 8 11 49 47
44 21 58 26 28 22
50 51 13 15 29 2
1 25 42 18 27 34
57 41 1 37 3 1 9 32
40 39 5 47 12 7
16 8 36 35 62 26
29 17 52 22 59 46
10 1 14 55 54 28
49 60 6 50 4 21
20 31 13 58 27 63
19 61 11 33 15 53
38 23 48 65 2 45
64 24 44 51 25 30
37 56 43 7 34 29
28 49 52 47 13 41
21 40 15 10 53 59
3 58 50 1 36 45
6 19 2 22 27 12
24 14 26 63 43 23
33 9 51 8 32 34
5 46 61 25 57 62
48 44 20 4 35 11
65 16 64 60 55 18
54 17 39 56 42 31
30 41 59 38 8 1
62 29 24 45 28 19
34 22 47 35 10 61
33 37 60 52 48 15
2 20 25 3 39 21
26 31 12 64 57 38
11 32 18 6 23 56
42 43 65 30 13 4
53 5 27 50 44 54
7 16 14 58 9 49
36 63 51 55 46 40
17 20 28 8 23 60
48 30 47 12 29 21
13 22 45 54 18 57
14 65 35 31 37 50
56 55 27 43 61 49
2 11 62 40 52 58
6 41 64 34 15 24
51 38 3 42 16 5
59 39 36 44 32 19
9 53 4 46 26 1
25 10 7 17 63 33
30 40 57 34 14 20
55 50 8 42 48 22
29 58 61 23 64 39
4 52 32 12 45 16
46 38 35 19 7 54
36 47 25 37 6 53
28 59 31 43 2 51
27 10 41 65 11 26
9 60 56 62 63 44
13 33 1 21 5 24
49 15 17 18 3 30
16 59 54 61 20 50
19 41 23 4 25 55
32 28 7 48 64 53
39 35 63 1 52 6
49 26 42 46 45 33
60 34 12 11 13 3
27 21 38 62 17 14
15 22 9 5 36 43
57 47 56 58 51 65
2 18 10 37 24 8
29 40 3 44 31 41
