33 11 8 45 34 6
16 24 25 17 46 44
1 3 30 41 13 21
42 12 31 19 40 29
20 2 23 7 35 4
5 32 43 9 15 14
18 36 47 10 26 28
37 22 27 38 39 7
8 2 6 15 44 41
5 20 9 46 34 24
40 36 37 35 16 1
13 43 12 23 27 45
42 21 19 28 32 47
25 38 17 18 14 29
26 11 39 31 4 3
30 10 9 22 33 35
14 1 28 27 24 1 20 6
1 1 13 18 19 8 38 1
40 7 26 1 43 39 44
21 12 5 30 17 31
32 37 34 10 42 29
41 22 11 23 15 16
3 36 25 47 45 33
2 4 26 46 5 29
32 31 14 28 35 20
34 41 1 22 43 36
3 10 8 44 27 2
23 40 24 6 30 18
15 42 39 7 25 13
37 45 17 4 11 47
33 16 38 12 9 19
46 15 20 1 21 36
4 40 42 14 8 41
47 7 24 31 23 33
6 19 25 43 26 37
9 38 18 2 3 11
45 22 5 35 21 10
39 46 28 12 34 17
44 29 32 13 30 27
7 14 33 18 16 41
19 37 23 8 5 36
44 38 21 34 43 4
26 13 9 17 20 10
39 47 35 29 24 15
22 30 28 11 25 27
3 32 45 12 46 40
1 6 42 31 2 16
43 35 30 47 17 8
25 21 15 27 9 40
4 14 6 36 29 12
33 34 2 13 37 3
24 18 22 26 42 32
41 23 38 31 28 44
11 7 10 19 1 46
20 16 45 5 39 2
38 35 36 42 44 30
41 24 37 15 18 12
25 5 4 32 6 13
16 27 26 34 23 21
17 40 22 20 19 3
29 9 28 45 8 7
10 31 46 43 14 11
39 33 32 47 1 23
35 3 34 7 41 19
24 12 2 10 43 25
29 30 20 37 9 16
27 1 15 17 28 4
6 47 46 13 38 22
11 44 40 26 33 5
8 31 18 36 45 39
14 42 23 21 6 3
16 17 7 32 10 38
12 44 8 20 47 22
11 5 35 1 25 39
2 13 40 28 36 24
21 29 43 37 18 33
45 46 26 27 41 42
34 19 31 30 4 15
9 23 44 14 37 1
29 8 13 24 11 21
27 47 34 40 18 5
33 15 10 38 20 42
35 26 17 6 7 12
30 39 19 46 2 14
36 41 31 9 25 32
3 28 43 22 4 16
14 45 38 24 1 26

