7 12 32 26 20 30
2 17 6 36 9 14
3 28 33 1 25 15
13 10 16 27 5 31
23 19 4 11 24 22
29 37 34 18 8 35
16 9 21 12 14 3
36 2 13 1 19 11
22 18 7 31 15 28
32 6 10 23 33 35
25 8 24 5 26 17
34 21 30 4 27 37
32 20 23 18 29 1
17 3 25 1 31 1 12 13
27 1 36 34 9 35 26
22 5 33 2 21 37
30 7 6 28 10 19
16 14 15 29 4 11
31 24 35 20 3 8
13 33 37 28 32 9
26 27 18 22 14 19
7 15 20 21 36 25
17 34 4 10 1 5
2 23 29 24 30 16
6 8 27 12 11 25
35 4 21 13 18 28
14 17 7 34 16 23
31 26 19 32 29 33
36 20 37 24 10 12
11 6 5 30 3 22
9 1 2 26 15 8
14 23 13 20 25 4
33 30 11 35 7 36
37 22 12 34 31 1
21 28 6 17 29 8
18 32 3 27 2 24
15 9 10 19 16 5
7 26 29 4 13 22
3 37 31 6 36 23
27 35 12 15 2 5
25 16 28 19 34 32
11 18 20 33 17 9
8 1 21 10 30 14
24 23 15 6 13 34
5 28 29 20 12 2
19 35 25 21 31 17
8 22 36 4 32 16
1 27 14 33 24 7
26 11 3 37 18 10
30 4 2 9 31 25
16 22 1 35 6 20
12 5 36 14 33 18
8 19 9 23 7 27
15 13 17 37 32 30
28 34 26 3 21 24
10 11 31 29 25 27
