27 13 18 8 44 23
37 36 7 40 3 4
14 22 41 29 16 31
9 21 28 32 2 10
5 25 1 15 20 26
17 12 24 19 35 38
6 45 30 43 33 39
34 3 42 11 21 29
38 28 10 20 36 27
12 19 45 32 25 18
6 16 5 23 13 11
2 4 14 35 40 1
26 41 44 7 30 15
22 43 31 37 9 34
8 17 33 42 39 24
10 36 1 21 29 1 5 26
1 1 19 9 3 6 20
11 4 22 15 45 38
25 8 16 7 35 2
30 17 23 14 34 31
33 24 40 43 12 44
18 39 37 28 41 32
13 42 5 22 27 30
43 34 4 19 25 23
39 14 15 29 2 3
24 18 45 8 1 10
40 21 41 17 13 6
44 38 20 26 31 35
11 27 37 36 12 9
32 7 42 28 16 33
15 22 25 18 21 6
14 5 9 24 38 8
41 13 20 27 34 33
17 45 36 26 28 2
40 19 7 35 23 42
29 32 39 10 43 11
44 30 16 1 3 12
31 37 6 4 18 8
33 2 13 38 42 26
5 32 36 29 40 22
27 28 43 16 15 35
23 14 12 45 20 37
3 30 25 10 41 17
21 19 4 9 11 44
31 1 24 34 39 7
26 8 22 43 14 17
28 36 29 13 44 19
21 20 2 18 31 11
12 35 34 39 6 10
41 7 3 45 4 5
15 24 23 30 1 32
38 33 25 40 37 16
42 27 29 4 17 9
2 6 43 7 44 14
37 38 1 13 39 21
12 5 15 45 31 42
36 26 34 16 9 18
3 10 35 33 23 22
24 11 32 25 27 41
8 30 40 28 20 19
44 15 1 42 37 17
22 10 13 7 12 4
35 8 27 3 45 21
39 9 31 25 40 28
20 43 18 41 5 38
16 23 2 30 29 24
36 11 19 33 14 26
34 6 44 45 43 32
30 18 35 9 29 7
1 17 28 5 33 11
21 26 12 23 4 39
32 3 14 38 31 13
34 41 8 36 15 40
10 16 27 19 2 37
22 42 6 20 24 25
4 29 33 14 8 28
9 23 38 41 15 19
2 44 39 5 22 34
35 11 45 13 37 30
31 10 36 1 42 43
18 26 40 27 24 3
20 7 16 17 32 21
12 25 29 6 1 36

