18 44 7 23 19 26
13 31 32 8 28 27
34 1 5 42 9 24
22 33 4 12 3 37
40 2 14 36 39 38
10 20 21 15 25 16
43 30 29 6 35 11
17 40 18 33 13 41
39 8 26 38 4 1
36 37 43 5 27 9
14 20 30 10 34 44
29 41 11 12 22 21
31 6 23 3 24 2
42 16 35 32 7 15
25 19 39 28 12 17
3 1 21 9 2 1 13 10
31 41 16 44 23 4
6 15 27 34 19 8
35 38 7 5 43 17
20 26 25 29 37 40
11 30 28 1 14 33
22 24 36 42 18 32
9 41 12 7 20 8
37 35 34 23 28 40
38 3 15 11 18 1
32 4 39 43 44 21
22 25 5 30 31 19
24 33 10 2 36 29
14 6 42 16 26 13
17 1 20 27 22 31
2 21 18 43 28 34
30 15 24 13 4 12
38 27 16 25 9 33
19 5 29 23 32 14
11 7 37 39 10 6
40 3 42 44 8 17
36 12 26 41 35 43
33 29 23 9 15 39
8 40 38 30 22 7
28 10 18 4 42 20
19 11 13 35 36 31
21 17 27 26 14 24
41 32 25 3 34 6
16 44 1 37 2 5
15 14 22 26 31 43
39 23 41 27 42 30
35 2 44 25 38 10
7 34 36 4 29 3
16 9 28 24 11 40
1 37 13 12 32 19
8 21 6 5 18 33
20 23 34 17 11 38
1 43 19 40 10 41
27 29 12 18 16 3
26 17 32 9 30 2
31 7 42 21 33 37
4 24 8 14 25 35
44 36 15 28 6 22
13 5 3 20 39 2

