15 16 8 5 32 11
19 38 40 2 43 6
22 35 45 17 44 13
23 36 29 41 3 1
30 27 12 10 7 9
37 14 4 20 18 28
34 24 26 21 25 39
30 10 33 42 17 31
38 11 20 9 1 14
18 26 13 44 40 12
45 36 27 31 32 25
23 5 6 21 3 4
29 7 8 33 2 19
28 42 35 41 34 15
39 16 24 43 22 37
25 36 8 4 17 38
21 30 44 40 41 28
34 45 5 43 26 9
19 31 3 15 32 18
11 37 27 29 13 33
35 1 10 6 22 24
39 2 23 16 14 20
7 13 12 42 21 38
33 6 11 41 30 43
35 3 29 8 10 14
34 9 19 16 23 17
25 20 2 15 12 36
22 42 32 44 4 26
1 18 37 45 39 7
28 31 24 5 40 27
38 29 25 42 44 16
26 14 33 36 19 1
41 6 4 39 27 31
13 30 32 18 24 23
17 43 3 7 28 21
40 15 10 45 20 8
22 5 12 11 34 2
37 9 21 32 35 41
43 27 42 14 36 18
24 19 7 11 4 45
20 29 5 25 35 30
40 26 31 12 34 3
28 16 13 1 8 6
2 15 44 33 39 9
10 17 22 38 23 37
34 13 21 16 30 36
32 28 39 12 2 35
4 43 40 29 15 17
1 33 38 31 18 5
20 22 44 8 27 19
9 11 23 26 6 37
14 41 7 24 25 10
3 8 39 45 42 30
1 40 34 27 38 32
10 13 43 9 4 2
31 21 41 22 19 14
36 44 6 5 37 15
17 24 45 29 12 18
25 11 42 3 23 28
7 33 16 26 20 35
36 9 22 24 40 29
30 37 2 43 1 25
3 32 20 13 38 41
44 18 11 10 31 34
14 39 15 5 7 17
23 45 21 27 28 33
8 12 42 6 19 16
35 4 15 26 38 30
18 25 9 11 21 22
6 20 7 32 29 34
27 41 17 2 16 26
19 10 28 13 39 36
4 24 1 3 33 44
14 5 42 37 45 40
12 23 31 35 8 43

