27 52 13 14 34 44
55 3 58 49 26 11
28 42 16 29 51 18
6 12 4 2 10 47
19 62 35 25 30 40
54 22 7 9 43 21
5 59 60 17 1 50
48 37 39 24 33 57
46 41 53 32 61 63
36 31 15 20 56 8
16 23 45 4 38 30
5 2 13 25 54 26
18 49 40 34 37 17
44 62 12 61 51 48
47 21 1 63 15 3
9 50 20 29 33 32
42 59 55 31 38 14
58 8 24 35 41 27
7 53 57 11 52 6
43 39 10 23 36 19
56 46 60 45 28 22
30 1 61 9 13 63 1 42
59 47 26 32 24 1 34
52 4 18 5 8 40
20 16 62 27 54 3
58 56 43 50 44 29
17 12 38 22 57 39
37 2 46 31 19 1
51 55 11 10 60 45
41 49 48 36 7 21
14 15 25 6 28 33
53 17 26 23 35 44
42 18 2 3 50 39
13 40 32 38 10 58
57 8 55 43 47 61
30 5 14 41 37 36
59 7 27 51 46 15
56 33 34 21 11 62
1 24 12 20 53 45
49 19 60 9 16 6
52 29 23 22 63 25
35 4 54 48 28 31
47 5 37 44 56 42
33 51 38 8 30 43
57 6 62 58 18 59
52 10 22 61 49 1
19 41 29 15 53 4
54 32 23 3 12 14
2 9 63 24 27 55
25 34 7 50 31 16
40 21 28 39 26 20
11 60 35 36 13 46
17 45 19 48 14 47
44 22 32 62 55 18
31 42 10 53 24 30
63 6 50 8 26 37
33 46 58 54 52 12
7 17 51 4 13 20
35 21 49 29 2 59
39 1 9 41 16 11
45 34 5 57 23 28
61 25 3 56 38 36
40 27 15 60 48 43
14 50 46 49 62 24
30 47 41 59 20 52
21 4 16 12 58 37
33 5 35 7 61 19
6 40 54 1 55 56
8 29 31 13 48 23
26 45 51 18 36 9
28 11 63 38 43 44
42 25 27 10 57 17
34 3 2 60 22 53
32 39 30 15 6 49
19 18 56 12 13 59
62 29 38 26 1 7
10 44 25 46 21 8
45 43 31 3 17 41
4 39 61 34 9 54
57 14 2 40 63 51
37 16 52 55 35 15
53 36 50 47 27 28
22 24 48 11 32 5
23 20 33 60 58 42
63 44 54 45 59 49
55 40 41 12 25 29
28 9 37 62 3 8
24 50 21 38 19 52
1 32 36 42 57 4
26 13 22 27 30 33
15 11 61 2 23 17
58 31 47 51 39 5
10 48 53 16 14 56
43 20 6 46 35 34
30 7 60 18 63 24
