8 41 49 11 35 31
24 57 43 10 17 58
51 55 33 4 16 15
28 19 29 38 13 32
60 26 42 9 14 59
3 27 23 53 56 48
40 6 21 7 61 50
20 12 30 46 36 37
34 44 54 47 2 22
1 18 52 39 5 45
24 56 25 33 38 43
53 50 15 31 14 57
13 12 49 3 42 16
47 9 27 37 10 21
29 35 5 61 58 26
30 23 60 55 8 52
2 36 7 22 1 17
46 34 45 32 25 41
39 11 54 20 59 6
4 48 18 40 28 44
51 31 37 24 19 60
17 3 13 1 55 1 30 27
61 1 22 29 45 8 10
12 36 39 15 47 25
48 44 59 38 50 41
5 46 43 4 53 49
26 1 40 20 57 32
19 18 21 42 34 58
56 52 14 11 51 6
2 35 33 9 23 7
28 16 24 54 27 36
43 17 40 31 45 12
19 22 26 21 30 4
41 51 46 42 29 57
14 48 47 33 1 61
10 55 34 28 39 35
50 58 13 15 2 11
16 20 44 56 5 23
25 53 3 54 60 18
7 32 52 59 37 8
49 45 6 55 9 38
13 57 47 35 43 22
1 15 42 44 4 29
14 58 60 27 46 12
52 20 53 21 41 24
49 11 17 19 48 54
9 31 36 18 32 5
37 33 26 3 6 28
25 39 8 16 40 50
7 34 30 51 23 38
59 61 10 2 4 56
21 29 55 12 44 11
6 60 35 36 42 48
32 22 39 14 24 3
58 51 9 47 28 53
38 16 61 52 17 46
25 13 10 26 31 7
54 37 45 57 56 50
27 15 20 8 43 34
5 33 30 18 41 2
23 59 40 19 49 1
22 52 42 31 25 28
12 50 4 32 24 35
43 54 9 29 7 14
8 21 44 36 33 13
60 38 3 40 10 5
18 61 20 27 49 51
58 59 15 45 30 48
56 46 19 39 55 2
37 11 16 34 53 1
23 47 41 6 26 17
57 4 28 60 7 20
35 21 59 43 3 51
22 9 56 48 52 12
61 37 53 44 39 13
1 38 31 58 54 55
30 16 2 29 40 47
5 27 57 6 19 25
45 42 32 11 23 33
50 14 34 10 49 36
17 8 24 46 26 18
41 54 56 15 40 13
48 2 31 57 21 16
61 43 11 30 28 9
36 3 4 52 45 58
44 32 1 17 60 51
50 5 8 42 47 55
12 10 19 41 33 53
23 6 46 18 15 22
49 7 39 26 29 27
35 25 38 14 20 37
59 24 55 34 13 61
