49 65 66 28 67 80
4 33 27 55 76 69
8 14 40 47 71 51
50 62 86 22 64 87
13 9 25 53 83 63
11 3 48 24 1 7
20 74 5 59 30 82
35 85 34 45 88 43
16 10 75 2 38 68
18 73 58 31 54 21
26 17 32 57 12 61
60 42 15 81 84 79
41 46 89 37 56 77
44 19 29 6 36 39
78 23 72 70 52 66
82 40 33 53 35 3
87 9 47 88 2 74
5 50 38 7 69 31
84 34 11 14 79 68
75 15 48 62 76 17
12 71 73 27 49 44
13 6 32 20 18 28
54 77 42 10 78 8
56 25 21 23 43 60
37 22 80 1 61 63
19 24 70 45 86 58
85 89 57 67 81 59
46 65 26 52 64 36
39 72 4 16 51 83
30 29 2 55 41 31
69 1 66 6 48 1 56 82
9 78 12 1 21 1 79 5
70 1 14 88 18 60 50
68 44 89 3 45 22
49 7 37 42 36 19
83 46 32 15 34 86
35 65 64 77 30 76
4 23 75 59 57 40
41 51 74 81 28 25
54 55 38 72 26 84
67 63 27 29 10 87
52 85 16 24 61 17
39 62 20 33 47 58
11 43 80 8 73 13
1 69 53 71 15 59
68 28 56 78 42 35
34 2 26 82 51 23
22 57 60 65 19 83
41 81 44 61 48 14
18 55 47 85 3 64
40 87 17 70 89 38
74 71 86 33 29 54
16 6 12 25 67 11
76 21 49 88 39 5
24 30 10 37 50 43
53 73 7 66 32 4
9 80 75 46 72 58
36 20 77 84 31 27
62 8 45 1 13 79
61 18 52 63 56 69
65 39 81 87 11 82
5 57 54 15 2 3
89 47 28 73 26 29
85 43 9 86 48 6
68 88 36 55 70 51
62 37 31 83 71 23
12 33 50 46 84 52
63 16 59 66 35 19
32 27 25 30 40 1
44 8 79 7 58 17
80 21 64 4 10 14
78 34 22 60 20 41
38 74 45 77 53 49
67 13 24 75 72 76
73 52 42 9 39 3
69 16 43 62 84 89
2 59 56 32 70 33
25 31 88 26 4 8
19 17 34 50 78 81
5 77 1 29 83 68
15 44 10 74 65 85
80 79 24 71 82 55
21 38 51 22 66 30
75 53 36 11 41 18
47 35 7 57 27 13
86 49 63 20 14 72
45 61 64 54 6 23
40 58 42 48 46 67
28 60 87 76 37 12
3 66 81 10 69 26
11 59 38 52 25 44
80 18 30 34 7 62
14 85 77 53 5 32
70 15 29 43 4 22
61 88 71 65 89 13
64 20 68 40 24 73
86 1 41 55 42 16
19 28 82 75 54 47
58 84 35 23 74 37
9 8 56 49 12 67
33 72 57 21 36 45
87 27 48 51 31 78
17 39 2 63 60 46
79 83 6 41 50 76
30 19 71 77 11 4
64 70 13 16 5 44
29 37 53 12 81 20
67 68 18 26 33 15
87 24 55 25 49 57
39 23 46 28 8 85
82 86 22 10 76 73
48 80 89 36 32 50
88 54 66 79 62 40
74 52 31 34 75 6
61 59 47 42 83 21
43 38 14 58 1 78
7 51 84 63 45 9
69 17 35 72 2 65
27 3 30 56 60 16
23 10 55 48 53 19
6 5 41 33 87 80
25 20 76 71 85 66
13 82 52 15 21 37
84 40 78 57 44 18
70 63 50 74 42 26
81 36 62 35 38 9
3 12 28 58 34 4
45 73 56 14 75 65
32 24 39 54 22 69
31 47 46 43 68 49
51 67 79 59 86 77
7 11 72 60 29 61
8 89 83 64 27 2
88 1 10 17 28 52
30 14 33 13 23 42
82 4 62 78 63 41
21 3 71 32 75 84
76 54 87 36 16 34
72 12 85 22 7 40
31 9 15 89 66 24
49 26 60 35 48 1
6 70 2 81 77 73
59 29 65 50 68 8
79 18 27 38 46 19
69 58 57 51 64 11
56 44 53 80 86 88
17 45 5 37 47 25
43 55 67 39 61 74
83 26 7 20 87 75
3 13 54 12 41 59
21 62 78 29 49 85
71 63 34 38 64 48
76 53 8 84 57 70
77 50 28 44 82 9
36 58 61 2 25 10
23 15 16 47 80 20
83 67 69 73 88 30
60 52 81 40 45 55
46 4 35 14 6 24
66 37 86 27 68 39
31 22 11 17 56 33
72 74 1 89 19 18
51 32 43 42 5 65
79 48 12 69 21 70
