39 24 30 27 11 32
33 15 23 40 43 42
1 35 17 12 37 31
13 36 25 14 18 28
16 22 8 29 34 6
20 9 7 19 3 38
2 4 5 41 21 26
37 10 32 12 27 25
16 39 43 20 35 13
11 3 18 26 17 23
28 34 4 19 5 40
9 14 22 6 42 15
33 8 29 21 24 31
36 30 1 10 2 41
7 22 32 43 23 38
26 1 37 40 21 9 18
17 25 5 11 13 33
38 29 1 2 8 14
20 36 41 35 27 34
31 6 4 12 28 3
10 24 42 7 16 30
21 15 19 1 39 34
32 4 14 18 17 20
36 9 28 24 33 43
27 2 29 5 35 23
15 13 26 8 7 12
31 16 3 38 30 10
39 19 11 41 6 37
22 12 42 25 40 20
7 18 33 27 16 1
38 21 35 28 17 11
4 25 10 9 34 15
13 31 29 32 40 6
8 42 30 43 41 22
3 39 23 5 14 36
37 2 19 24 26 16
38 27 41 13 12 9
23 32 36 30 40 21
43 1 3 24 29 4
2 34 17 42 39 28
33 25 6 35 26 7
20 11 37 15 10 14
31 8 19 18 22 5
25 41 9 16 23 29
3 24 37 34 42 13
14 43 17 10 31 27
40 18 12 39 7 2
26 28 33 4 11 22
5 1 21 30 6 20
35 19 36 32 38 15
8 13 27 42 4 26
34 7 31 9 2 11
29 5 39 37 33 38
6 12 17 36 43 21
28 23 25 19 1 20
18 41 24 22 10 35
14 16 40 32 3 8
15 20 27 30 28 31
23 6 18 34 38 24
19 13 10 29 21 12
25 43 7 22 37 36
35 41 16 5 26 3
17 32 39 8 4 9
15 11 40 42 1 2
30 14 34 33 35 12
10 26 43 31 38 39
42 5 11 36 29 18
6 14 21 27 19 7
1 15 22 16 17 13
37 28 8 23 30 9
2 20 32 3 33 41
4 40 38 24 25 14
26 18 34 43 29 30
12 20 16 11 36 8
23 31 2 4 37 13
9 42 35 28 32 1
17 7 24 41 5 15
39 21 27 3 22 25
40 10 33 6 19 26

