57 49 16 50 29 54
60 53 25 21 55 8
10 18 45 1 33 35
43 46 24 51 52 9
19 23 11 59 47 12
40 37 48 27 56 7
61 6 2 32 62 3
44 42 36 22 41 31
4 30 14 5 39 26
34 28 13 58 15 17
46 49 38 20 59 33
47 53 27 54 9 7
23 45 52 41 2 37
36 26 55 1 12 19
14 58 57 18 51 61
30 22 8 17 16 32
13 21 44 5 6 43
62 25 24 39 34 40
11 35 42 4 48 50
29 10 60 28 20 31
56 51 3 38 15 53
43 30 61 46 19 7
18 17 2 49 27 44
52 33 5 57 36 34
9 14 37 4 12 20
48 59 22 62 54 58
28 16 23 11 25 3
41 50 15 40 1 21
42 39 6 55 38 10
32 56 24 45 60 13
8 29 31 47 35 26
14 3 54 44 19 17
34 20 30 48 57 21
39 2 28 33 7 42
52 22 50 13 61 55
8 15 46 37 11 29
12 56 18 43 62 41
32 9 36 49 40 25
38 4 47 16 24 1
59 5 10 27 26 51
45 6 53 58 31 23
35 15 12 60 2 30
62 42 19 9 8 57
20 44 1 11 39 52
49 47 48 28 51 41
7 29 58 21 32 4
3 43 55 36 27 45
38 54 33 26 13 40
56 35 23 22 14 46
6 31 17 24 18 50
16 10 34 37 60 59
25 61 12 5 53 48
29 13 51 42 3 30
23 8 41 33 4 39
15 26 20 47 32 18
22 1 49 6 34 27
37 55 54 24 28 14
21 45 56 17 59 61
36 58 5 35 16 9
53 40 11 10 57 43
50 19 25 44 46 2
31 62 60 52 7 38
34 23 1 30 54 56
59 45 39 18 9 29
33 14 32 27 11 21
46 28 47 57 22 6
61 24 8 15 10 44
55 31 40 51 2 4
13 17 62 53 20 36
3 52 35 42 12 49
16 60 50 26 48 43
19 37 58 41 5 38
7 57 15 25 55 59
54 4 11 56 36 6
12 34 51 45 8 32
26 21 9 2 3 22
17 5 42 60 1 46
48 7 10 14 13 49
24 41 27 20 25 35
40 38 29 23 44 61
28 18 52 53 16 19
58 30 33 50 47 62
39 37 57 31 43 49
3 41 26 7 11 34
1 6 59 8 40 14
55 32 5 48 23 18
25 17 47 10 52 4
20 43 56 2 42 58
51 21 37 35 44 62
54 36 39 15 61 60
12 27 13 31 46 16
29 33 53 19 24 22
9 38 45 30 50 28
