41 86 1 44 81 58
37 88 32 11 9 57
59 62 83 15 90 60
20 69 50 79 84 28
51 73 67 74 31 5
23 54 52 21 4 53
43 61 49 29 66 89
45 87 47 3 56 70
75 7 14 17 76 71
95 68 96 2 42 10
16 27 33 78 63 40
38 72 77 26 35 6
92 25 93 18 22 80
91 8 55 48 65 13
19 34 39 97 94 98
12 46 64 24 36 30
85 44 73 82 84 17
10 31 71 86 88 60
50 95 29 57 16 75
9 23 7 77 58 68
6 83 92 87 33 11
40 5 91 59 38 37
54 48 90 14 22 70
43 28 81 34 13 78
45 62 69 42 21 18
36 67 41 26 97 89
20 98 27 52 61 8
24 53 3 80 51 19
47 2 85 25 12 39
63 32 72 4 82 64
55 1 96 56 74 15
93 79 94 76 46 66
35 18 49 65 30 54
87 1 37 17 16 1 13 10
95 27 41 1 84 1 77 86
68 51 40 14 28 8
80 33 44 34 52 38
83 21 85 67 57 48
62 53 97 1 70 25
90 76 72 39 3 9
74 49 59 47 19 32
11 4 58 42 56 46
26 96 60 78 20 22
66 23 63 71 98 92
30 82 94 81 55 61
89 64 69 75 2 5
36 43 31 79 35 45
7 91 12 15 88 50
65 93 24 73 29 6
3 42 67 1 32 84
59 78 8 41 17 4
21 97 38 96 58 51
46 86 83 37 16 22
62 89 71 34 55 47
45 77 66 74 20 54
98 56 53 91 57 69
82 60 14 87 27 43
9 6 33 18 2 36
50 49 72 80 85 10
90 25 81 19 63 65
61 11 75 31 48 12
70 15 23 39 40 93
5 30 79 44 29 68
35 13 73 92 64 7
88 26 52 94 24 95
1 4 28 76 38 87
58 3 16 60 98 74
9 14 19 41 96 83
61 72 71 67 78 25
81 57 89 10 45 23
11 53 8 49 93 82
36 34 63 73 59 54
84 37 2 7 65 21
56 20 44 12 40 94
28 52 29 55 92 86
15 97 18 48 47 76
24 42 22 85 27 5
13 79 88 6 51 75
64 33 39 31 26 62
17 50 77 46 90 43
70 66 80 30 91 95
68 34 35 32 69 41
83 10 25 8 36 74
2 94 48 3 78 49
65 58 76 27 12 59
47 82 13 20 86 24
71 54 42 38 39 79
18 75 40 4 43 73
53 61 85 16 9 26
77 30 22 62 63 51
32 89 80 60 17 56
88 1 90 29 21 64
46 7 57 5 28 97
84 45 91 14 93 33
66 67 35 52 11 96
31 19 55 50 87 23
44 15 95 69 72 92
70 6 98 81 68 37
77 40 34 60 76 25
43 39 20 48 80 1
17 64 27 51 83 49
22 74 82 33 7 79
2 73 16 90 52 32
13 71 26 21 46 19
96 75 36 91 72 28
5 14 4 35 81 12
11 3 62 23 41 29
57 8 30 42 47 92
97 24 56 68 31 63
10 15 67 6 94 53
65 69 87 66 85 86
98 44 45 9 50 59
38 88 84 89 70 78
37 54 93 58 95 55
7 18 51 61 41 90
28 12 42 77 19 16
33 30 97 73 3 20
26 11 1 63 47 17
69 48 52 10 40 82
22 8 56 71 43 9
57 36 38 66 14 13
24 87 15 98 89 21
58 5 34 53 92 50
94 70 65 83 32 75
93 35 74 2 44 88
86 64 59 68 80 61
72 60 37 79 23 18
46 78 6 95 62 85
39 29 91 4 67 27
84 81 31 54 96 76
55 25 16 49 38 45
22 41 21 50 66 28
69 24 77 8 33 70
19 20 35 58 17 57
51 92 36 94 1 60
56 10 78 64 79 65
82 29 26 15 37 42
40 47 54 72 83 88
63 76 43 67 55 2
75 84 23 49 86 34
31 98 4 85 93 7
97 91 11 90 71 44
89 12 68 13 18 3
25 59 6 30 52 14
96 73 48 53 45 46
32 5 87 39 61 95
27 80 9 74 81 62
92 75 41 54 10 24
86 79 70 4 26 57
16 65 51 23 44 43
28 49 58 33 71 15
52 50 56 93 13 83
19 1 2 40 45 30
94 59 84 72 22 11
88 68 55 27 73 66
78 80 42 87 35 97
29 85 96 18 77 32
38 60 47 53 7 81
21 17 3 91 6 61
14 74 63 69 39 46
76 82 98 62 36 5
8 90 34 12 67 37
25 9 31 89 95 20
48 16 41 64 87 84
