60 83 79 29 69 54
64 4 32 30 27 78
50 9 49 42 88 61
41 46 77 43 15 24
84 26 28 37 17 86
19 70 25 53 45 20
21 22 47 18 67 5
85 52 71 89 82 73
33 76 55 62 90 31
81 13 56 75 8 6
39 12 58 51 7 63
66 38 36 34 65 16
11 10 23 74 14 48
2 72 87 44 57 35
1 68 3 59 91 80
54 43 40 89 86 30
49 47 46 71 27 90
79 50 6 78 53 15
42 5 56 45 12 62
55 22 85 13 19 16
61 76 37 77 29 23
51 44 32 82 25 69
91 87 14 36 84 58
24 20 33 3 66 10
40 73 38 11 80 63
67 31 64 41 72 68
7 4 35 17 74 8
88 26 34 2 18 70
60 65 21 52 75 59
81 9 1 57 39 28
44 16 48 83 6 42
91 79 71 1 23 13 51
29 84 3 63 56 43
30 33 15 37 38 72
35 58 27 66 40 55
10 87 46 53 67 82
75 70 74 24 12 49
69 34 17 78 57 90
14 52 31 54 28 88
21 45 50 68 8 83
85 4 39 62 47 25
32 22 11 41 60 26
80 77 5 89 7 36
65 19 81 73 1 61
59 9 64 76 18 48
71 20 13 38 2 86
82 15 72 56 55 28
90 53 44 12 66 88
70 6 52 23 46 68
75 42 39 54 32 91
47 31 24 16 17 30
49 51 29 21 62 40
36 27 45 63 48 1
57 20 60 4 5 37
69 64 61 35 11 43
67 80 8 78 76 85
59 34 77 22 73 33
7 3 14 65 86 50
41 18 81 84 25 87
26 89 2 19 79 74
83 56 58 9 10 30
16 23 12 4 40 72
35 54 20 49 44 63
82 75 17 1 66 45
36 24 90 32 68 29
5 31 51 61 70 85
88 65 62 22 64 57
34 67 71 7 15 19
73 3 9 25 8 2
50 27 13 52 87 33
48 28 10 91 60 38
69 77 53 47 55 26
74 41 89 6 37 58
39 14 76 79 21 43
81 78 84 59 42 11
18 86 83 46 80 1
2 61 22 56 36 40
27 12 65 17 15 20
68 33 75 85 48 9
3 30 44 13 34 60
69 45 67 89 16 37
53 38 35 39 52 41
6 63 32 87 59 31
66 23 25 29 78 86
4 49 18 77 82 14
72 47 73 7 79 84
91 11 76 5 46 19
64 81 55 83 71 24
88 21 57 74 54 80
8 10 51 42 26 90
58 50 70 43 28 62
37 25 48 31 35 34
53 56 65 18 89 27
15 85 60 14 45 40
22 63 46 9 79 66
52 7 83 76 84 4
13 17 39 64 80 49
78 55 21 12 1 10
5 23 73 28 42 41
50 30 36 26 75 71
86 74 68 44 77 81
62 61 19 87 3 54
57 33 11 47 32 70
8 24 91 88 69 72
16 2 82 58 29 59
20 43 38 6 51 67
90 84 89 23 35 9
31 36 39 10 83 73
63 37 13 65 14 78
17 5 55 46 44 50
87 28 12 79 68 34
48 8 66 57 71 77
86 59 15 70 4 69
26 43 82 33 40 81
19 88 47 75 41 29
27 6 21 2 90 91
18 16 62 11 20 7
56 54 1 38 85 64
45 74 22 30 51 52
49 58 53 67 32 3
76 42 80 24 60 25
72 66 59 61 39 89
12 41 69 14 71 33
40 10 88 81 37 79
29 91 7 31 57 26
90 83 87 11 85 77
19 30 18 28 36 8
32 38 84 55 50 74
60 78 56 20 73 68
44 54 9 27 70 67
25 1 5 52 72 49
61 48 4 46 21 13
45 6 47 35 65 76
82 86 63 34 62 24
3 51 16 15 64 75
80 53 2 22 43 23
42 58 79 17 18 38
67 59 14 90 74 56
85 49 30 66 81 91
40 41 78 70 48 7
28 13 32 77 21 35
33 46 88 73 39 45
86 60 36 47 9 51
84 62 75 10 2 69
27 68 42 37 19 43
23 24 4 65 26 87
71 72 54 6 17 22
12 82 57 76 3 50
8 63 16 5 61 53
55 29 52 20 34 80
15 1 44 58 11 31
25 91 89 33 83 64
74 85 7 46 69 42
77 67 65 40 39 84
70 71 37 87 56 21
51 2 66 54 50 4
86 76 41 16 49 10
14 61 57 55 30 6
24 73 29 9 13 53
28 59 79 64 44 45
80 52 19 48 32 12
43 90 18 72 63 60
26 35 83 3 78 5
62 36 17 15 81 23
8 89 34 1 47 20
31 22 75 38 82 27
68 25 11 58 88 71
