3 10 18 31 25 7
21 23 14 4 5 12
11 29 27 1 17 20
8 30 15 19 13 28
9 22 6 2 32 24
26 12 1 5 16 13
11 8 25 10 29 23
30 2 22 3 17 26
28 15 9 18 21 6
7 19 24 14 27 20
31 16 30 22 4 32
29 1 5 21 2 7 3 1
16 14 17 23 6 15
4 13 11 27 28 24
32 19 9 25 1 10
12 18 31 26 20 8
6 4 28 29 25 2
27 22 3 19 15 12
5 11 7 24 9 16
17 21 32 1 8 31
13 14 10 23 26 18
20 7 12 30 11 6
17 2 4 18 8 19
13 30 27 14 9 31
20 22 29 21 10 16
15 5 26 25 32 28
24 1 29 3 23 30
21 20 25 7 17 13
8 3 4 9 26 11
6 27 19 32 23 5
22 16 1 28 18 14
24 12 10 15 31 2
19 26 4 13 6 20
16 3 25 8 21 27
9 7 23 28 31 22
5 24 18 29 30 17
15 32 14 1 2 11
12 28 17 10 4 9
31 29 3 11 14 19
23 20 2 16 15 7
6 1 5 22 10 8
27 25 26 30 24 21
18 13 29 32 12 3
