52 49 28 26 37 24
36 12 32 30 18 31
43 55 45 6 47 3
15 7 56 9 14 41
11 19 33 48 2 58
8 20 13 10 42 27
39 1 35 17 16 44
53 21 25 23 50 34
46 38 51 40 5 29
60 4 54 57 59 22
13 14 2 52 36 6
43 41 11 10 9 35
3 58 42 39 24 34
33 56 38 17 46 21
47 59 45 57 8 16
40 20 23 1 18 28
12 48 50 60 15 51
44 27 4 55 49 32
54 7 26 5 30 53
37 25 31 22 19 29
38 23 14 2 43 35
42 57 39 9 28 33
51 50 58 16 13 41
21 36 59 27 26 11
30 55 12 29 34 37
32 15 54 45 25 20
19 6 18 1 4 56
8 22 46 49 3 53
7 17 60 40 47 52
24 5 44 48 10 31
37 43 14 34 42 59
45 51 2 28 27 39
55 16 1 21 15 9
29 35 26 47 33 13
57 3 46 7 20 50
36 41 40 48 49 22
5 58 8 18 32 17
12 53 10 56 52 19
31 24 54 4 11 23
60 38 44 6 25 30
27 40 3 16 29 14
42 45 50 2 1 7
9 53 26 32 10 58
11 34 49 18 5 57
47 30 39 4 52 15
31 21 41 28 8 60
38 17 55 20 12 19
23 24 6 37 33 22
51 48 25 59 35 56
13 43 36 44 54 46
11 40 28 15 27 53
58 60 18 10 45 38
4 37 2 41 3 5
30 56 42 49 23 47
35 8 52 36 46 34
44 31 20 33 51 16
26 57 43 25 12 1
22 39 55 14 50 59
19 32 24 21 13 7
17 29 6 54 9 48
53 16 37 38 4 36
35 34 40 31 56 45
5 33 1 25 47 60
7 51 23 55 11 8
28 19 10 14 46 30
50 27 57 24 17 43
29 13 15 59 2 18
41 6 48 26 42 20
22 52 3 32 44 9
54 21 49 39 58 12
45 53 17 24 30 51
56 28 5 50 55 36
34 26 16 46 60 19
1 11 48 3 14 32
18 35 21 2 22 42
20 29 4 43 7 52
49 31 9 13 54 38
15 57 47 58 44 37
27 59 12 41 23 33
25 8 10 6 39 40
16 22 30 42 43 5
14 45 4 51 26 21
48 38 32 34 28 57
46 9 47 12 2 24
60 39 13 56 37 11
23 10 17 3 36 15
58 6 7 35 31 27
33 18 25 52 41 55
59 29 49 53 1 20
50 44 19 54 40 8
