9 20 34 5 31 12
10 7 43 18 42 15
32 3 17 27 6 26
22 41 1 25 28 29
13 19 30 45 4 37
21 44 36 8 16 14
24 38 33 40 11 39
23 27 2 35 25 34
20 41 4 15 1 10
44 5 11 12 18 13
22 19 14 23 32 39
16 38 29 31 43 26
17 2 35 9 40 24
3 21 28 33 7 30
45 6 8 36 37 42
38 31 15 5 24 19
43 4 12 2 14 25
1 26 3 11 30 8
18 16 10 22 40 34
45 28 13 20 32 33
39 35 9 7 29 36
42 44 41 23 21 37
27 14 11 6 17 5
31 34 19 13 1 40
24 26 12 41 43 37
17 25 15 36 8 28
2 32 6 9 22 29
35 45 21 10 38 3
33 4 39 44 18 23
7 20 42 30 16 27
43 2 1 6 35 37
25 36 39 17 31 13
15 8 20 40 29 23
24 22 11 21 7 19
16 34 26 9 33 28
4 44 27 38 45 12
30 10 41 5 14 32
3 24 18 42 6 28
27 37 31 33 15 22
44 13 2 8 26 10
42 39 16 4 11 35
3 40 19 43 20 14
36 12 32 34 23 7
5 9 45 25 21 1
30 18 38 41 29 17
34 28 4 14 35 3
42 5 25 19 2 33
37 10 24 16 17 23
29 15 26 45 36 22
20 12 6 13 21 38
7 11 9 8 43 44
32 1 31 39 27 18
40 30 4 41 24 36
35 43 38 13 8 22
29 19 1 7 26 44
32 27 40 11 41 21
14 9 42 16 33 25
37 39 17 28 5 20
34 6 18 15 12 30
10 23 45 2 3 31
28 22 27 4 9 13
12 35 41 15 19 39
1 17 8 32 16 45
40 25 31 3 44 6
29 37 11 10 14 34
20 36 38 18 2 7
23 42 43 26 30 5
21 33 29 24 4 17
6 13 16 41 3 15
2 45 40 12 28 7
30 42 22 31 39 44
36 23 14 38 1 5
33 34 8 43 24 32
26 11 25 35 10 20
19 37 18 27 9 21
8 7 4 31 41 6
28 15 35 38 32 44
39 34 43 17 11 45
36 3 33 37 22 2
29 10 5 19 9 16
26 13 23 18 40 21
14 30 24 25 27 20
12 17 22 1 42 35
21 15 16 26 39 2
28 23 31 11 36 43
29 8 3 19 12 27
37 5 40 4 25 32
14 38 7 34 13 42
6 33 10 1 20 30
41 18 9 44 45 24

