16 35 9 34 18 6
23 30 29 31 33 10
21 4 37 32 1 15
19 2 12 3 14 39
8 38 24 26 11 43
25 42 22 28 5 36
7 41 13 20 40 17
27 4 24 12 30 35
10 3 11 16 25 1
20 43 29 5 14 32
9 39 22 15 7 31
17 26 34 42 21 2
8 18 36 23 40 38
37 6 19 13 28 27
34 16 41 1 33 29
38 17 1 36 3 15 1 9
21 18 1 25 19 1 24 14
41 32 35 7 22 8
43 4 40 6 2 23
11 42 30 37 12 13
20 33 5 26 27 31
28 10 21 41 36 39
18 43 22 29 37 11
19 34 20 38 25 4
42 13 14 39 35 33
40 5 26 15 12 16
31 23 17 1 24 6
32 30 8 28 9 2
3 27 43 10 7 42
12 31 1 19 13 18
14 16 38 22 15 30
11 6 33 36 7 32
25 8 34 39 17 27
29 26 28 4 23 20
2 3 5 24 41 37
40 9 10 35 21 11
16 36 30 8 19 4
2 1 7 29 38 27
22 37 17 35 20 26
5 39 42 18 9 23
24 43 15 33 13 34
32 6 12 10 41 25
31 28 3 40 14 21
11 34 7 30 19 5
18 24 2 36 10 20
1 26 14 39 32 40
35 17 28 33 38 12
15 29 6 42 8 3
9 31 41 43 37 25
27 21 23 13 22 16
4 29 39 17 11 24
36 15 35 43 28 1
33 25 19 2 22 40
30 20 18 6 3 21
14 12 7 23 34 37
38 31 32 27 16 42
4 10 13 5 8 9
26 15 18 41 17 19

