17 32 9 5 50 45
22 1 16 27 7 14
25 18 47 8 34 46
43 12 28 37 19 3
10 24 13 11 44 2
31 30 15 48 6 26
20 33 36 29 41 39
23 40 38 4 35 42
21 10 3 13 27 49
1 24 46 9 7 31
45 26 17 37 8 43
15 5 39 12 22 40
42 29 34 16 4 30
35 41 18 6 11 21
49 48 23 44 19 50
2 14 28 36 38 25
20 32 10 33 47 40
5 37 46 1 27 1 11 18
41 30 43 22 8 49
17 39 7 25 3 44
50 47 20 15 4 26
13 42 38 29 12 31
35 16 19 24 9 2
1 6 32 48 28 34
14 45 36 23 21 33
40 5 49 25 46 20
10 38 12 24 43 18
4 8 44 28 27 35
13 36 7 41 15 19
42 31 48 39 9 21
45 2 3 34 11 30
47 23 32 17 33 22
6 14 16 26 50 29
12 37 4 21 1 7
30 13 2 20 45 49
3 39 11 46 9 47
6 42 8 19 5 14
1 18 29 15 17 35
31 10 22 44 28 16
41 26 36 32 38 27
37 50 33 25 40 24
23 34 35 48 43 5
18 20 44 1 45 19
26 49 11 7 28 29
9 38 30 36 22 37
8 48 15 3 16 33
40 34 41 12 13 17
4 23 24 32 31 2
21 14 25 47 10 6
50 46 27 43 42 39
7 3 48 38 20 8
4 49 31 9 18 33
34 14 32 11 35 37
22 19 30 40 21 26
45 25 43 24 15 29
46 16 39 13 41 23
28 17 6 27 2 12
36 50 10 5 47 1
44 33 35 42 7 18
20 22 21 34 3 24
49 30 25 23 17 27
19 39 26 10 4 1
47 2 15 42 37 41
46 48 11 12 36 8
50 43 14 28 31 13
5 44 6 38 16 45
29 27 9 32 40 7
22 26 42 46 18 36
31 23 37 35 20 3
24 48 17 14 13 4
39 25 12 49 32 16
45 9 41 34 44 10
47 19 28 30 29 5
2 21 8 15 40 50
33 1 11 43 6 38
35 25 9 26 13 20
18 5 4 14 3 41
19 27 40 31 45 34
38 28 24 39 8 47
29 46 22 2 1 48
7 12 50 30 10 23
37 15 6 36 49 44
16 42 21 11 43 32
33 39 31 17 2 5
27 47 45 48 35 12
18 15 28 9 23 20
21 29 37 10 41 46
3 4 40 16 36 43
19 11 38 50 17 25
26 34 1 49 24 42
8 32 13 6 7 22
30 44 27 14 33 46

