34 9 60 8 18 4
38 14 72 56 62 61
59 57 5 13 39 19
73 30 21 23 17 28
50 51 25 11 47 31
66 55 71 41 65 22
20 45 12 74 36 54
6 58 1 32 53 27
70 2 10 40 46 26
29 3 67 15 7 69
48 75 37 43 24 63
68 49 64 16 42 44
35 51 52 65 33 73
60 39 4 41 58 31
19 11 66 72 20 18
27 3 6 47 40 9
17 37 56 34 26 2
50 46 28 22 62 54
48 13 45 16 70 8
61 57 15 35 10 43
7 23 44 75 24 42
21 52 36 14 49 32
64 12 1 38 69 55
68 59 30 33 29 53
63 67 74 5 25 71
37 2 1 39 18 6 1 54
57 7 43 1 73 62 31
10 72 27 4 28 51
50 19 70 36 60 35
32 45 42 29 41 24
33 55 13 40 67 34
52 44 48 74 61 66
59 23 53 5 16 3
9 65 46 30 14 12
71 75 17 68 69 20
15 38 49 25 58 26
64 63 22 8 47 56
21 11 70 1 33 57
44 62 36 18 53 67
24 16 19 65 52 10
74 32 43 40 66 72
31 30 42 34 6 69
58 14 22 51 23 3
63 5 29 27 17 38
54 28 64 35 11 13
49 41 73 75 8 46
45 56 7 1 60 71
55 15 47 37 20 4
48 59 25 9 2 21
39 50 26 12 61 68
24 18 65 58 28 70
34 27 74 62 19 75
69 46 67 60 56 32
23 29 54 47 49 66
20 41 10 59 64 14
48 68 6 22 11 5
57 50 37 25 30 52
8 3 42 43 33 39
51 73 55 71 61 2
40 53 7 12 4 17
1 36 38 15 16 9
26 31 13 44 21 72
35 63 18 45 10 30
20 46 56 57 48 23
3 34 24 64 73 25
27 70 61 7 37 49
4 5 1 2 66 50
62 42 47 36 13 65
52 40 58 11 59 71
22 38 35 17 39 44
67 41 16 6 72 63
21 12 51 60 43 68
53 8 19 32 54 15
26 33 69 9 45 74
28 29 14 55 31 75
18 52 17 42 1 46
65 70 63 6 44 20
67 4 66 51 24 59
12 37 5 8 35 62
47 74 30 58 38 73
16 34 32 61 28 39
56 19 49 43 9 55
60 64 40 14 15 48
72 75 33 54 71 50
22 10 69 36 25 7
13 23 2 41 27 68
29 45 26 57 53 11
31 21 18 3 20 38
55 17 8 58 44 51
49 35 34 67 1 48
7 6 4 19 14 33
46 68 73 66 36 37
52 69 28 47 5 41
42 72 25 53 70 60
54 26 16 30 43 27
11 39 62 63 9 23
29 57 65 2 74 64
75 21 61 45 22 40
71 13 3 10 32 50
24 31 15 56 12 59
26 43 47 14 5 18
33 54 41 36 48 17
28 30 11 42 67 2
19 64 58 46 63 21
16 25 45 62 4 29
52 61 3 75 12 13
38 60 24 71 6 57
23 37 74 10 31 1
73 56 40 39 65 20
44 69 8 50 59 27
53 34 15 51 22 49
9 68 35 72 7 32
70 55 62 3 66 30
43 4 36 23 64 52
17 1 47 61 19 67
42 54 60 63 26 59
2 49 20 69 13 24
11 65 7 37 8 38
12 58 72 73 48 10
68 51 5 55 40 57
44 71 9 46 29 34
31 32 33 18 22 16
53 50 41 21 74 56
39 27 14 70 15 45
66 25 6 28 35 75
2 63 57 3 72 36
5 20 43 7 34 58
13 60 22 37 73 29
4 54 61 69 21 65
17 74 14 49 16 11
24 35 39 46 47 53
15 18 23 55 6 50
32 9 75 70 51 64
66 27 12 56 42 33
28 71 62 19 26 48
67 10 68 31 8 52
25 40 41 30 1 44
59 2 43 6 38 45
