30 47 54 16 58 75
24 60 45 34 11 46
36 31 32 9 35 1
61 20 14 25 51 23
2 72 22 53 13 10
56 65 68 15 40 17
63 57 59 78 71 28
62 43 69 64 5 73
42 33 48 37 26 6
3 41 66 49 70 44
12 7 50 74 4 21
19 55 39 29 27 52
76 67 8 77 38 18
22 20 57 46 63 15
17 65 58 36 53 25
59 62 42 56 30 33
24 35 32 44 60 28
41 78 16 7 37 68
50 23 45 70 29 3
31 5 18 40 12 72
75 55 77 4 9 64
6 11 49 13 54 39
71 27 8 69 10 21
43 38 26 14 52 1
66 19 67 51 73 34
48 61 76 47 74 2
32 16 56 29 63 12
33 70 35 57 58 9
17 60 3 13 18 55
28 8 4 46 42 5
7 54 26 39 22 36
62 27 11 78 25 66
34 59 64 48 10 14
65 24 76 72 1 75
71 51 50 77 41 15
31 45 67 52 47 49
38 61 37 30 40 73
74 44 69 23 2 6
68 21 19 53 20 43
70 34 18 13 16 27
76 72 62 11 35 26
41 39 29 14 63 17
52 60 71 12 22 9
75 10 78 51 49 40
47 73 23 8 59 32
64 54 33 61 21 67
36 48 55 68 28 45
65 20 38 44 50 5
31 25 2 4 56 37
66 46 58 15 7 69
1 74 19 57 3 42
30 6 43 24 53 77
21 73 75 29 18 11
68 60 23 27 33 76
26 12 65 41 8 55
62 13 51 4 45 59
14 58 28 20 78 9
74 49 25 32 5 34
24 15 44 61 52 19
2 69 53 77 70 54
63 64 47 72 3 30
43 1 31 48 7 17
22 40 35 16 42 66
39 50 10 67 37 57
46 6 36 38 71 56
33 4 11 20 32 27
73 45 12 54 14 24
58 44 63 76 26 13
60 9 2 8 30 51
65 31 29 22 34 62
66 52 5 23 77 48
38 68 42 18 61 71
16 17 57 49 64 21
10 1 70 28 56 6
25 67 40 3 59 7
15 74 43 55 35 37
69 75 41 19 36 72
78 39 46 53 50 47
9 68 62 58 38 54
42 27 51 57 12 76
20 29 73 71 48 49
23 17 4 67 24 22
7 18 52 32 10 30
35 63 61 5 45 6
55 11 14 69 50 31
41 25 13 33 43 47
37 1 40 46 21 44
34 72 56 8 77 39
26 28 53 75 66 74
70 19 78 65 64 60
16 36 59 3 15 2
22 49 29 51 69 38
30 48 4 35 57 41
42 47 9 11 44 7
6 68 72 73 25 50
75 37 27 67 32 62
64 13 74 52 46 65
8 17 12 45 58 19
59 70 20 18 26 24
77 21 36 60 61 10
55 34 53 40 23 63
14 71 33 2 66 1
54 3 56 5 43 78
28 15 16 39 76 31
58 22 27 48 41 72
11 69 37 17 59 52
12 46 49 25 68 77
55 51 47 62 36 70
40 32 13 50 14 8
44 57 71 45 75 43
7 56 53 35 76 64
63 28 30 67 65 73
18 78 54 1 23 15
26 3 61 34 9 29
5 2 21 39 24 42
10 19 33 38 4 16
60 66 20 74 6 31
70 51 32 72 17 71
47 44 35 12 69 68
1 48 8 63 75 25
56 55 57 61 11 58
49 77 7 37 62 28
27 2 41 45 38 64
20 52 34 36 42 78
21 13 15 26 23 30
5 14 16 53 67 60
40 24 4 54 29 74
6 76 50 59 19 22
66 9 39 43 18 65
73 46 10 31 33 3
17 34 38 35 75 20
21 28 52 56 62 41
45 16 26 32 78 69
15 12 48 11 67 70
25 30 5 76 22 55
6 14 77 57 47 65
37 8 3 68 66 24
72 29 46 2 43 59
64 39 18 44 33 51
10 42 63 50 54 60
9 73 36 27 40 74
23 71 13 19 31 7
58 53 1 4 49 61
