12 2 35 18 28 45
13 39 46 54 24 40
21 49 1 34 9 32
14 8 29 50 51 36
20 38 37 52 33 6
27 19 4 3 11 5
31 53 30 47 10 23
15 7 42 26 17 16
55 41 22 44 25 48
43 45 13 39 36 1
54 52 11 51 24 35
12 3 53 2 8 34
26 50 5 23 33 46
37 28 22 41 14 7
19 38 17 20 30 21
42 10 27 15 9 44
55 18 29 16 31 32
48 40 49 4 43 6
25 54 2 47 26 37
7 51 1 34 46 1 20 11
15 1 53 21 28 38 1 41
19 16 52 1 14 44
48 42 24 30 49 12
17 47 50 27 13 55
18 9 39 29 5 25
8 32 10 40 43 33
31 22 6 35 4 36
54 23 45 38 48 3
11 17 1 53 41 37
5 21 9 24 16 2
14 12 33 47 15 49
40 25 20 28 31 42
7 27 39 23 35 8
36 29 10 46 55 19
51 44 45 22 50 43
13 34 26 52 4 18
30 6 15 3 32 25
39 11 31 38 21 14
9 23 24 8 7 55
41 51 47 5 40 19
48 2 33 17 36 34
1 18 42 6 3 50
4 13 16 10 30 28
12 46 54 52 22 44
29 45 20 49 27 53
37 32 43 35 26 19
11 36 9 18 40 15
34 6 38 10 24 41
5 1 30 22 54 8
2 52 49 50 31 7
3 47 28 43 46 17
51 23 27 16 12 25
55 26 20 45 39 14
21 48 29 37 42 13
32 33 35 44 53 4
49 8 17 19 54 18
40 12 47 7 1 38
36 43 52 25 27 41
9 37 31 30 45 46
21 44 24 26 29 3
13 14 23 32 42 2
6 55 28 33 11 51
15 5 10 20 35 48
16 50 39 22 34 53
45 25 4 17 21 7
44 38 23 36 37 18
46 28 26 1 6 27
33 15 31 24 19 13
49 10 3 39 22 51
4 41 50 9 20 12
11 16 48 8 47 52
34 35 14 29 30 40
53 55 43 42 5 54
32 51 15 2 46 38
