21 30 12 10 23 17
13 29 14 36 6 37
15 32 24 22 40 2
31 9 4 26 18 5
28 20 33 3 7 34
25 19 35 16 39 8
38 27 40 11 32 1
33 36 18 6 26 2
5 10 37 4 22 16
1 34 15 21 23 25
20 29 17 13 24 7
14 3 8 38 30 11
31 35 28 27 9 19
12 40 26 39 6 21
17 4 5 32 8 36
10 19 31 2 37 20
11 33 25 30 28 18
27 39 23 24 38 3
7 9 15 16 1 13
22 14 34 29 12 35
23 32 2 25 31 39
6 40 24 30 9 3
1 22 5 26 20 14
18 7 11 19 36 12
33 15 10 38 17 35
21 34 13 4 37 27
8 28 23 29 16 6
12 18 20 32 35 40
9 26 10 19 34 30
14 5 16 2 13 27
8 38 22 7 21 31
4 25 29 15 11 17
1 28 37 24 33 39
36 7 16 3 21 27
17 8 2 9 20 34
14 30 31 15 39 18
37 3 40 5 12 25
29 26 19 32 38 33
23 36 13 22 10 28
6 11 4 35 24 1
20 16 21 33 29 30
9 25 32 10 14 36
2 4 15 12 3 28
34 18 24 5 13 38
35 37 11 7 23 26
39 19 22 17 27 6
40 1 10 8 31 29
37 38 21 28 2 9
39 11 20 13 15 22
16 17 3 18 31 1
30 7 6 34 5 32
24 27 12 26 25 8
40 33 19 23 14 4
36 2 1 35 22 30
39 5 9 11 10 29
27 8 18 37 15 23
31 24 36 34 12 33
28 16 26 40 17 14
25 6 38 20 4 7
3 13 35 19 21 32

