31 66 67 47 30 54
12 42 10 17 15 19
81 39 53 14 32 57
76 73 3 11 36 74
29 65 25 56 13 37
58 18 27 79 62 85
72 80 8 34 49 55
33 70 71 21 6 59
51 63 5 78 35 69
45 75 82 40 83 1
2 52 68 20 24 22
23 50 61 60 44 41
4 26 48 9 28 16
77 46 43 84 38 7
29 80 64 81 74 17
8 70 32 66 5 65
42 36 85 53 25 45
69 49 54 37 58 2
60 15 83 27 59 76
78 3 9 44 31 20
24 6 46 73 26 67
7 50 57 55 33 16
47 43 40 52 61 10
64 13 84 22 75 51
23 14 62 21 82 38
71 1 35 4 77 72
39 79 28 68 19 41
48 11 30 63 18 12
34 60 78 56 81 7
17 33 1 20 8 1 58 53
84 1 85 59 24 1 16 47
5 2 13 43 45 9
3 65 82 46 10 4
69 14 75 36 68 80
77 63 42 29 44 28
49 66 15 71 62 57
72 41 37 6 22 12
73 54 52 39 34 18
19 74 21 67 27 35
38 50 76 70 64 48
25 11 32 1 26 23
51 55 31 61 83 56
40 49 79 33 30 29
78 41 66 59 2 14
54 12 20 62 46 80
8 43 71 68 73 63
15 53 75 65 48 24
85 32 17 77 52 13
23 34 35 3 47 83
26 27 84 57 42 40
30 37 4 50 36 21
11 56 16 6 79 45
25 31 22 19 58 60
1 18 74 55 38 69
44 39 7 10 76 51
72 81 61 9 82 70
28 5 62 67 64 34
24 57 30 80 3 43
63 56 49 75 4 47
41 40 73 85 21 31
6 48 52 60 8 29
7 23 36 71 17 2
39 61 33 35 38 25
50 10 81 18 83 13
42 72 11 14 5 54
28 55 66 82 53 12
67 9 58 32 84 76
1 51 65 27 16 68
59 19 45 44 46 69
22 15 74 79 78 70
64 20 26 61 77 37
24 7 21 63 25 72
48 56 80 66 23 73
18 82 60 49 17 5
41 35 75 9 42 55
38 71 81 3 40 28
84 30 65 74 6 39
10 22 34 26 85 33
16 8 19 54 76 78
12 13 36 31 59 1
58 45 14 50 29 15
47 68 44 62 37 11
53 64 83 46 52 79
70 77 2 57 51 67
20 69 4 32 27 43
34 19 6 40 66 63
54 1 17 21 84 48
5 25 10 16 41 71
22 73 49 38 65 44
83 9 62 36 29 24
76 12 33 75 81 77
59 57 58 74 4 23
51 79 47 42 20 8
26 72 56 2 3 50
61 69 30 13 7 53
52 37 27 80 70 31
28 85 46 35 60 14
43 67 15 82 39 11
68 78 18 32 45 64
55 4 44 17 24 79
25 40 59 8 9 50
62 76 22 30 1 42
31 74 77 10 48 49
36 33 60 66 51 72
56 53 70 43 54 41
35 29 68 82 7 26
45 55 3 52 84 63
18 80 6 15 28 61
65 67 85 69 23 81
2 16 38 75 32 34
27 47 64 12 71 39
83 57 73 5 20 19
13 21 46 11 78 58
37 33 84 14 8 24
