43 17 20 83 64 58
42 48 15 84 35 56
75 77 50 73 13 71
21 44 1 88 49 30
74 69 12 39 86 22
85 79 60 26 36 90
67 70 14 80 51 82
87 10 81 3 7 47
54 8 9 27 28 4
76 11 63 66 52 31
33 24 78 5 25 6
38 23 37 53 59 72
89 55 61 46 2 32
18 16 41 45 40 34
65 29 68 19 91 62
57 17 13 7 70 26
64 82 90 84 54 3
30 81 66 48 60 69
44 75 5 56 31 87
4 85 51 10 53 71
63 72 46 14 39 28
86 50 41 35 79 78
77 37 19 18 32 1
47 88 11 73 29 58
6 74 21 43 42 27
80 24 36 83 40 2
12 25 38 67 91 45
59 34 20 9 61 76
23 57 8 16 68 33
49 22 89 62 15 52
13 55 82 30 64 65
54 7 10 78 1 39
53 42 66 32 14 75
41 77 31 60 72 43
19 45 5 27 86 48
91 21 56 2 79 76
23 87 61 84 74 29
51 37 16 17 28 49
90 4 11 38 24 65
57 85 35 83 55 67
80 34 46 52 26 71
36 59 47 8 25 44
20 69 62 40 6 88
89 9 33 81 50 12
68 63 73 22 3 18
15 58 79 87 54 70
91 53 5 49 82 39
76 65 67 10 32 16
37 61 14 75 48 57
64 2 25 29 34 19
62 84 45 1 47 83
78 56 85 59 11 27
66 43 80 89 13 86
72 17 52 81 88 3
74 31 73 15 8 90
26 22 42 41 44 51
58 33 12 63 40 30
35 69 28 70 24 77
7 46 50 38 20 21
6 71 23 9 18 60
49 68 55 4 36 86
2 43 88 53 65 11
25 10 74 64 75 80
79 81 83 61 31 39
45 76 15 40 13 51
70 41 37 56 63 8
33 1 26 35 20 66
19 58 78 14 60 38
71 30 59 54 90 22
47 89 77 4 67 68
62 28 34 82 50 23
3 69 6 46 85 44
52 27 57 18 84 91
48 87 36 32 73 17
42 5 7 72 12 55
29 9 24 21 16 15
25 83 71 49 41 79
65 39 4 59 60 40
11 64 8 81 77 14
58 44 28 19 80 10
86 18 54 85 38 47
27 73 76 46 70 23
22 56 62 55 87 43
13 42 88 90 9 48
78 21 45 82 89 63
31 29 75 69 33 7
51 66 84 50 16 2
26 91 74 67 72 36
61 1 17 12 68 24
32 57 34 5 3 20
52 6 35 53 30 37
71 38 87 8 43 76
13 46 83 56 19 4
70 40 25 88 55 23
78 66 28 73 45 22
60 67 2 33 15 64
50 90 68 72 14 69
10 17 77 5 21 84
16 30 7 74 11 89
31 34 49 48 85 6
82 41 12 47 57 24
18 39 58 65 51 75
42 29 36 1 52 59
32 54 81 91 35 44
63 27 79 80 20 53
3 26 86 62 37 9
61 22 70 90 25 72
8 66 34 83 88 21
24 10 50 43 23 31
17 71 56 69 78 47
45 46 49 64 68 59
40 15 32 7 52 85
44 48 18 79 33 82
36 19 9 11 75 84
81 53 63 86 62 67
60 12 35 51 27 29
39 38 16 20 37 13
77 80 6 57 65 54
1 14 73 5 76 89
58 4 3 41 61 74
30 26 87 28 2 42
55 75 40 91 78 90
22 17 67 34 11 50
84 8 53 25 7 60
9 47 32 31 64 70
39 83 56 68 6 82
86 72 33 59 73 10
29 81 85 66 5 41
24 62 51 46 30 57
71 89 65 23 36 35
16 91 42 61 58 69
28 79 1 13 3 43
20 2 14 74 49 18
55 27 77 38 63 44
37 45 80 88 4 87
21 52 54 26 12 48
15 19 53 76 47 33
31 82 25 17 86 46
72 8 75 34 35 30
22 13 84 29 6 32
65 14 83 9 73 7
36 18 38 28 56 81
89 90 2 37 10 27
60 50 45 44 61 11
19 39 40 87 57 21
3 67 49 23 58 66
41 26 59 55 15 69
48 63 64 1 71 91
68 43 52 20 70 85
51 74 88 79 77 5
4 78 80 12 62 16
76 54 60 24 42 72
10 9 30 56 45 57
58 21 53 36 22 31
2 38 6 75 41 17
69 67 82 8 1 27
35 47 13 52 49 61
73 51 20 25 81 55
62 18 64 66 90 7
70 59 43 16 48 19
79 84 65 37 12 46
87 91 86 34 89 24
78 83 26 77 76 29
85 3 39 33 80 42
63 32 74 50 88 54
11 28 40 71 5 68
44 4 15 14 23 17
2 7 59 82 35 58
12 36 61 6 66 10
24 8 79 75 19 22
43 46 18 67 78 9
27 49 70 42 65 81
90 87 52 77 16 25
40 56 1 50 53 26
68 51 54 21 33 13
30 23 73 85 80 91
57 86 88 28 76 64
44 84 72 89 20 4
69 5 38 15 83 63
11 32 48 39 62 41
47 60 55 34 74 37
14 31 3 45 71 29
