45 49 22 11 4 41
44 59 6 52 30 53
42 46 19 16 31 13
39 17 33 38 9 51
47 36 23 14 50 3
20 54 29 21 55 40
56 37 48 35 32 15
2 57 25 12 7 43
18 28 1 24 5 60
10 26 34 8 27 58
51 46 54 49 6 50
4 53 32 19 39 3
52 35 40 12 14 42
30 16 29 41 57 48
34 60 37 22 24 38
26 5 2 47 44 11
25 36 55 15 45 27
9 1 43 8 23 21
13 28 58 17 20 7
33 10 18 59 56 31
30 26 4 35 42 38
34 51 5 16 2 12
11 6 48 60 23 25
3 43 49 55 14 44
7 21 22 53 33 46
32 18 8 45 29 17
20 27 56 19 47 1
28 40 39 59 50 37
13 10 52 41 15 24
54 58 57 9 31 36
53 23 5 49 29 35
25 20 43 34 33 42
19 11 50 18 7 30
17 52 22 26 56 16
51 4 15 14 57 28
38 3 10 6 21 45
8 47 12 37 54 13
46 55 59 1 58 32
27 41 40 9 60 44
31 39 2 36 48 24
25 22 14 5 19 10
6 16 4 37 18 20
21 32 59 42 49 47
35 13 45 60 33 54
48 44 34 1 17 36
50 15 9 29 12 26
58 41 31 51 43 53
23 27 38 46 2 28
39 8 55 57 11 52
56 24 7 40 3 30
6 13 14 32 34 9
44 50 21 58 25 16
41 37 36 33 19 26
49 20 15 2 8 60
45 5 46 43 39 56
31 29 7 4 52 1
10 12 23 55 30 17
59 35 24 27 51 11
57 38 47 40 53 18
54 3 42 22 48 28
2 14 33 29 58 6
21 12 60 36 4 56
30 1 49 13 25 39
24 45 57 23 26 20
50 31 27 5 22 32
48 38 19 43 59 8
28 16 35 47 9 55
15 53 17 11 40 54
44 37 51 7 42 10
46 52 41 3 34 18
