28 27 3 23 11 4
29 21 2 19 33 36
25 20 14 9 16 17
10 22 6 32 30 13
15 24 1 8 12 31
34 26 18 5 7 35
19 20 13 14 32 33
9 28 6 25 31 27
4 21 3 36 30 34
7 2 24 12 11 1
35 23 10 15 5 17
22 18 8 29 16 26
11 25 13 30 1 7
31 6 36 23 12 28
17 18 19 27 29 9
33 15 4 5 8 3
32 22 20 2 10 14
34 35 16 24 26 21
28 8 17 1 23 18
7 29 25 10 20 33
36 3 32 13 24 27
6 14 12 26 4 30
16 2 15 35 21 9
11 22 5 31 19 34
10 12 13 33 27 18
1 4 32 29 28 35
6 34 21 25 3 2
26 19 8 31 16 23
30 22 15 17 7 36
9 14 5 20 11 24
35 2 19 8 25 4
10 1 3 6 23 27
34 9 11 22 36 26
18 13 7 14 30 31
21 17 20 15 28 32
12 33 29 24 5 16
35 3 26 36 2 1
14 8 11 21 10 28
23 5 29 13 9 22
7 27 16 20 4 34
24 32 31 33 17 30
18 15 12 19 6 25
13 8 21 9 3 7
2 31 26 14 17 29
22 34 28 6 35 24
1 16 33 15 11 36
30 23 20 4 19 10
32 27 12 25 18 5
17 26 11 6 13 29
23 24 22 34 14 15
16 12 4 32 10 9
27 36 5 21 7 19
1 25 35 3 31 20
8 33 2 28 18 30
19 29 32 12 34 7
27 4 14 13 15 35
20 36 8 18 6 11
31 28 1 16 21 22
2 30 9 26 5 10
3 17 23 33 24 25
20 15 27 29 34 8
12 5 19 26 1 14
11 35 30 21 32 23
16 36 25 28 13 2
24 10 17 4 7 6
18 9 31 3 33 22
36 13 23 8 32 16
30 29 10 27 1 34
7 26 28 3 19 15
5 6 33 22 14 35
11 31 21 17 25 12
4 9 24 2 20 18
