42 58 28 50 1 20
17 18 36 13 7 41
39 16 51 5 11 24
34 14 22 33 32 8
10 40 53 31 3 43
19 47 35 29 26 6
52 49 37 15 59 25
55 46 54 27 57 23
45 48 2 56 12 9
21 38 30 4 44 10
16 53 41 39 50 33
31 42 52 51 22 43
20 23 25 32 57 18
49 54 8 11 26 2
24 56 34 44 28 35
29 59 12 7 21 3
1 15 45 36 4 40
6 58 17 38 14 27
5 55 9 13 48 19
47 46 33 30 37 18
56 1 54 28 16 1 12 49
7 52 1 39 45 8 40 1
38 1 32 44 35 1 36
9 23 14 42 15 5
37 4 47 58 51 19
2 21 43 3 17 11
57 46 53 48 24 29
34 13 31 25 27 50
41 6 30 22 59 20
26 10 1 55 16 7
43 45 38 14 49 5
54 15 3 58 33 35
50 17 44 48 47 57
22 40 21 25 9 46
56 51 2 37 6 10
27 55 29 41 52 32
13 11 18 4 53 42
19 8 12 31 36 20
59 39 26 23 34 28
25 24 6 30 43 54
16 37 45 32 21 48
1 13 22 2 29 35
57 5 40 8 42 47
41 38 49 51 34 46
11 55 58 9 18 31
3 36 39 26 14 56
7 20 44 27 10 15
28 52 17 30 53 19
59 23 50 12 33 4
42 18 40 24 2 38
41 43 8 21 58 56
32 29 46 15 31 26
5 10 7 6 35 57
59 30 13 16 3 19
51 1 44 17 54 23
24 47 50 45 52 22
28 11 33 36 25 55
48 20 9 39 49 4
12 27 34 53 37 14
35 17 5 40 46 59
8 16 23 29 3 47
11 7 15 6 28 22
51 26 33 57 9 43
14 4 55 2 25 53
38 20 13 54 24 37
32 12 42 58 44 41
27 31 30 1 56 49
18 34 48 52 36 21
10 19 39 50 45 11
43 14 28 46 35 16
12 51 6 40 32 13
37 8 31 17 4 24
3 9 41 1 57 38
48 22 27 18 19 59
45 5 56 33 20 55
23 7 58 30 2 52
21 25 54 47 39 15
34 36 49 29 42 10
44 26 37 53 6 50
4 5 3 28 41 27
46 12 2 52 33 16
20 30 14 11 40 48
43 18 1 15 13 8
58 29 31 44 39 45
59 24 32 10 54 9
7 53 36 38 47 51
50 35 21 23 49 55
42 56 25 26 19 17
22 15 4 57 34 16
52 8 46 9 44 13
33 41 48 6 31 7
28 50 29 40 51 54
35 45 30 37 27 42
36 57 24 49 2 59
17 43 47 20 39 34
53 38 11 23 32 56
14 21 18 5 19 1
25 22 26 12 58 10
3 59 6 55 45 42
36 9 16 20 37 17
33 2 27 39 38 29
19 11 23 40 41 34
31 56 57 13 28 21
47 10 52 54 1 14
15 55 12 24 30 51
35 48 53 8 25 58
49 44 3 18 22 5
4 50 32 46 43 7
26 16 40 56 52 38
