33 36 6 30 13 21
23 34 17 10 4 19
14 12 2 5 39 31
27 32 35 22 11 3
25 15 28 1 8 20
7 29 38 26 24 18
9 37 23 2 6 16
34 11 36 1 5 3
15 19 20 12 10 13
16 27 33 24 17 39
38 14 9 28 30 32
8 7 26 35 31 22
29 21 18 37 25 4
28 1 6 9 34 12 1 27
38 1 10 1 31 16 24
35 36 14 4 29 33
25 8 5 7 19 37
26 30 17 13 2 11
23 3 39 18 22 20
21 4 32 15 5 7
6 25 13 11 38 16
36 24 10 35 37 28
32 3 15 19 33 2
8 30 31 39 18 34
29 1 22 17 12 9
27 26 21 20 23 14
19 34 5 24 35 38
28 22 4 37 16 30
10 18 8 33 9 11
3 7 12 17 21 14
29 13 23 39 32 1
31 15 26 36 27 25
2 20 24 6 4 8
39 11 19 9 21 7
22 14 37 15 38 34
30 35 33 12 23 25
13 1 28 2 18 27
16 3 10 5 26 29
17 20 6 31 32 36
14 24 13 25 9 22
38 2 30 7 10 27
32 16 8 21 12 36
11 31 29 19 28 23
5 17 35 18 6 15
37 34 1 20 33 26
4 39 12 3 28 38
