29 38 25 44 3 14
30 33 43 1 5 39
12 21 8 27 9 23
15 2 26 22 28 17
42 34 19 40 6 41
32 10 11 13 20 24
36 37 4 35 7 16
39 26 31 18 29 40
3 22 33 34 20 10
38 6 1 15 41 12
8 42 35 5 28 21
27 37 19 13 44 17
31 11 23 9 16 2
18 36 24 4 43 25
14 10 7 32 30 15
16 33 39 19 12 26
44 4 2 13 34 43
24 41 8 29 37 30
5 31 38 23 18 20
25 1 40 7 21 22
17 32 9 6 42 3
28 14 27 36 35 11
37 2 7 19 38 39
9 15 42 26 24 4
6 35 22 18 11 44
14 32 1 17 31 8
23 12 13 41 28 3
20 30 40 36 25 16
10 43 5 34 27 29
33 12 44 21 42 32
19 16 24 22 8 14
7 29 28 9 34 18
26 21 38 6 10 36
35 23 41 17 20 43
11 39 4 30 1 3
27 13 2 25 15 33
37 5 44 31 40 10
34 30 7 12 24 17
29 6 16 1 2 28
38 40 42 8 43 11
3 9 20 35 15 37
39 18 13 14 36 21
25 19 32 5 26 23
22 4 31 33 41 27
43 29 12 20 14 6
21 3 35 2 19 30
15 8 18 33 11 34
26 44 36 37 23 1
16 22 13 42 5 7
41 17 10 25 39 9
4 40 27 28 38 32
31 13 6 24 35 30
43 44 41 11 7 26
22 25 34 32 39 37
28 24 9 20 33 38
17 19 15 31 36 29
10 27 18 16 1 42
40 8 5 3 2 12
23 21 33 4 14 29
1 26 34 38 13 35
39 7 20 8 27 6
2 32 36 42 18 41
24 3 15 44 16 21
11 17 37 12 4 5
10 25 28 43 31 19
30 23 14 40 9 22

