60 31 29 51 13 36
40 15 43 62 41 6
54 5 19 22 47 23
9 42 66 64 48 1
34 45 68 65 17 4
25 30 24 8 57 55
49 10 26 21 58 56
33 50 11 18 20 61
37 12 3 16 7 44
2 52 35 63 59 46
14 67 28 38 53 39
32 36 62 65 27 48
10 57 6 42 29 11
31 17 1 8 20 23
35 7 55 60 21 64
44 43 39 52 33 40
37 25 38 68 50 63
51 18 22 58 45 67
4 56 47 24 16 66
41 61 30 19 27 59
12 53 13 34 9 26
28 5 32 3 46 49
15 14 44 2 60 54
11 1 65 22 25 1 43 42
48 37 30 52 31 10
27 38 26 39 64 51
67 59 21 29 68 24
18 8 7 56 28 46
3 1 36 57 2 17
32 34 20 66 41 54
23 15 16 61 63 53
47 49 45 9 35 62
4 33 12 6 55 5
13 40 58 50 14 19
27 42 2 21 37 8
57 23 28 26 51 65
47 17 9 38 32 15
31 48 41 18 16 35
40 1 25 59 13 7
60 34 62 67 33 30
53 68 20 44 19 29
22 66 46 11 39 12
63 58 24 64 36 5
61 14 52 4 49 55
43 54 50 45 3 10
6 65 67 56 44 13
2 47 16 26 11 60
32 7 58 39 30 42
27 24 31 33 28 34
63 29 17 66 55 43
38 54 8 49 6 59
25 19 18 3 21 9
64 46 23 62 10 14
35 37 51 5 40 61
20 12 45 15 36 52
50 53 4 48 22 57
56 41 60 1 39 68
46 38 44 42 34 16
43 58 65 47 31 7
10 35 15 25 66 33
55 9 28 20 59 37
12 54 57 68 18 27
62 49 13 17 24 53
45 6 48 26 1 19
36 23 21 30 40 4
5 52 41 67 2 50
11 51 63 14 56 32
29 64 3 22 8 61
6 46 58 9 60 53
55 39 10 36 47 18
19 4 2 33 65 38
16 67 27 49 20 43
59 44 64 31 32 57
17 22 14 41 26 37
66 61 45 13 25 5
52 63 21 28 62 1
40 29 48 12 56 34
42 3 50 23 24 35
8 30 51 11 68 15
54 26 67 7 61 36
41 13 33 46 57 47
17 19 60 10 28 12
1 44 32 35 4 29
5 48 59 43 21 14
53 42 56 54 25 31
24 55 38 45 11 40
20 22 3 30 63 6
51 66 68 7 62 2
39 16 9 50 8 65
34 64 49 15 18 37
23 52 11 58 27 25
