2 31 48 15 20 61
35 74 34 62 80 39
16 79 18 28 41 57
52 43 58 55 66 78
47 50 26 46 65 76
42 23 13 24 14 1
25 6 72 11 77 32
36 75 44 67 81 64
45 54 68 33 53 17
40 71 63 29 3 21
27 60 7 10 38 56
51 8 69 19 4 30
9 22 59 5 70 73
77 12 49 55 2 37
50 44 13 61 52 6
65 67 57 11 25 33
29 36 1 80 16 15
47 24 56 79 48 66
23 18 10 26 58 39
41 21 5 7 68 75
30 51 22 43 81 38
28 32 71 64 76 53
46 14 70 8 45 49
9 62 17 69 40 37
34 20 78 27 59 42
31 4 54 3 73 74
60 35 19 12 72 63
48 29 10 65 75 51
56 5 52 16 26 25
57 70 11 53 46 30
80 64 7 14 69 18
17 77 44 24 34 76
21 79 4 42 39 45
31 1 6 55 68 19
2 58 27 13 63 74
71 43 59 50 23 60
72 62 20 49 38 73
3 28 47 12 9 8
66 32 15 35 54 81
41 33 36 37 22 78
14 61 67 34 40 5
74 53 16 10 77 21
76 45 80 30 55 58
69 38 52 71 48 75
1 59 62 8 11 2
17 3 81 20 13 65
18 51 33 6 27 70
42 72 40 31 28 36
39 19 46 22 56 15
32 7 29 12 73 78
23 63 37 54 47 44
79 67 43 64 49 68
4 57 61 26 60 66
25 9 24 35 41 50
17 18 71 5 30 2
55 28 13 22 34 10
58 3 59 7 48 6
77 73 42 75 23 46
53 12 65 43 36 69
51 11 60 45 15 64
78 26 14 44 68 74
4 52 67 47 29 41
70 37 19 80 25 21
81 27 32 61 62 79
38 57 35 40 76 1
54 20 16 8 24 72
63 33 39 9 66 31
50 51 49 56 42 3
78 7 71 13 46 4
14 60 53 58 25 18
32 26 41 69 2 34
44 35 29 38 45 28
19 11 43 73 24 36
66 30 16 65 37 27
59 80 17 63 49 57
5 15 8 33 79 40
68 72 23 81 52 12
6 22 76 21 61 54
62 47 64 10 31 50
56 9 55 20 75 74
67 70 77 39 1 48
36 46 38 66 17 2
3 43 41 44 80 27
23 81 58 11 4 5
52 30 33 21 35 14
29 64 25 61 8 42
45 10 24 57 71 12
76 69 31 60 59 67
62 53 26 1 7 22
15 78 65 6 28 77
75 19 34 49 16 47
13 9 48 18 54 72
63 73 50 70 55 79
39 40 20 68 37 51
56 74 8 32 36 23
22 66 11 80 42 71
30 26 24 15 67 3
49 27 29 69 5 53
57 13 14 77 19 62
25 54 12 34 31 38
37 1 75 18 50 45
10 6 35 79 20 46
73 58 47 51 41 17
32 21 55 60 44 9
76 78 81 48 63 16
68 2 4 28 56 70
65 40 64 59 39 52
7 74 61 72 33 43
8 27 77 26 71 35
37 17 31 29 14 11
57 15 44 58 50 22
79 19 9 67 53 23
46 24 28 62 21 51
73 30 25 13 10 68
40 2 7 81 47 80
16 59 55 38 33 32
75 39 69 72 78 61
70 42 54 60 65 41
6 34 56 63 43 45
20 76 3 52 18 36
1 12 5 74 64 66
4 49 40 48 44 25
58 13 67 37 32 35
50 39 28 19 17 7
78 8 80 53 31 73
41 61 30 59 56 77
36 16 14 71 51 9
68 22 18 24 65 63
49 10 79 54 52 1
48 21 11 27 12 26
75 76 15 43 4 62
81 46 34 33 29 60
74 5 38 42 6 47
64 55 3 2 57 72
66 45 70 23 69 20
