5 1 42 16 39 51
37 59 12 47 23 2
28 25 58 26 30 60
45 6 22 38 32 43
44 27 3 53 19 61
52 49 35 15 18 11
24 54 46 57 55 40
20 34 8 7 36 31
48 14 56 29 13 50
33 10 21 9 41 4
17 45 3 28 52 47
55 44 43 16 23 5
61 57 2 31 39 20
53 38 29 15 46 36
26 41 35 12 7 27
14 22 49 59 42 40
30 11 33 13 54 17
9 50 24 32 34 60
6 25 48 8 4 1
51 18 37 10 19 56
23 7 21 58 45 15
20 1 47 38 30 1 53 16
50 14 12 22 33 46
57 52 39 29 32 44
31 28 3 1 49 13
8 11 58 10 61 24
54 6 4 41 56 59
48 19 18 21 5 26
60 35 37 51 55 34
36 9 42 25 2 27
40 43 7 12 17 32
13 59 61 57 15 10
56 44 53 24 58 49
38 28 34 18 41 39
4 60 19 29 42 23
45 51 5 20 9 17
43 36 47 1 46 14
50 27 48 52 37 54
31 26 6 40 16 11
30 35 55 3 22 8
2 28 21 33 25 34
56 39 13 23 45 36
47 42 54 18 61 7
26 14 10 6 52 53
44 1 50 35 17 4
5 59 30 37 32 41
43 31 19 12 15 24
33 29 9 49 8 55
2 38 51 58 48 40
27 16 22 60 57 25
46 21 20 11 3 35
36 26 18 59 50 45
34 17 49 6 61 23
48 24 51 47 7 33
55 56 31 27 30 38
11 12 4 57 5 28
2 8 32 19 54 16
14 37 15 25 20 44
39 46 58 52 22 9
13 40 53 60 21 1
42 10 41 43 3 29
36 35 61 28 48 55
23 12 38 14 24 25
17 31 16 58 18 59
46 2 26 56 32 49
3 34 15 51 4 57
50 30 43 39 21 53
1 9 11 22 37 7
27 5 29 47 40 6
20 13 52 42 8 19
33 60 54 44 10 45
16 58 56 41 3 14
38 4 37 43 61 26
5 24 7 30 29 2
55 20 6 12 21 52
45 33 18 27 15 1
32 40 23 10 47 35
41 49 57 17 60 36
51 53 22 8 13 28
11 25 59 19 50 39
48 44 42 46 31 9
34 58 29 54 1 20
7 2 60 18 6 3
4 16 52 24 36 13
61 56 25 40 33 5
32 11 45 42 53 55
46 50 41 23 51 31
49 10 30 34 48 12
19 9 28 54 43 14
17 15 47 22 26 39
21 27 8 59 38 44
37 57 31 35 6 33
3 51 32 25 29 36
61 12 30 9 16 45
22 23 41 53 20 48
34 1 59 52 5 46
35 13 27 58 43 2
7 19 57 49 38 50
21 24 42 26 37 28
15 60 8 56 47 11
39 14 17 54 55 10
18 40 20 4 44 30
