13 55 38 65 64 35
73 30 74 11 26 34
21 60 68 2 12 69
51 58 22 54 23 33
66 20 37 32 36 44
14 72 17 41 62 3
57 28 8 4 24 31
70 63 56 67 15 10
50 40 43 53 5 76
7 6 16 45 27 19
77 75 18 61 48 47
59 29 49 25 46 52
1 9 28 39 42 71
73 22 23 56 57 55
70 51 14 74 36 68
37 69 11 41 4 27
76 45 44 38 54 61
5 35 8 25 48 19
46 10 63 62 47 30
17 20 58 15 12 18
34 59 72 53 39 60
65 32 29 1 64 50
7 26 2 42 6 9
24 67 75 40 49 77
71 52 33 3 31 66
13 16 62 43 21 36
55 1 22 19 10 14 34 1
4 1 5 59 63 1 45 58
64 46 61 20 51 12 1
49 1 27 38 26 17
15 65 42 3 60 57
70 16 2 66 23 47
24 71 9 72 75 37
11 76 54 8 25 69
43 67 39 32 74 7
29 40 56 18 13 6
28 73 48 21 33 50
77 44 30 31 68 35
41 53 51 52 16 24
46 3 5 8 38 37
11 47 15 45 59 64
6 23 1 43 60 14
71 50 36 17 33 25
9 56 54 66 12 30
63 2 39 20 52 75
19 68 49 57 18 53
21 41 48 67 44 65
55 32 76 31 70 26
29 58 28 34 69 7
42 10 74 13 4 73
40 27 35 61 22 72
77 53 12 62 1 71
67 57 20 14 54 37
39 66 55 49 21 11
34 51 68 32 41 8
4 50 58 75 6 30
52 27 9 15 73 25
60 24 69 17 64 10
74 16 44 63 3 40
56 65 47 19 76 62
45 77 26 33 72 46
31 7 38 22 13 48
18 43 70 59 35 28
36 61 42 5 29 23
51 55 49 2 3 71
12 39 57 50 47 27
14 56 73 46 77 58
75 31 63 54 60 41
62 32 59 24 7 48
23 42 21 76 35 34
61 66 4 22 1 67
5 33 64 30 18 2
68 72 15 65 37 43
44 11 13 53 6 28
8 17 45 9 70 74
19 36 69 40 38 52
26 29 25 16 20 10
4 35 32 47 2 14
76 30 1 57 41 59
50 37 31 58 42 18
60 7 33 61 8 56
68 48 11 71 17 40
12 45 52 55 10 43
15 19 24 29 54 21
77 39 6 25 51 3
69 13 70 20 49 72
5 9 16 44 34 22
75 38 62 26 67 23
27 53 64 74 46 66
63 73 65 36 28 7
58 19 3 1 48 43
52 42 50 8 70 77
47 71 32 69 22 6
72 2 57 38 11 29
56 68 53 35 45 75
13 46 67 60 17 16
66 76 18 34 24 73
10 27 31 59 21 51
39 4 26 54 5 36
14 65 33 49 9 63
30 55 40 28 15 20
25 23 74 12 44 41
62 61 52 64 37 34
47 31 60 53 29 73
72 36 11 67 19 42
35 17 57 51 63 5
6 68 20 33 9 76
21 71 38 30 70 4
58 25 61 74 2 24
1 18 46 7 54 55
28 43 41 56 66 26
48 37 40 39 14 45
69 62 44 50 59 15
23 77 3 27 32 13
64 12 8 16 49 22
10 75 51 11 65 5
20 74 34 31 56 1
6 57 54 48 52 70
43 33 24 42 44 47
60 25 66 45 62 4
37 73 59 40 19 12
64 14 7 76 71 75
17 41 77 2 28 22
27 38 36 55 58 53
18 8 10 72 39 23
30 15 49 16 61 32
26 21 13 63 50 68
35 3 67 9 69 29
46 34 12 65 75 70
47 55 25 37 7 17
4 1 72 44 56 51
38 66 16 42 59 77
33 61 41 19 13 39
54 62 35 73 49 6
22 74 21 52 18 60
29 43 71 27 8 63
3 28 64 68 67 5
23 11 45 24 50 20
10 40 32 58 57 9
69 14 53 26 30 65
2 31 76 36 15 46
48 34 4 55 63 12
