19 41 16 22 28 4
20 35 27 14 38 2
40 46 34 21 45 25
12 33 5 39 17 8
42 43 36 23 24 6
49 32 18 48 29 13
30 1 26 11 37 7
31 44 9 47 15 10
39 3 45 34 16 25
27 14 49 23 19 4
22 29 24 17 26 48
10 8 30 31 38 35
46 32 11 28 43 13
5 3 36 2 21 15
41 33 37 18 40 42
7 1 6 47 20 44
12 25 31 9 49 22
10 27 34 30 28 11
40 8 4 15 42 13
43 16 7 36 48 38
21 24 44 45 6 14
5 47 37 46 29 17
35 12 19 23 32 1
33 18 26 20 3 9
2 39 6 7 13 41
8 49 5 10 28 24
25 22 27 29 42 1
16 23 3 32 9 37
46 35 26 15 48 31
2 43 30 36 21 20
18 14 39 40 47 17
44 41 34 11 33 19
42 4 38 45 12 26
21 13 23 27 16 31
49 36 24 39 37 1
35 25 7 5 41 43
30 9 48 6 19 8
12 2 32 44 18 10
11 22 14 38 46 15
4 17 45 40 20 28
29 47 33 3 34 30
9 42 16 5 35 1
26 19 14 39 49 21
10 13 38 36 17 12
29 34 15 24 32 41
22 23 46 44 7 40
31 6 28 25 33 3
45 8 27 47 18 43
48 11 20 37 4 2
42 46 21 35 41 49
19 44 36 17 5 28
13 30 32 24 45 9
43 11 29 22 31 39
1 38 47 33 4 34
6 10 20 15 16 14
23 26 2 8 25 18
3 48 40 27 7 12
37 30 22 32 39 5
20 34 19 49 10 42
4 47 11 9 23 35
46 36 28 8 12 29
18 15 24 7 45 33
25 37 17 6 27 21
31 14 40 1 2 16
38 43 44 13 26 3
45 23 48 41 10 22
15 12 20 27 24 47
16 29 39 33 2 46
34 6 5 26 11 8
18 37 13 19 1 43
4 36 41 3 31 32
48 7 28 14 9 21
17 44 49 30 40 35
42 25 47 38 11 16
1 24 12 3 19 46
29 21 7 6 13 4
33 27 40 36 26 10
28 39 25 37 15 35
48 42 41 14 30 44
2 17 9 49 45 43
34 31 23 38 5 18
32 22 21 8 20 33
26 15 27 16 30 46
43 10 39 4 44 1
47 28 23 24 48 2
32 7 17 11 31 42
13 14 20 25 5 29
35 6 36 34 18 22
8 9 38 37 40 19
41 45 11 12 3 49
20 5 31 27 39 48
16 4 18 24 25 30
28 38 32 26 40 6
9 43 15 14 34 12
17 1 3 41 8 23
44 35 45 37 36 29
13 2 49 33 22 42
19 21 10 7 46 47

