24 46 10 67 73 79
62 39 15 40 14 19
80 78 75 63 57 26
84 87 49 85 71 22
16 7 17 86 60 44
70 83 4 41 27 58
45 23 48 50 88 18
36 3 64 52 55 54
5 20 51 11 72 31
9 21 42 69 43 13
76 25 30 8 29 2
65 38 56 6 82 68
77 34 74 61 53 28
66 32 59 81 37 1
35 12 62 79 33 47
52 71 44 45 26 10
60 31 87 80 42 15
17 9 75 54 19 29
21 68 78 20 24 88
40 13 46 30 83 3
32 27 36 8 84 73
38 55 49 74 35 66
64 86 76 65 28 1
2 5 69 6 47 4
67 14 57 70 51 77
85 48 41 11 53 33
61 16 43 12 59 22
63 58 7 34 18 56
23 39 37 25 82 72
81 17 26 50 40 35
60 1 24 74 27 62 45 1
5 1 8 88 75 14 1 64
73 2 19 33 38 42
68 31 29 77 71 4
53 67 83 49 78 12
37 46 43 76 80 11
25 44 47 3 20 59
22 6 70 63 39 21
72 85 13 65 58 36
82 50 54 7 66 87
51 18 86 32 79 69
55 30 34 10 15 41
1 57 61 23 52 84
28 81 9 48 56 16
11 70 60 25 2 68
83 21 19 59 77 8
80 35 3 4 45 85
29 24 63 38 44 37
71 42 6 66 30 27
14 58 43 17 87 23
1 9 12 73 82 51
79 13 84 39 34 78
54 20 32 26 67 56
36 49 61 86 5 48
41 74 57 47 46 16
69 65 62 50 10 75
33 72 40 55 18 28
7 22 53 31 64 81
88 52 9 76 15 27
1 42 83 20 29 39
30 77 5 12 80 44
17 8 66 3 57 24
68 86 73 34 23 59
55 47 11 13 50 63
71 48 7 35 70 69
15 22 18 26 74 36
10 16 82 32 49 76
14 25 38 81 41 78
2 84 72 62 56 64
53 65 87 21 51 40
31 45 33 58 61 54
19 28 85 46 6 88
75 52 37 60 4 67
43 26 55 79 1 70
27 63 77 49 17 25
39 11 12 57 10 38
56 66 80 47 36 21
15 81 73 83 5 65
78 59 72 9 7 45
64 33 34 46 69 60
41 76 68 42 54 51
48 31 84 82 43 24
23 75 28 44 22 35
71 79 40 88 2 58
20 61 14 37 85 30
18 4 8 6 16 53
87 29 52 13 62 32
86 50 74 19 3 67
5 33 10 66 68 63
21 49 45 15 28 11
77 81 55 24 23 2
69 88 25 84 54 80
18 37 71 83 64 17
8 79 22 60 41 20
56 3 39 43 75 53
59 38 31 46 36 50
44 65 32 9 74 14
26 12 27 7 85 29
78 6 62 61 73 76
47 70 86 72 87 30
42 40 82 4 34 57
51 19 52 58 35 16
67 48 80 13 1 2
28 14 50 68 83 79
18 43 21 29 41 5
22 32 46 78 17 55
30 88 65 49 26 33
53 54 60 57 59 71
74 63 85 52 69 82
87 4 1 56 19 25
70 36 34 12 75 45
27 10 35 37 86 31
24 15 47 51 61 7
58 67 8 42 62 81
3 11 6 84 9 77
73 44 66 39 72 48
16 40 23 38 64 20
45 76 5 14 60 13
