21 18 50 5 22 7
8 10 20 16 46 6
9 45 24 33 28 30
38 27 29 48 17 11
15 1 26 36 41 25
14 40 19 3 35 34
4 49 2 31 42 12
32 37 43 13 47 44
29 8 39 7 23 15
41 3 19 20 28 9
33 48 5 2 34 46
38 44 30 22 49 26
6 40 36 25 27 32
43 47 1 24 42 23
35 21 16 45 12 17
11 39 4 18 37 14
50 13 40 48 31 10
15 1 32 22 20 19 2 1
29 44 1 42 16 1 45 36
17 7 43 4 33 25
31 30 23 34 11 41
26 37 46 9 14 27
18 5 10 1 35 38
50 6 28 47 39 12
24 13 49 3 8 21
41 46 45 37 7 2
19 26 34 10 16 17
27 1 5 39 32 28
22 24 4 6 9 29
20 25 35 49 50 47
13 31 18 42 14 15
36 30 8 21 43 48
12 33 38 23 44 3
49 16 11 1 40 22
34 20 27 45 4 13
46 25 39 19 24 31
37 15 3 5 30 6
40 44 28 14 21 29
42 33 8 11 26 50
47 23 2 17 36 18
12 9 48 32 10 7
41 38 31 6 43 35
44 25 16 5 11 13
1 19 37 50 29 33
30 17 32 46 3 42
22 41 12 8 27 47
2 18 9 40 21 34
45 39 15 10 43 49
28 48 23 26 4 35
7 38 14 24 20 36
44 17 8 31 9 1
25 2 10 30 29 3
46 11 47 15 4 21
49 6 45 19 48 18
16 14 32 23 50 41
35 36 13 39 22 33
7 34 42 28 38 37
43 5 20 26 12 40
16 15 24 27 2 44

