42 4 19 34 54 58
53 23 8 62 63 20
60 36 17 7 29 10
30 3 47 21 40 31
49 15 39 6 43 55
9 2 18 66 50 46
33 13 51 16 35 12
37 56 11 48 28 27
1 14 64 24 26 44
22 41 25 5 45 61
52 59 32 57 38 65
30 23 16 42 15 29
11 18 49 47 12 53
27 20 37 17 26 46
6 58 28 31 51 2
59 9 34 60 44 33
43 66 10 4 62 1
21 55 25 24 32 54
41 13 57 8 22 38
35 61 64 7 40 63
3 5 65 14 48 45
36 50 52 19 39 56
53 27 1 12 54 60
43 13 59 41 11 29
21 8 17 61 66 58
42 44 65 63 25 28
47 31 57 50 20 45
18 23 40 5 52 34
6 46 24 22 35 3
26 49 4 2 36 38
10 48 19 51 64 15
37 55 7 56 9 16
62 14 39 33 32 30
12 5 21 29 28 50
38 18 35 31 42 27
61 2 53 45 65 43
20 48 13 34 7 4
54 62 44 36 22 23
57 30 19 1 46 55
24 58 17 33 56 49
66 63 59 14 6 10
32 60 9 41 47 16
15 52 8 3 26 37
39 64 40 51 25 11
27 19 33 5 43 30
24 4 14 7 6 12
54 46 63 62 48 41
52 16 61 44 49 31
35 36 32 50 58 3
25 15 17 59 47 18
55 10 64 13 42 8
23 45 28 9 66 38
57 39 60 40 37 2
53 34 51 56 21 26
20 11 1 65 29 22
8 30 50 48 54 59
61 47 7 28 10 33
45 60 58 46 52 13
56 63 24 43 57 18
40 38 11 15 16 14
39 1 3 9 20 49
65 62 55 35 17 5
6 37 36 64 25 42
27 44 41 51 21 4
29 53 66 34 31 22
32 2 26 19 12 23
54 33 35 11 10 45
28 60 15 58 64 20
16 46 21 65 59 6
63 30 38 3 24 34
9 31 12 25 57 62
8 56 44 2 5 49
66 27 26 29 55 47
1 36 41 40 53 52
48 17 4 23 39 32
37 18 14 13 19 61
50 22 43 7 51 42
57 5 26 30 10 58
63 15 31 46 33 36
65 34 8 47 24 39
64 3 29 18 41 56
38 59 20 55 61 51
17 50 42 14 53 60
25 12 2 48 35 52
23 9 62 13 27 6
11 43 7 44 32 66
45 1 21 16 4 37
54 22 19 28 49 40
10 38 46 39 53 25
56 61 30 60 23 6
2 41 33 20 18 55
32 31 11 4 8 63
22 47 48 58 19 44
26 40 45 62 42 59
21 7 35 15 1 57
28 3 12 17 34 43
49 65 50 37 13 66
27 16 5 36 24 64
29 9 51 52 14 54
26 58 7 18 45 39
55 59 15 44 12 22
33 34 6 32 1 50
23 24 10 41 37 31
20 66 56 25 16 54
5 40 13 63 17 2
49 29 14 4 28 46
19 51 60 8 62 3
42 52 57 11 27 61
38 43 48 36 21 47
53 65 35 64 30 9
31 28 54 26 39 13
59 7 25 2 3 23
34 45 63 49 55 27
10 20 22 18 21 32
58 8 43 40 14 9
50 61 62 15 11 24
4 33 66 60 64 52
46 42 47 1 56 5
16 6 48 17 57 53
12 51 41 30 65 36
44 35 29 19 38 37
