15 47 85 27 21 75
68 78 3 92 9 18
64 42 4 50 11 53
59 87 10 2 81 80
12 44 22 25 73 28
93 7 70 49 37 84
66 86 63 72 16 36
61 6 24 94 1 91
30 41 76 35 8 62
23 26 29 52 19 82
67 48 74 71 14 57
31 77 51 58 60 88
65 45 33 20 54 79
43 55 5 89 46 90
34 32 69 38 56 83
13 17 92 93 40 39
9 36 11 10 37 73
86 49 1 52 76 85
59 4 48 61 29 66
6 70 58 82 68 57
62 91 26 42 21 77
55 7 53 54 75 72
23 2 45 25 35 47
80 94 27 89 32 88
81 56 8 28 74 83
39 79 90 87 69 44
31 63 65 15 19 3
14 84 5 60 18 34
51 30 50 41 17 67
16 40 43 20 38 71
13 12 33 22 78 24
23 64 66 46 73 76
26 61 47 37 8 32
39 56 52 42 94 53
79 25 89 28 36 6
3 35 29 77 1 81
83 86 18 45 54 10
19 5 58 69 85 67
22 20 17 57 60 7
41 90 84 78 72 21
24 50 70 27 43 31
16 13 74 87 91 30
11 65 14 2 68 44
9 82 4 40 46 75
71 49 92 88 63 34
51 62 33 64 59 93
15 12 55 80 48 38
3 67 52 90 22 47
50 5 73 29 39 7
8 89 45 91 78 66
53 87 86 24 20 23
46 9 72 79 58 56
32 25 92 14 21 70
11 94 19 83 76 43
65 30 77 71 12 59
1 64 13 36 26 41
63 38 85 4 60 2
88 33 40 74 15 68
82 28 42 48 84 93
57 6 69 55 18 62
34 27 54 81 51 16
37 80 31 35 44 75
21 49 17 61 10 23
41 29 70 12 76 89
60 14 26 3 39 53
46 71 87 32 50 15
74 85 7 90 77 45
84 64 58 65 83 55
93 73 78 19 2 86
75 20 36 92 91 56
52 80 63 54 61 30
81 88 24 44 72 6
51 25 49 11 82 38
48 8 31 16 9 22
27 67 40 66 62 79
4 57 34 33 1 37
13 47 59 5 94 28
35 69 43 68 42 10
18 2 26 17 75 76
54 58 15 93 44 32
87 70 72 83 61 77
85 41 6 73 71 80
88 84 62 29 86 20
91 63 64 67 12 9
36 59 21 55 3 34
24 92 42 66 60 37
78 17 47 56 11 16
43 52 79 8 82 14
23 69 50 40 22 1
30 31 45 57 33 94
74 35 5 27 53 49
90 10 48 25 4 13
38 18 89 81 65 39
19 68 7 51 46 28
42 62 17 70 44 54
15 56 2 8 16 67
75 6 93 43 63 87
59 57 52 69 72 88
50 41 58 49 14 33
78 5 77 79 24 36
71 90 9 86 89 94
48 37 20 30 83 23
73 34 91 46 47 65
53 92 12 84 31 1
85 39 61 40 28 3
45 11 27 55 29 13
7 82 18 21 80 64
76 32 60 25 81 68
66 10 38 74 22 19
35 4 87 26 89 51
65 49 62 78 43 46
67 34 14 6 23 42
53 33 73 63 77 48
1 75 12 39 58 11
31 83 72 91 85 29
47 86 56 25 64 30
2 28 54 92 90 69
37 76 3 50 79 82
59 41 20 18 74 32
4 68 80 17 45 5
9 27 44 26 7 38
40 24 8 10 51 57
60 93 55 52 66 16
22 15 94 70 36 35
84 81 71 61 13 19
88 30 46 21 1 2
29 58 37 18 43 25
28 80 78 20 67 63
72 74 82 47 34 39
59 54 68 87 27 24
7 40 11 86 6 31
49 83 90 17 66 26
16 42 89 73 3 57
76 69 15 14 13 9
21 51 44 56 45 48
36 61 50 12 62 60
94 93 41 85 23 65
10 53 79 70 88 71
33 91 35 38 84 52
32 75 81 5 22 64
4 55 19 77 92 8
1 46 25 20 27 42
58 45 63 76 26 40
89 11 21 69 24 74
87 28 37 17 65 29
94 79 60 49 15 73
47 53 83 80 51 6
14 90 36 30 81 93
48 88 91 19 54 41
44 34 61 57 78 64
72 38 8 5 3 13
67 43 92 9 35 59
22 70 2 86 39 55
18 71 23 56 31 4
77 52 75 68 50 84
62 10 16 33 7 32
12 66 81 82 85 20
80 19 40 36 42 49
64 72 60 28 48 27
5 57 15 92 26 11
79 13 86 34 21 43
29 38 30 6 53 78
74 9 51 70 52 65
75 16 25 41 88 61
39 84 76 54 4 67
89 77 82 31 2 10
85 32 17 24 55 35
62 23 22 58 71 68
69 93 46 45 3 12
44 8 18 63 50 94
7 66 1 33 47 87
90 37 56 91 14 59
83 52 27 73 36 4
76 74 78 42 31 75
2 29 49 64 24 9
72 23 39 32 43 51
82 53 61 45 92 22
16 65 80 26 70 69
10 30 28 34 15 66
77 40 54 94 67 25
56 18 88 13 90 35
44 89 71 60 33 83
63 57 81 7 79 41
8 11 46 84 59 85
6 19 21 37 5 12
1 87 73 62 38 14
68 20 55 47 93 50
3 17 91 58 48 86
