19 15 30 17 3 8
24 32 12 5 22 33
21 37 9 11 18 13
16 14 38 7 1 25
2 10 36 35 34 29
27 23 31 6 28 20
26 13 9 16 30 4
11 22 2 3 32 15
20 31 35 34 37 14
25 26 38 19 10 23
28 33 21 17 18 36
4 7 29 6 24 8
1 5 3 27 12 15
35 33 32 16 2 26
34 20 11 21 4 14
8 9 10 12 1 31
5 30 7 18 19 38
28 27 17 23 29 22
25 13 24 36 37 6
18 3 35 4 32 8
22 15 9 7 33 23
27 36 1 26 34 19
21 6 31 16 17 24
13 5 28 10 20 30
2 29 12 37 25 11
38 36 24 14 27 18
3 19 33 31 4 5
10 28 16 20 2 7
23 38 17 35 11 21
6 15 14 32 30 29
8 34 22 13 1 37
12 26 5 9 25 19
32 17 2 24 14 10
23 34 16 8 33 13
15 31 29 4 38 20
28 18 1 9 11 36
3 22 37 30 21 25
26 27 35 12 6 7
13 29 20 1 19 2
37 15 24 4 23 9
18 10 6 22 21 16
25 35 17 27 3 7
36 31 34 32 5 38
11 8 12 28 26 14
33 25 27 30 35 13
1 16 32 17 5 37
2 4 18 20 26 22
30 12 34 24 11 31
38 10 3 33 9 6
36 14 19 15 28 23
7 8 26 29 21 5
24 4 27 31 2 25
38 11 15 10 13 22
19 7 28 32 21 34
18 12 37 29 17 33
1 14 30 23 6 35
20 9 3 8 16 36
31 38 13 29 24 26
21 1 10 37 27 30
9 35 16 3 28 34
33 36 4 17 7 11
5 8 18 14 23 2
22 6 32 12 20 25
19 24 21 15 35 1
26 17 4 38 37 28
2 30 8 22 36 12
34 25 10 33 18 15
13 3 23 31 7 32
11 16 6 5 19 27
14 20 33 29 9 1
7 22 18 30 31 26
6 13 17 15 2 34
20 24 5 35 8 28
36 23 21 10 12 4
14 29 11 25 16 3
37 32 19 9 38 27
