27 68 39 15 36 25
30 45 63 34 2 8
17 65 35 14 5 3
26 28 54 13 50 9
29 4 66 46 21 11
53 43 1 58 57 12
38 42 6 52 22 19
31 51 20 41 33 62
67 18 44 24 56 23
59 40 60 49 10 37
47 16 55 64 48 32
61 68 34 7 53 65
58 62 42 27 63 35
11 5 51 18 12 8
40 15 45 28 56 21
36 13 37 16 33 1
32 61 54 19 44 57
23 25 49 30 38 41
3 46 26 48 59 24
67 6 7 47 9 4
2 60 50 43 55 52
10 39 22 31 17 29
20 40 14 64 18 66
5 49 1 53 56 46 27 1
67 1 48 65 57 1 30 28
12 15 4 2 23 42
55 3 62 1 10 45
39 34 32 37 51 14
16 9 59 41 63 29
66 35 33 50 44 6
8 25 61 52 26 64
60 24 47 20 22 68
58 17 19 7 13 11
21 43 38 54 36 31
57 35 15 51 9 46
52 29 48 62 67 34
42 64 1 59 39 50
47 23 63 40 27 19
7 56 25 66 54 3
65 58 44 8 60 31
45 26 17 68 16 38
20 37 28 6 43 11
41 2 10 5 21 13
33 32 30 22 18 53
14 24 12 55 61 36
49 51 64 4 54 58
37 31 9 25 45 42
48 41 68 35 11 56
23 1 34 17 20 46
62 36 44 40 50 7
57 8 24 38 4 33
19 53 2 59 14 67
65 26 18 49 47 43
21 30 60 3 39 16
22 66 5 63 55 15
12 10 27 32 28 52
6 13 51 61 29 23
38 14 50 56 47 58
11 34 3 42 57 40
17 41 64 37 67 15
9 19 36 66 60 48
16 52 31 35 7 18
13 46 12 45 65 39
54 8 63 10 53 20
43 59 5 4 61 30
25 62 2 24 6 32
33 68 29 28 49 55
27 1 21 44 22 26
60 7 57 45 64 23
36 30 56 51 42 17
39 52 47 53 66 41
9 58 61 18 3 2
63 48 49 21 12 6
67 31 40 1 32 5
29 37 27 65 54 24
55 38 13 44 20 59
15 14 33 26 11 10
28 35 22 34 25 4
46 8 43 68 19 62
50 49 67 57 27 16
