57 34 45 63 61 40
50 11 32 22 19 46
17 24 44 54 58 27
13 55 41 23 47 51
15 59 29 65 64 71
39 33 26 1 66 69
18 10 56 31 5 14
62 42 35 4 9 2
60 16 8 6 70 30
52 53 49 43 67 21
12 68 25 36 3 38
64 48 20 7 37 28
13 42 57 32 54 31
24 41 40 19 66 11
45 14 59 62 70 50
1 63 47 29 53 4
46 26 3 30 18 49
56 37 55 39 44 43
23 36 28 52 6 35
61 5 71 12 20 27
60 48 9 68 58 33
8 65 67 10 34 22
38 21 51 69 15 17
2 45 7 16 55 25
27 18 1 31 64 40 1 47
70 52 33 13 4 71
58 37 32 65 23 26
36 46 29 39 57 20
68 38 62 11 7 6
51 14 9 63 43 24
35 56 22 41 12 60
50 61 30 44 67 48
34 19 3 53 2 15
17 49 8 25 1 42
54 28 66 21 10 59
16 69 23 24 29 5
27 55 6 9 57 67
47 39 70 32 43 61
1 15 46 7 44 13
38 19 18 33 8 45
5 64 30 52 51 58
3 40 65 17 28 56
21 62 31 34 36 37
11 10 2 48 63 26
66 35 60 71 50 49
4 54 69 14 25 22
59 41 16 20 68 53
42 47 28 45 12 58
30 43 19 65 27 13
70 23 1 18 9 34
67 71 36 24 56 2
32 29 14 44 68 35
53 62 5 48 17 39
31 49 7 61 22 33
26 40 6 51 20 54
25 15 10 41 50 37
60 59 4 57 11 3
55 8 64 46 12 69
66 42 16 38 52 63
21 6 48 14 1 19
67 33 23 40 25 62
7 27 53 10 32 36
20 24 34 30 4 55
5 47 45 54 60 15
41 71 43 3 69 42
12 18 11 37 29 52
28 2 44 49 70 57
64 17 61 26 35 16
51 31 65 68 66 46
63 50 58 8 21 56
22 39 38 9 13 59
49 32 41 48 45 4
43 57 54 23 7 12
33 3 24 6 64 10
11 67 14 58 16 1
19 60 51 29 28 62
37 22 70 40 38 53
71 21 68 5 26 55
15 35 63 31 30 39
2 13 20 50 17 18
25 69 52 44 65 47
27 46 42 59 56 34
61 36 9 66 8 5
26 7 70 67 41 29
2 30 12 40 32 1
15 52 57 22 24 68
20 44 21 42 60 23
18 62 54 55 61 65
33 46 37 47 14 17
69 49 63 19 59 36
58 13 66 34 6 25
43 4 50 28 31 38
8 51 48 35 3 27
56 53 11 9 45 64
10 39 40 16 71 18
