1 2 32 30 15 29
5 17 21 24 8 14
11 31 18 16 19 3
27 28 6 7 4 20
25 23 26 22 9 13
4 12 14 24 10 29
8 15 17 20 25 6
3 27 2 13 10 5
7 19 21 32 26 16
9 28 11 30 23 18
12 5 22 1 20 31
21 29 25 7 11 13
22 1 26 16 18 4
10 6 12 19 32 15
2 30 24 23 17 14
3 31 28 9 27 8
11 22 16 14 10 32
21 4 24 3 20 23
13 6 15 18 12 9
19 29 31 28 25 1
8 30 5 26 7 27
17 28 19 2 9 21
11 14 15 4 8 26
32 7 18 23 27 12
10 16 30 25 3 5
22 20 29 17 31 2
24 13 3 6 1 7
28 21 10 18 15 22
9 24 31 32 11 4
26 14 20 25 13 19
16 8 23 30 17 12
1 5 27 29 6 2
32 30 13 28 16 20
27 14 25 21 3 1
24 18 19 8 2 22
17 4 9 5 29 7
23 11 10 31 26 6
15 20 9 12 24 16
31 22 10 6 21 30
15 23 7 14 19 5
18 26 3 29 32 17
12 25 8 4 2 28
13 1 23 27 11 17
5 32 6 14 18 28
2 12 7 26 21 11
31 16 27 15 24 25
29 3 4 19 22 30
20 13 8 10 9 1
