48 46 32 23 45 36
68 55 57 17 14 12
39 72 60 33 63 25
4 69 34 71 24 8
13 16 74 28 47 40
29 51 43 42 10 41
56 22 15 18 30 7
37 26 3 5 35 73
38 2 49 20 62 59
50 53 52 54 27 21
65 9 11 31 64 1
61 66 58 19 67 70
7 29 6 72 44 28
47 3 33 32 15 69
45 68 56 26 10 39
27 55 35 13 18 59
52 9 62 51 50 57
14 2 11 53 60 66
64 44 19 20 16 43
37 24 61 48 65 38
40 71 42 46 67 5
30 12 21 8 31 70
6 36 17 34 25 1
58 4 49 41 22 63
18 23 73 54 74 10
9 68 32 53 59 61
72 19 13 56 46 24
29 39 55 67 8 11
70 50 48 28 35 25
71 17 31 44 47 58
60 15 41 26 38 12
57 33 6 23 16 4
43 30 1 2 5 74
37 49 7 66 21 34
45 3 22 40 54 62
14 69 65 51 63 27
42 20 64 36 73 52
26 58 53 48 13 33
23 56 70 71 29 9
47 34 43 35 18 38
46 62 44 11 30 60
1 39 54 4 61 51
66 24 41 52 40 55
63 50 5 64 12 45
42 22 28 65 32 2
16 14 73 8 49 72
7 31 20 25 3 68
6 21 59 19 74 69
67 10 36 57 37 15
17 70 46 43 27 4
66 1 45 38 13 42
56 73 61 33 2 44
24 35 54 68 64 49
34 20 74 12 32 51
63 71 55 62 6 15
50 40 14 39 19 36
17 7 67 60 69 9
52 48 30 65 47 29
10 25 8 58 59 3
18 41 53 31 37 16
23 72 22 21 11 26
27 28 34 57 5 39
73 32 50 1 55 7
36 44 68 70 74 33
8 60 4 40 65 20
14 56 47 43 62 37
49 67 13 31 52 23
21 15 35 45 58 2
5 59 51 22 17 48
38 53 64 30 57 10
3 66 18 9 6 46
28 11 54 41 19 71
25 72 69 12 42 61
16 63 29 24 27 26
62 13 39 70 32 21
35 8 56 53 51 17
74 58 46 55 37 64
59 65 71 73 43 66
1 57 19 49 60 3
61 20 23 30 28 63
10 7 24 5 33 14
69 38 22 50 68 16
27 6 67 47 41 45
44 42 31 15 54 26
9 40 2 34 48 72
4 36 18 11 52 12
25 5 19 29 53 62
10 1 35 69 46 20
55 33 28 49 43 45
22 39 31 6 73 24
3 41 65 50 34 44
2 51 16 36 7 13
12 40 37 59 29 23
64 26 71 61 18 14
15 11 68 27 48 8
67 25 38 74 4 56
32 54 30 72 17 66
63 42 47 21 57 9
60 52 5 58 70 6
69 23 41 2 64 39
20 33 27 22 71 37
62 1 18 68 28 67
55 43 53 3 36 72
74 66 57 35 31 29
11 61 17 15 13 50
59 34 60 16 56 42
24 45 30 73 9 25
7 12 58 54 46 65
51 26 40 49 70 47
19 8 63 32 38 52
44 21 48 4 14 10
