39 18 26 17 38 65
4 72 71 8 60 9
62 61 55 3 32 25
73 70 7 27 40 1
68 35 67 52 28 49
63 23 30 34 33 29
54 14 6 37 58 21
56 16 64 69 2 44
66 36 46 47 13 12
51 20 59 48 5 31
11 10 15 53 19 50
42 45 24 43 22 57
26 70 3 72 41 73
39 34 56 7 62 64
40 12 68 47 17 55
8 71 18 14 48 2
66 37 5 44 52 25
69 15 54 45 36 4
65 21 23 43 27 60
38 13 50 20 29 57
67 6 19 9 42 51
41 22 59 10 33 35
16 46 53 30 28 61
11 31 58 63 24 1
47 32 69 49 72 39
55 15 66 1 54 1 71 5
18 3 27 56 51 52
29 8 7 25 6 26
43 44 30 17 50 62
33 73 65 9 61 64
45 59 21 38 11 28
31 40 36 42 23 10
49 24 22 4 53 37
2 32 35 46 19 63
12 14 57 70 48 1
68 60 34 20 16 13
41 8 67 58 69 43
18 44 47 28 9 31
54 25 72 40 51 24
3 64 49 15 63 42
1 26 5 62 45 10
65 2 29 59 68 66
73 50 71 23 58 67
19 20 52 33 7 21
53 57 56 34 46 37
12 38 61 14 60 22
13 30 11 70 4 55
6 27 17 36 32 41
16 58 48 35 39 45
24 10 7 71 67 44
69 52 33 50 1 2
34 31 54 26 68 46
40 30 3 9 57 38
29 66 60 32 42 14
19 11 62 22 18 16
35 64 12 5 6 72
25 13 48 21 73 49
4 56 17 61 59 23
28 51 70 43 15 36
63 37 27 55 8 39
20 47 42 41 53 65
44 72 33 18 45 68
57 21 16 10 66 73
50 34 4 25 12 19
71 46 51 11 17 69
48 67 30 22 61 6
13 63 53 27 54 59
8 56 70 24 28 32
1 23 3 64 47 37
52 39 41 29 31 14
26 9 20 36 35 55
15 62 58 60 65 40
7 43 2 5 49 38
6 59 69 44 73 34
10 27 25 30 64 68
67 47 45 56 29 19
51 26 63 16 4 66
15 9 48 24 13 23
49 14 35 65 36 11
5 55 41 46 57 60
61 40 8 21 50 39
42 54 70 71 62 52
58 7 53 2 3 12
1 20 28 72 22 17
37 38 43 31 33 32
24 25 18 60 26 69
61 34 47 27 5 15
68 9 41 63 48 62
12 65 44 57 11 8
28 39 6 66 3 54
17 37 33 70 16 10
31 35 42 73 56 13
36 38 72 67 52 53
4 43 40 64 14 20
45 50 23 32 7 46
22 55 29 51 18 58
71 1 49 59 30 19
2 17 9 21 42 34
16 25 31 65 67 15
14 69 40 33 3 13
48 11 61 7 72 66
10 29 43 55 54 56
12 37 45 20 63 18
64 53 32 58 71 26
22 52 73 46 47 8
2 62 28 57 4 27
6 70 60 59 49 50
19 68 39 36 5 24
23 44 51 1 35 38
21 41 15 30 12 56
32 66 11 40 34 67
13 28 58 52 10 61
57 49 17 54 33 8
5 69 22 70 65 63
27 46 48 42 26 44
53 1 9 39 43 25
35 29 4 3 21 31
37 68 36 7 59 71
62 24 47 38 6 20
72 55 14 23 19 16
60 45 73 51 2 30
50 18 66 64 41 54
