75 26 53 34 80 41
40 9 81 49 31 18
55 65 54 44 35 7
68 5 51 23 62 2
14 33 29 22 46 70
17 79 43 63 25 36
73 57 52 64 4 76
30 56 10 50 72 19
60 24 39 69 48 37
59 61 20 47 45 32
1 11 8 21 67 38
6 42 58 28 71 16
15 78 74 12 3 27
7 13 49 66 34 77
14 30 43 75 81 2
72 65 25 4 33 48
19 45 22 79 44 39
57 10 32 5 21 56
40 47 6 53 68 55
78 35 9 38 20 74
27 36 66 1 71 18
62 67 80 58 64 69
12 37 31 26 17 77
11 23 16 41 70 73
52 50 60 63 8 29
42 61 24 76 15 54
3 59 28 51 46 13
6 25 75 5 39 78
47 62 36 74 30 44
56 77 79 80 1 68
48 34 19 11 81 58
20 41 14 52 12 69
37 18 38 10 55 33
67 35 51 66 60 57
65 63 71 26 22 76
32 49 2 73 3 42
43 70 27 54 28 40
46 17 7 64 9 8
23 72 21 45 15 29
31 16 59 24 4 50
13 53 79 61 11 30
39 80 58 10 14 65
62 38 81 6 52 56
54 69 32 68 66 74
37 44 3 71 43 8
7 57 2 33 47 63
34 36 24 70 20 72
49 51 48 12 29 16
15 28 46 25 73 60
21 42 64 53 31 78
5 41 76 77 27 35
45 13 26 50 18 67
1 55 23 59 19 9
22 17 4 61 40 75
29 71 69 65 57 79
70 44 60 2 38 12
56 58 25 51 53 7
34 63 68 42 37 30
66 21 62 50 41 43
20 1 31 10 6 46
16 77 45 74 75 55
9 48 47 13 22 5
81 54 67 72 39 17
36 14 64 15 59 11
32 52 23 24 40 33
78 76 28 8 80 49
35 19 73 18 61 3
4 26 20 27 60 62
75 66 44 48 21 46
16 53 72 63 69 1
38 39 15 13 43 57
41 74 40 42 56 65
79 59 33 78 54 34
2 50 11 17 6 35
8 77 18 25 14 24
73 76 12 9 58 45
22 27 55 30 51 80
32 81 4 29 37 36
47 26 10 64 23 3
70 68 71 19 67 49
31 5 28 7 52 61
21 2 13 16 20 40
33 12 62 39 75 1
59 73 22 77 43 53
74 76 51 18 34 6
69 25 23 44 27 81
14 4 63 55 56 66
17 29 19 28 47 42
35 46 30 58 32 26
61 50 80 37 9 70
49 24 5 65 64 38
11 3 68 72 31 57
71 45 41 60 7 78
67 10 15 48 79 52
36 8 6 54 73 13
35 12 42 81 22 21
77 63 50 51 32 44
76 66 37 25 19 20
57 74 1 26 49 61
55 64 34 28 2 39
29 58 27 38 68 59
46 65 52 43 78 11
40 7 72 62 79 14
3 30 9 67 24 41
8 70 4 45 10 53
33 60 5 36 16 17
71 54 48 80 23 31
69 18 75 56 15 47
