40 6 3 1 24 49
44 37 27 2 28 15
9 4 20 26 43 16
5 13 8 25 12 19
31 46 35 32 41 48
39 18 33 45 30 7
23 38 14 21 36 34
11 42 22 50 29 10
17 49 43 44 47 8
13 40 30 5 9 15
33 25 14 24 27 3
10 32 23 18 29 48
46 47 16 34 12 22
4 42 26 39 6 35
20 2 38 41 1 31
11 19 17 7 21 28
50 37 47 36 45 18
34 10 30 3 15 26
42 13 20 14 8 2
38 24 25 46 4 44
7 1 5 43 50 35
21 9 37 27 41 39
23 16 45 31 11 40
32 22 49 33 17 28
12 48 36 19 29 6
15 25 50 47 2 9
3 13 45 20 46 26
41 7 23 16 8 27
33 34 44 19 18 1
28 12 31 42 36 24
6 43 10 21 38 17
35 32 40 37 30 14
5 11 29 4 49 39
48 26 8 22 33 24
45 15 44 23 42 12
34 35 28 13 50 6
36 10 2 49 46 7
48 22 38 39 37 5
29 31 4 14 17 9
3 18 41 43 40 19
16 1 21 25 47 32
27 11 50 12 20 30
24 23 17 13 35 2
9 41 46 6 5 33
16 39 3 28 36 44
20 7 37 42 34 25
43 48 1 14 15 11
4 19 32 22 10 45
8 21 49 30 31 18
40 26 27 47 38 29
46 39 36 17 20 15
6 14 32 7 44 11
3 5 21 2 16 42
30 28 50 40 48 4
29 34 24 45 43 41
27 33 47 31 10 13
49 19 26 37 25 23
18 22 9 38 35 12
8 4 36 1 40 34
24 20 6 10 5 47
15 31 21 26 50 7
30 44 25 29 41 22
28 14 1 18 23 46
2 39 12 32 33 43
35 9 11 8 3 19
48 49 42 38 16 13
1 45 37 17 27 5
22 30 43 36 23 31
12 44 40 35 21 20
15 16 29 38 8 33
19 27 42 24 32 46
26 17 39 50 14 41
25 2 18 11 6 48
49 28 10 9 45 34
47 7 13 37 3 4

