9 21 30 16 5 15
19 36 10 22 37 31
3 26 27 17 33 29
18 13 11 8 35 20
7 14 24 1 2 23
12 28 32 34 4 25
19 38 20 6 3 5
30 29 1 36 11 23
14 22 34 13 26 17
21 6 33 28 31 7
12 2 35 27 15 8
18 25 10 4 38 9
24 23 16 32 34 37
8 29 28 19 30 12
15 17 22 18 1 6
4 24 33 14 35 16
11 5 26 31 32 9
2 13 3 21 25 36
37 20 7 10 27 38
26 22 23 15 24 28
31 34 5 2 18 8
9 20 17 33 36 30
7 10 21 11 12 14
16 27 4 3 1 19
25 37 29 13 6 35
36 15 32 38 8 33
28 23 3 5 9 10
31 30 16 22 11 27
25 19 35 34 17 7
21 18 24 32 6 29
37 4 12 26 20 2
5 38 13 1 28 14
36 24 34 10 15 11
7 8 4 3 16 37
27 30 18 25 14 13
33 32 2 29 22 20
35 1 38 26 19 21
17 31 6 23 9 12
27 37 28 32 14 18
11 29 34 20 3 4
35 33 22 12 7 5
8 25 6 26 10 1
13 9 15 24 19 31
38 2 21 23 17 30
16 12 26 5 18 36
1 11 25 37 33 19
20 21 27 22 8 24
29 4 31 15 7 38
2 16 17 10 28 13
6 23 14 35 3 36
9 34 1 30 32 22
20 31 15 28 16 25
17 36 37 4 21 5
14 10 8 29 35 9
23 13 19 33 12 18
30 7 3 24 26 32
38 6 11 34 27 2
