21 23 25 30 17 32
4 13 2 10 3 1
8 28 33 14 19 27
22 29 34 15 9 12
6 24 20 26 36 31
5 11 18 16 35 7
13 33 19 4 15 21
20 8 36 9 32 10
1 31 7 28 12 22
3 25 29 5 27 26
18 34 30 2 11 24
6 16 14 23 17 35
36 15 32 7 4 26
28 31 29 18 21 8
23 5 14 24 27 13
11 34 9 19 6 3
17 25 12 2 33 35
1 16 22 20 10 30
31 9 21 26 23 13
33 29 27 7 36 6
16 18 28 25 34 4
24 30 19 17 8 10
3 5 35 22 20 15
1 12 2 32 14 11
13 7 9 16 24 25
30 8 31 5 33 15
35 14 1 3 21 36
11 28 17 29 32 20
19 26 22 34 2 23
27 6 10 18 4 12
32 13 3 14 30 29
36 2 19 31 5 16
7 20 21 34 12 24
33 9 23 35 10 28
11 6 4 25 22 8
15 17 26 27 1 18
21 24 33 2 29 16
12 3 7 8 19 23
35 26 20 4 30 28
27 22 17 13 36 34
32 1 5 9 18 6
25 10 11 14 15 31
12 26 8 17 13 16
24 32 18 33 22 3
10 14 4 34 7 5
15 23 6 28 20 2
36 27 9 30 21 11
31 35 25 29 19 1
