80 84 55 71 7 23
37 5 60 25 74 66
70 34 21 77 54 61
33 75 58 45 11 64
56 9 30 52 89 96
62 13 32 49 67 6
16 31 2 40 17 81
69 1 4 20 14 51
50 57 63 95 88 93
26 87 44 85 86 10
28 78 65 90 35 82
79 12 36 91 18 3
53 22 8 72 15 39
19 94 29 68 59 41
73 76 43 48 83 42
27 46 24 92 38 47
51 80 6 50 75 17
63 30 44 54 37 11
66 14 10 28 89 95
69 31 70 86 33 88
90 36 23 4 16 25
1 2 94 64 12 13
61 76 18 53 20 26
96 78 58 93 27 29
74 19 46 65 48 57
91 49 60 73 7 72
9 68 67 24 5 87
59 38 32 43 34 82
62 8 3 83 40 85
55 42 35 81 22 77
52 47 71 15 45 79
41 21 39 84 92 56
54 36 27 65 80 2
7 17 61 63 90 19
5 16 33 46 18 96
23 82 72 14 13 58
89 73 67 70 74 78
20 38 68 44 3 35
88 81 76 94 25 30
57 47 22 21 51 87
92 41 10 34 9 75
83 55 79 6 86 56
26 64 48 15 69 62
60 85 43 77 39 29
45 4 49 53 50 37
93 91 42 40 71 28
12 52 59 31 95 24
8 1 66 84 32 11
88 3 14 96 75 74
82 25 47 41 63 55
33 94 35 36 10 57
60 16 87 58 62 34
19 53 38 9 69 13
43 70 40 6 30 90
85 37 7 31 92 78
50 66 86 21 67 15
39 71 89 76 5 1
95 54 17 73 68 18
61 83 11 23 91 59
52 64 44 4 65 93
81 51 56 49 24 26
77 80 72 32 46 79
2 28 84 22 29 48
45 42 20 12 27 8
13 87 71 75 43 31
10 39 50 38 70 18
40 9 95 94 7 74
14 68 85 63 21 53
64 92 51 82 66 16
17 96 65 37 79 62
55 57 89 3 59 26
22 73 5 56 20 36
49 15 25 29 54 42
72 84 83 12 4 78
28 23 27 86 52 76
67 90 77 44 88 41
80 1 34 24 19 45
35 93 69 60 6 11
58 8 91 2 46 30
81 33 61 32 47 48
39 95 3 13 16 37
42 31 38 64 79 89
78 62 94 18 21 55
86 63 51 29 65 40
41 50 83 1 22 52
84 59 5 17 77 69
90 45 92 26 96 91
23 87 54 6 12 46
74 58 15 68 61 56
93 73 53 30 33 80
88 34 49 47 35 8
11 27 14 9 71 57
85 28 4 32 19 70
72 44 36 66 43 81
75 2 82 67 60 76
25 48 20 10 24 7
69 74 63 18 23 45
31 58 50 3 84 65
29 64 91 34 56 95
30 62 12 92 57 61
78 86 22 16 49 80
89 81 21 8 37 90
35 32 75 42 53 52
19 40 20 47 60 54
76 10 46 4 55 68
7 44 2 70 14 83
15 51 43 5 93 94
79 39 9 59 25 28
24 6 85 71 72 41
36 11 96 38 48 67
27 82 1 17 87 88
66 13 77 33 26 73
75 65 49 30 20 23
34 76 12 44 69 50
46 3 22 43 61 64
59 18 4 58 40 92
24 32 15 55 91 14
38 56 71 8 78 63
48 70 37 87 35 80
57 81 54 96 28 53
11 52 19 2 72 5
88 29 21 10 79 73
7 45 62 51 77 68
47 90 31 83 66 9
95 25 1 67 85 33
89 6 16 27 94 84
13 41 86 42 60 17
36 26 93 39 82 74
80 15 59 20 63 81
48 53 92 5 55 88
14 77 40 76 49 64
18 56 28 47 44 75
57 52 69 37 58 73
51 79 90 34 85 27
71 17 66 46 29 70
74 8 24 54 50 13
22 82 91 62 10 31
16 93 7 12 41 32
87 95 84 36 42 19
21 4 6 3 2 33
67 30 39 35 83 45
68 43 65 11 89 25
61 96 38 94 72 86
78 23 9 1 26 60
