14 13 3 26 34 15
4 35 8 11 33 30
2 31 20 6 9 5
29 28 23 18 19 32
1 25 12 22 24 7
10 16 35 21 27 17
7 4 18 19 13 6
21 1 32 8 26 14
29 17 33 34 5 25
24 30 23 20 16 3
15 2 9 27 22 10
12 6 31 11 28 32
23 22 19 1 2 1 14 17
15 31 16 1 24 29 25 1
9 12 7 35 34 33
8 1 27 20 13 28
4 11 10 18 26 3
19 5 21 30 15 1
8 17 28 3 9 31
13 22 33 20 23 35
34 16 11 6 25 10
4 32 24 2 7 5
27 18 30 21 14 12
19 29 2 26 1 35
18 11 6 17 20 22
13 12 26 9 24 16
25 14 28 15 33 4
10 21 34 23 31 8
32 27 29 30 3 7
35 17 5 28 10 18
3 6 15 33 7 1
5 32 23 8 12 11
25 20 27 2 26 4
31 34 24 30 14 19
16 21 22 13 29 9
28 27 34 5 24 20
14 15 18 16 2 8
35 21 6 32 31 25
22 3 29 12 4 19
17 26 30 23 7 13
10 33 9 1 11 29
26 23 6 27 35 15
30 25 4 17 9 1
11 2 13 34 3 12
33 8 20 31 18 21
7 16 14 28 5 22
24 19 15 32 10 17
31 1 4 12 23 16
33 28 26 22 30 2
13 18 25 29 10 5
9 20 19 32 6 14
7 35 11 3 24 21
22 8 34 16 4 27
3 28 2 25 23 21
20 30 12 7 15 10
9 32 26 1 18 34
5 27 13 19 11 31
14 35 24 6 8 29
17 19 16 33 2 25
