19 7 33 22 21 5
36 29 23 59 69 76
81 82 53 56 27 12
52 25 31 78 48 28
1 13 9 51 2 4
26 10 79 46 74 68
64 14 47 3 63 54
37 77 39 75 65 15
20 72 57 16 8 80
18 67 45 83 43 35
49 70 42 17 61 11
24 44 58 30 40 34
66 62 32 71 73 6
50 55 38 60 41 36
48 63 46 59 5 27
72 39 22 64 31 74
78 65 54 26 18 19
2 81 75 67 80 49
61 43 9 79 52 16
62 21 4 37 70 45
23 15 41 68 40 28
57 32 3 53 34 13
56 6 10 30 8 7
66 1 17 82 24 83
29 38 14 35 25 55
11 71 50 76 33 51
60 69 12 77 44 20
42 58 43 73 47 31
62 3 22 1 81 1 18 61
78 36 68 1 57 2 40
70 83 52 26 46 13
67 56 23 4 32 9
34 35 76 7 28 82
65 66 63 16 38 69
54 60 11 15 24 21
20 10 41 14 19 75
80 73 37 79 1 44
53 42 72 48 29 50
33 64 49 27 55 8
59 25 17 47 71 77
45 51 6 39 58 12
82 74 30 23 3 5
56 13 40 11 20 18
31 35 70 16 65 44
1 15 69 14 22 43
24 50 37 32 26 29
9 75 53 28 46 66
79 6 19 63 76 25
74 62 67 17 48 34
38 73 77 49 30 51
71 7 27 42 54 41
60 45 57 47 81 33
83 78 5 58 68 72
21 39 2 52 59 55
80 61 36 10 12 64
4 26 43 8 66 3
65 51 22 46 56 24
54 50 20 25 74 73
15 63 30 81 9 70
44 68 33 53 6 62
49 76 1 41 78 39
64 80 38 32 28 42
75 27 18 58 36 52
82 79 55 67 11 69
13 5 47 35 37 10
2 71 16 45 34 29
8 40 59 31 12 83
72 17 14 7 60 4
57 77 48 61 23 21
19 24 78 27 80 74
54 39 56 38 79 62
55 28 26 43 20 81
25 36 1 65 30 45
73 59 22 13 41 82
6 46 16 40 50 67
12 76 21 9 42 14
4 53 10 77 49 58
37 11 8 19 48 2
71 68 61 63 35 60
34 52 66 72 47 23
51 18 32 5 69 70
44 83 7 75 57 64
3 33 29 31 15 17
73 27 76 21 67 26
36 16 81 42 39 19
24 2 61 38 20 6
40 49 60 25 9 34
58 8 79 14 13 50
83 37 64 69 53 71
15 78 46 44 82 47
31 45 56 17 5 80
62 23 51 63 43 75
22 30 35 52 32 11
41 4 74 12 57 65
28 3 59 10 33 72
55 66 48 68 7 18
70 29 54 77 1 8
5 64 24 81 79 73
6 26 42 23 60 82
43 53 39 35 17 40
69 52 56 50 49 57
27 10 15 2 62 25
9 67 20 22 37 78
55 75 46 45 54 76
74 44 66 51 14 59
48 38 58 33 70 71
47 11 7 29 80 65
68 16 32 3 12 1
30 4 28 19 61 83
34 21 41 18 31 63
13 72 24 36 77 62
8 75 35 69 42 78
76 58 2 74 56 60
81 17 44 10 23 38
20 64 68 29 51 52
40 47 27 70 22 79
18 82 80 33 4 25
12 19 71 13 55 15
7 59 26 1 16 53
28 11 73 39 45 63
21 32 65 43 72 49
30 14 31 46 57 37
5 67 36 61 54 66
41 9 3 6 83 48
77 34 81 50 22 68
