66 62 6 9 42 51
53 48 28 25 12 21
31 32 8 55 11 52
4 19 13 23 65 50
59 39 1 16 43 41
35 44 14 20 58 64
33 38 49 40 47 46
54 3 7 24 34 61
45 18 29 57 10 37
27 15 30 36 22 63
2 56 5 26 17 60
42 47 13 31 25 40
55 53 35 59 62 9
3 20 57 32 66 12
50 14 45 46 29 36
4 64 7 18 60 16
2 39 61 56 6 28
48 1 27 34 52 33
54 23 11 51 43 22
41 30 5 65 8 44
26 37 24 15 38 10
58 19 21 49 63 17
9 29 2 7 47 52
48 4 3 53 45 51
23 34 39 42 18 25
30 54 32 35 46 26
17 37 62 41 8 64
14 16 57 65 40 15
21 20 6 1 11 38
22 28 49 60 10 13
12 59 63 61 44 31
36 56 66 33 24 19
43 27 55 50 5 58
17 35 48 38 7 42
53 49 18 6 26 22
29 51 15 8 61 59
10 32 34 19 41 9
40 24 50 28 62 63
66 31 14 1 54 4
11 58 30 25 57 56
52 36 12 64 5 23
44 16 47 21 13 3
33 45 60 39 65 55
2 46 43 27 20 37
8 26 40 58 48 66
19 54 42 5 28 57
31 22 38 29 3 62
63 65 51 10 1 47
52 24 39 30 53 20
17 61 43 13 33 18
64 59 45 49 56 27
6 35 34 16 50 12
21 32 7 37 14 23
60 15 11 44 9 46
25 4 2 55 36 41
61 19 22 47 64 26
10 27 39 8 35 3
1 12 17 29 30 40
14 13 34 11 63 53
57 41 23 48 6 24
38 25 45 5 66 16
46 55 18 51 21 56
58 28 65 7 9 31
62 36 32 43 49 44
15 33 50 20 2 54
52 37 59 42 60 4
63 1 46 23 3 55
13 11 29 41 66 35
44 40 6 45 7 19
24 51 16 32 2 58
12 42 8 56 22 33
37 49 9 5 39 54
26 52 25 62 14 43
30 21 64 50 31 10
57 60 53 27 61 38
34 17 47 28 4 15
36 18 65 20 59 48
63 25 5 6 29 32
13 9 8 24 45 1
16 42 10 14 55 61
22 50 44 39 57 17
47 58 60 62 48 54
3 15 41 18 52 19
43 40 56 35 21 4
64 46 65 66 2 53
28 23 33 59 38 30
7 12 26 11 27 36
49 51 20 34 31 37
