47 78 29 51 49 60
67 7 72 68 42 16
50 53 4 37 33 17
48 52 27 13 46 6
21 3 40 61 56 54
63 14 77 44 76 9
39 24 15 59 57 79
64 25 5 35 73 34
69 28 65 30 41 43
31 1 18 8 12 19
55 26 2 71 70 22
38 20 66 23 36 62
75 45 74 58 10 11
37 21 13 32 63 59
54 25 68 4 29 44
16 34 47 79 56 65
12 15 60 77 51 50
26 27 3 24 30 7
66 35 57 70 6 9
40 49 1 64 39 45
72 19 2 23 74 73
42 69 61 10 18 48
17 28 32 22 36 14
20 78 76 58 52 38
33 71 75 43 67 62
41 46 55 11 5 8
25 53 3 47 31 51
79 1 7 73 70 37 50
2 69 29 61 59 40
28 10 63 27 12 35
65 54 58 48 39 17
26 19 56 77 42 57
38 64 30 13 60 72
53 44 15 36 24 18
43 4 8 20 22 45
71 11 23 78 6 16
76 49 75 34 41 66
1 33 52 55 9 21
74 5 31 62 14 68
26 67 69 32 54 46
25 18 27 79 58 72
56 8 53 7 2 39
44 11 37 71 60 28
4 77 34 51 61 35
40 38 42 73 17 30
78 24 12 66 45 21
67 68 63 49 65 50
6 75 31 55 64 36
46 43 1 76 74 29
33 20 14 48 19 57
22 47 13 15 10 5
70 16 3 59 62 52
79 23 9 32 40 41
17 77 49 27 8 21
56 6 55 38 28 18
67 53 12 76 11 72
14 44 78 65 35 26
34 22 24 29 31 33
59 54 64 10 20 71
70 30 75 1 4 23
62 57 13 25 46 45
41 16 15 68 2 48
69 50 19 52 47 39
42 5 58 37 9 3
60 36 73 63 61 43
7 51 74 66 32 49
10 67 79 6 21 14
33 76 18 30 45 59
77 48 40 78 75 25
35 19 24 11 68 38
9 65 12 29 13 23
16 17 5 60 26 20
41 62 61 22 64 63
36 8 51 72 52 71
43 32 2 31 27 50
73 70 56 46 58 53
39 34 55 3 42 44
1 66 37 54 15 69
57 7 28 4 74 47
18 40 23 67 60 5
16 76 19 24 51 21
29 17 64 79 33 2
35 48 59 49 56 36
31 14 39 45 38 70
73 13 10 1 41 44
42 27 46 75 65 4
58 69 22 68 12 71
47 62 26 6 37 8
50 20 54 34 28 74
43 11 7 9 15 25
72 55 61 57 32 78
52 63 53 66 30 77
3 45 65 60 64 19
14 59 41 12 4 58
44 38 51 69 79 75
8 34 29 27 36 70
15 71 42 35 23 76
62 25 1 28 2 24
46 10 9 78 50 68
21 47 43 40 72 26
20 31 30 61 37 67
18 6 39 63 17 7
49 57 52 54 5 53
13 74 16 33 55 77
11 73 48 3 66 22
32 79 60 56 76 4
58 27 62 19 15 40
61 68 64 26 12 28
71 30 37 34 14 46
5 59 36 7 1 78
39 38 10 16 43 77
52 70 67 74 25 22
6 42 41 53 29 20
2 50 11 18 13 49
23 63 45 51 48 55
56 72 17 31 66 44
9 75 73 47 54 24
8 35 33 69 3 32
21 57 25 65 71 38
53 79 36 74 26 10
12 37 43 19 49 6
68 51 20 27 55 1
45 78 34 2 67 17
59 31 58 63 47 11
14 29 56 75 52 15
18 77 32 73 3 41
24 60 70 42 13 54
46 66 28 39 40 33
57 22 30 50 16 35
23 7 64 21 44 69
72 48 4 5 9 62
76 61 6 8 65 25
38 3 63 15 29 67
36 32 47 12 2 42
28 79 31 52 73 78
74 33 27 41 56 37
57 23 68 17 43 34
4 24 49 55 69 10
60 21 35 62 39 46
51 70 65 20 40 11
19 71 13 53 61 7
45 50 76 5 75 26
14 9 66 64 18 16
44 58 48 30 1 8
54 22 79 77 72 59
