36 23 41 29 45 34
33 42 39 46 11 7
44 27 25 5 17 19
20 12 35 13 1 21
40 43 31 15 18 14
16 22 30 2 24 38
26 9 28 6 3 4
18 8 37 10 32 47
7 44 17 11 29 43
27 38 41 35 33 2
42 6 25 8 22 24
5 45 13 30 15 10
47 16 46 20 9 3
32 23 19 31 14 12
1 26 34 28 37 40
21 36 18 4 39 9
43 46 32 1 13 1 25 35
22 33 20 45 26 14
24 29 3 34 38 8
1 42 11 5 41 4
39 28 47 19 2 15
37 7 30 23 27 21
16 36 6 17 40 12
31 10 46 44 26 24
33 47 43 30 28 42
2 1 9 8 13 23
27 15 34 12 22 44
3 40 21 11 19 45
16 41 25 18 31 4
35 6 17 39 37 5
20 14 36 38 7 10
29 21 22 28 32 18
47 8 1 31 11 27
13 7 15 26 41 6
29 20 39 30 25 40
44 35 23 3 33 16
12 19 38 42 46 37
34 9 24 14 5 32
10 2 45 4 43 17
18 30 26 36 44 1
14 16 13 25 34 11
43 21 6 38 23 47
19 4 8 22 35 7
41 45 28 39 24 12
15 3 42 27 10 36
17 2 32 40 20 46
37 31 29 9 5 33
11 38 28 25 18 23
26 43 27 32 39 16
21 30 33 15 17 8
7 12 5 2 47 3
1 4 14 6 46 29
34 31 44 45 20 42
9 10 22 35 40 41
37 24 19 13 36 43
32 25 38 45 1 7
12 11 10 9 30 29
14 42 2 21 37 26
17 3 39 22 13 31
23 4 15 24 27 20
19 35 18 6 34 33
46 5 36 28 8 16
40 44 32 41 47 13

