71 31 21 23 66 1
47 63 30 13 50 26
40 17 44 22 16 12
29 46 61 43 15 9
11 65 37 7 56 52
62 34 6 24 72 69
10 59 67 38 68 25
45 41 57 28 2 5
53 39 58 51 48 27
64 55 54 36 32 33
49 42 18 4 3 20
35 60 8 19 14 70
67 50 30 46 23 22
44 25 15 56 69 57
13 43 24 1 59 39
54 65 53 68 21 34
9 4 28 10 37 62
14 71 51 52 45 17
41 66 12 26 58 36
8 32 3 29 47 5
20 27 31 63 35 40
33 49 16 70 11 38
7 6 64 42 61 60
48 72 18 2 19 55
57 13 52 12 54 4
36 9 47 28 53 1
15 34 35 71 58 67
27 62 8 50 11 3
23 5 26 37 40 59
22 38 55 65 42 51
32 60 16 39 21 45
20 19 10 30 7 43
64 68 69 66 2 17
6 48 25 18 33 29
61 70 44 41 31 72
63 46 56 24 14 49
13 15 40 45 8 42
1 5 34 51 60 4
16 26 68 55 57 3
11 53 32 17 25 30
35 23 27 36 44 65
54 70 58 2 20 46
6 19 9 21 63 22
24 12 33 50 37 61
66 59 29 72 28 14
7 69 38 18 71 39
49 10 41 48 64 52
31 43 62 67 47 56
11 22 1 15 26 20
57 61 65 58 17 32
42 30 2 34 36 37
40 24 60 9 18 68
23 8 7 49 51 28
25 72 71 27 64 13
44 14 62 21 48 5
3 41 63 67 54 69
16 52 19 31 46 59
33 56 39 4 29 35
53 55 50 66 6 10
47 43 38 70 12 45
51 26 18 32 62 61
72 5 17 15 7 54
65 20 48 8 16 71
35 37 21 3 13 46
40 30 14 41 1 6
52 29 2 38 53 23
33 28 43 44 68 63
64 34 56 9 45 50
69 4 59 22 58 47
39 67 11 57 66 19
55 49 36 60 25 31
10 70 24 12 27 42
20 28 13 32 38 6
50 1 7 16 35 2
8 18 34 43 52 44
62 64 29 58 40 19
56 22 71 5 61 53
59 36 70 63 57 48
46 33 60 69 10 26
72 45 37 65 67 49
54 51 66 47 24 25
68 4 42 14 23 11
17 9 21 55 27 41
39 3 12 31 30 15
18 36 10 5 16 13
2 32 49 71 6 43
46 47 57 34 40 7
4 44 24 53 67 64
59 55 45 61 11 35
42 50 48 17 31 28
69 21 51 30 29 70
58 52 72 3 1 33
25 9 23 12 20 14
68 39 22 37 41 8
19 38 27 26 56 54
60 65 66 62 15 63
