21 2 11 37 42 10
13 26 14 47 25 24
15 22 17 27 45 9
23 51 49 12 56 29
28 16 54 40 36 5
33 34 46 18 48 44
7 52 3 41 4 35
19 1 20 53 31 30
50 6 39 55 8 32
43 26 12 45 38 11
24 40 29 33 23 37
25 13 36 35 18 17
20 5 9 34 3 47
54 4 53 14 32 10
31 7 22 44 39 52
51 8 56 16 19 46
27 21 30 55 6 49
43 42 15 1 41 48
50 18 28 4 2 38
10 25 45 52 34 23
29 26 8 54 3 40
33 12 35 6 19 22
53 44 5 21 43 41
16 14 56 30 7 17
51 28 9 1 46 42
47 39 38 15 37 49
31 24 27 50 48 36
2 55 20 11 13 32
40 17 45 7 43 29
14 22 34 1 23 26
9 21 10 38 16 35
31 28 46 6 25 3
36 49 47 41 20 32
37 50 2 48 53 56
52 42 51 5 18 55
33 54 13 30 39 12
8 24 4 11 27 44
21 6 15 19 29 36
49 31 32 35 22 46
5 41 16 18 14 37
30 50 26 2 9 52
13 47 55 44 54 8
7 15 38 25 11 33
19 43 27 39 28 23
3 53 1 56 24 45
17 20 48 12 10 40
4 42 6 34 51 26
14 11 41 22 29 50
18 2 25 8 39 43
13 1 5 49 33 16
40 46 21 47 27 12
3 31 55 17 10 34
24 36 23 30 9 38
32 45 7 37 28 19
48 52 54 35 51 53
4 44 15 20 56 42
46 2 39 29 17 41
10 5 47 12 1 6
45 18 36 19 55 14
37 11 43 9 54 31
8 13 52 38 56 21
42 34 16 32 27 33
26 35 24 28 15 20
23 30 48 3 4 22
51 40 44 53 49 25
31 50 1 7 8 12
29 9 11 56 32 5
54 17 6 42 24 18
33 52 4 36 46 37
39 14 27 20 3 51
23 35 45 44 16 2
49 7 19 10 26 48
34 21 13 15 50 40
25 55 38 22 53 41
28 30 42 43 47 31
20 52 14 6 33 2
3 18 27 11 1 7
12 44 17 32 36 26
24 41 15 23 8 19
9 34 37 13 49 28
54 30 25 45 48 21
10 38 43 50 46 51
56 35 40 22 5 39
55 29 53 16 4 47
17 37 1 6 44 23
49 12 54 52 19 24
26 45 31 41 13 9
22 30 20 46 15 18
2 14 35 27 40 4
10 56 55 28 43 33
16 29 3 42 25 50
39 36 53 34 11 8
48 32 51 21 47 7
5 23 54 38 20 31
41 12 18 27 56 28
25 40 19 4 9 1
55 37 22 15 3 2
36 6 11 48 7 13
26 33 39 53 21 50
44 35 34 29 51 30
47 32 52 24 16 43
38 49 8 17 14 42
46 10 4 45 5 15
2 22 1 36 54 21
40 41 33 51 31 6
56 37 30 26 27 25
32 19 44 14 38 3
43 45 50 35 20 49
11 47 28 52 17 16
42 53 7 46 23 13
9 12 24 39 55 34
5 48 29 8 10 18
