16 18 32 2 39 28
50 25 24 15 41 33
35 20 3 42 9 14
44 10 48 30 55 1
54 36 34 43 47 13
5 4 27 21 31 7
45 40 6 46 23 22
11 53 51 12 56 49
17 37 52 26 38 19
8 15 42 29 28 1
21 33 10 34 9 32
3 22 5 25 30 43
41 4 2 53 13 49
36 27 51 6 11 39
35 54 40 48 8 38
14 47 37 55 29 46
18 23 31 17 44 16
56 45 26 7 24 12
32 19 52 51 20 50
2 1 35 53 39 10 1 15
36 1 22 55 27 29 1 42
47 38 11 33 18 30
23 49 9 1 26 54
16 19 46 24 3 4
14 41 44 8 21 56
25 28 37 34 31 6
7 17 20 40 50 43
48 52 13 45 5 12
4 35 47 22 51 2
24 53 29 11 32 44
10 9 38 31 56 42
27 30 26 40 34 25
17 48 5 28 20 41
12 23 33 19 14 36
1 13 7 3 6 18
45 16 21 37 54 15
49 39 55 52 43 8
46 2 56 30 50 17
19 12 47 10 40 41
28 44 33 13 27 35
38 36 16 9 25 53
24 34 22 54 52 20
49 21 50 29 3 39
31 14 43 1 51 45
4 15 55 32 6 23
42 11 46 48 7 26
8 18 40 5 37 53
3 17 25 35 12 10
51 43 28 9 24 21
47 1 56 52 16 27
33 39 54 44 46 4
55 2 34 19 5 11
41 36 29 38 7 45
15 14 18 22 49 48
23 30 13 20 42 37
6 26 8 32 50 31
2 1 25 51 55 54
52 40 28 36 44 3
56 29 35 18 34 19
10 5 30 49 16 14
50 8 9 11 45 4
39 32 22 37 41 7
43 38 12 15 46 27
13 31 24 47 48 23
6 42 21 53 33 17
20 2 36 26 10 29
