18 38 30 17 47 15
41 37 25 16 36 59
24 54 2 10 55 39
48 6 63 56 58 19
13 34 14 11 61 50
22 1 35 64 32 29
4 33 7 5 52 57
40 26 45 51 9 60
31 23 20 62 43 42
27 49 46 28 53 8
3 21 58 44 12 22
32 34 48 17 33 59
2 5 1 18 6 14
11 19 43 37 29 9
39 56 25 47 8 57
62 44 10 50 35 36
30 55 64 31 45 3
24 53 7 63 26 15
60 61 16 20 28 21
41 54 46 40 4 12
52 51 23 13 49 38
8 11 27 42 44 6
37 1 53 33 62 17 1 2
50 30 57 28 48 29
34 3 9 16 46 24
4 54 47 23 36 45
12 64 20 26 13 39
1 18 31 49 40 58
52 21 14 43 32 41
19 15 61 10 22 5
60 63 38 35 27 25
55 51 59 42 56 7
44 34 26 30 4 6
14 31 29 8 16 52
47 49 48 37 22 2
23 60 10 41 1 57
20 40 46 11 25 55
7 39 9 18 35 28
36 51 63 3 33 50
5 42 19 64 17 54
59 61 53 45 43 58
21 13 62 15 27 56
57 38 12 32 24 49
10 3 11 60 48 52
36 7 40 6 64 34
28 17 63 22 14 23
46 18 55 29 61 33
47 31 44 51 15 41
58 2 12 9 62 8
35 43 38 42 50 26
24 19 4 13 25 59
53 54 30 21 37 1
16 39 27 5 45 32
56 9 17 3 20 36
28 42 61 12 41 6
57 35 15 46 34 58
64 8 40 53 10 43
59 60 62 30 14 5
22 56 4 33 39 31
1 45 13 38 48 7
55 16 32 19 26 47
27 50 18 23 24 37
49 63 52 44 20 54
29 11 21 25 2 51
15 42 48 40 14 39
17 8 38 61 4 9
64 22 16 56 50 24
3 13 6 54 33 35
1 30 19 27 20 51
57 36 31 53 11 18
45 41 47 63 29 62
58 28 5 55 52 37
7 46 32 2 60 44
26 21 10 49 59 34
12 25 33 43 23 1
39 62 54 38 16 11
52 40 35 61 56 30
4 14 27 47 64 3
9 57 55 63 59 22
6 29 51 15 12 53
26 5 23 48 46 21
44 28 43 17 24 13
20 7 37 8 31 32
25 42 45 34 10 18
50 19 2 41 58 60
16 12 49 36 30 48
21 17 61 1 24 63
29 3 44 23 59 40
43 27 22 54 7 34
14 10 56 37 38 46
6 2 35 45 57 20
39 47 42 19 52 53
5 9 25 31 50 49
33 41 11 58 26 64
8 36 60 55 15 13
51 32 18 4 62 28
14 12 17 7 10 27
40 22 29 38 5 20
59 47 24 35 31 11
53 23 41 34 55 56
61 37 62 26 57 3
32 58 42 46 13 36
9 15 50 54 1 52
43 63 4 2 30 16
33 45 28 19 21 8
48 44 51 25 18 64
49 6 37 39 60 17
