43 9 26 12 62 91
73 15 10 59 5 20
19 66 45 14 74 4
30 42 77 80 34 65
33 82 23 92 48 11
16 47 40 32 67 70
39 38 54 41 64 3
72 44 69 58 93 86
1 55 57 79 17 71
84 75 76 83 56 35
6 68 90 27 24 49
29 85 81 52 61 50
37 78 94 60 88 51
89 8 2 18 25 63
36 31 53 13 28 87
21 15 46 22 7 70
79 54 45 91 73 42
40 1 64 69 74 23
39 34 93 32 68 43
48 75 29 16 80 14
49 84 67 11 88 66
59 56 30 17 50 58
10 90 13 86 57 28
41 89 81 24 46 51
18 26 20 76 37 35
62 8 38 77 82 71
25 47 78 52 72 27
4 92 12 94 55 22
83 53 7 85 3 2
31 6 61 5 44 21
33 9 19 63 87 60
36 32 64 65 51 48
29 45 1 14 40 1 58 20
81 15 1 23 35 74 68 1
27 79 88 62 39 28
8 47 92 75 91 49
94 1 24 26 72 83
69 12 85 17 77 89
66 7 6 55 82 76
44 38 52 63 30 73
67 33 25 57 71 9
46 53 90 80 59 21
16 10 84 60 41 2
34 4 36 61 56 78
42 43 22 13 11 37
19 3 86 70 18 31
50 87 93 65 54 5
89 94 82 40 35 39
88 73 17 33 83 29
76 62 14 30 25 53
77 68 57 84 72 7
41 52 34 90 15 26
10 85 48 45 38 49
16 46 78 12 28 58
44 60 71 91 81 64
61 92 59 19 42 69
63 74 86 11 80 54
20 79 32 21 87 56
9 93 47 18 36 55
2 22 31 66 27 8
3 37 1 75 67 5
4 23 24 70 13 65
50 51 28 43 6 15
71 83 89 59 45 34
72 53 17 41 40 19
74 49 21 39 60 25
12 11 44 87 35 10
55 61 42 8 88 90
27 14 3 32 81 69
94 65 56 7 18 16
68 52 67 13 46 62
86 26 29 51 36 66
6 80 22 47 1 79
58 23 54 76 9 77
50 64 84 20 63 92
31 30 4 43 24 75
2 91 38 37 33 93
57 73 85 70 78 82
48 71 18 90 5 74
3 32 72 45 61 62
87 51 69 7 10 67
12 79 19 29 76 13
94 14 50 49 42 46
83 22 30 68 23 41
34 16 9 6 11 81
56 66 28 92 25 93
8 17 21 24 52 48
37 58 80 85 55 31
82 63 91 65 27 15
2 86 39 73 78 1
70 40 36 84 59 38
35 54 60 53 43 47
75 20 57 89 88 44
26 64 5 4 33 77
52 62 87 42 23 6
74 17 18 22 10 61
67 14 72 82 21 12
81 49 80 28 7 76
66 91 39 48 83 46
2 71 58 68 65 47
24 37 41 44 45 50
5 92 13 34 27 38
77 93 35 1 31 29
69 11 59 60 57 26
36 89 20 54 16 33
15 70 9 90 30 94
51 84 3 79 8 4
78 63 75 55 32 53
88 19 64 56 86 85
73 43 61 40 46 25
67 41 92 58 48 6
91 13 18 50 69 80
23 39 27 17 7 37
5 29 70 60 89 68
28 35 79 14 34 2
42 21 1 9 4 84
44 16 32 15 77 66
30 26 40 49 3 87
38 20 83 78 19 55
11 62 56 47 81 94
57 22 52 86 43 45
59 76 72 64 31 63
54 36 88 71 10 24
74 33 65 53 85 8
73 90 51 93 12 75
25 4 68 82 50 16
87 2 48 77 61 13
9 80 5 17 20 66
43 92 79 18 81 83
78 21 35 30 69 45
23 38 32 26 31 88
14 53 37 64 57 15
71 75 41 85 28 11
8 40 60 56 12 36
93 76 27 10 94 3
24 39 63 42 29 67
51 82 52 1 49 59
22 65 90 19 84 44
7 89 73 74 58 62
25 70 72 54 6 91
47 55 33 34 86 46
88 5 12 53 2 81
75 69 68 38 79 9
45 8 87 39 76 16
37 28 4 52 32 59
56 13 41 63 14 1
66 29 10 64 21 43
26 42 82 93 22 89
61 91 80 23 94 84
31 90 54 67 78 17
27 77 74 83 70 50
46 60 6 20 85 30
58 25 19 15 36 11
62 34 33 51 18 44
49 65 55 35 72 73
7 24 40 86 71 92
57 48 12 3 47 42
53 45 10 31 9 56
32 1 76 91 90 89
85 63 17 68 26 94
46 87 37 82 29 74
80 44 43 36 67 27
15 83 49 4 69 62
21 51 55 54 2 40
72 50 60 22 48 34
28 5 47 23 19 30
35 16 61 38 24 57
64 13 7 78 93 8
65 59 86 25 41 79
6 84 18 14 73 71
20 77 11 3 52 39
81 70 58 33 66 75
88 45 15 92 40 68
