9 19 27 22 2 8
14 6 20 17 10 15
28 25 1 31 32 21
3 11 24 33 7 30
18 5 29 23 13 12
16 15 19 11 26 4
5 14 8 2 20 28
26 18 31 21 7 24
17 27 3 10 29 16
22 30 13 12 6 1
23 4 33 32 25 9
11 20 29 1 17 28 21 1
22 3 1 14 7 25 26
10 8 4 9 5 13
27 31 30 15 23 18
32 12 2 6 24 16
1 33 15 21 5 19
32 16 26 28 9 10
29 22 19 8 11 30
18 17 6 13 14 25
4 1 7 27 2 23
3 12 33 31 24 20
2 7 10 29 23 25
17 30 16 33 5 31
4 6 13 24 26 22
3 1 9 20 19 12
11 21 18 14 32 27
28 8 7 15 6 29
25 22 11 4 16 9
13 1 8 28 31 3
30 32 23 19 26 14
12 15 21 2 17 33
5 10 20 24 27 18
29 14 12 16 31 1
5 2 6 9 33 11
8 26 21 23 28 22
7 19 32 27 20 13
10 30 24 25 4 17
15 3 2 18 22 32
26 13 28 25 33 20
6 11 31 10 19 3
14 17 1 18 30 9
7 23 16 24 8 15
21 29 27 12 4 5
16 8 25 19 1 30
9 12 31 27 11 7
24 23 14 13 3 32
33 18 28 5 22 17
20 15 26 29 2 4
6 10 23 21 16 33
26 17 12 19 18 8
4 28 27 31 13 2
20 9 7 30 21 6
25 3 5 11 15 14
32 29 24 1 10 22
15 27 5 26 3 6
8 33 29 14 18 4
7 31 22 20 32 17
13 16 11 1 21 23
19 24 28 12 25 10
2 9 21 30 29 3
