42 21 29 45 55 52
19 27 38 8 32 10
14 15 34 43 13 26
24 6 35 23 28 16
47 57 33 37 11 49
2 40 25 46 17 30
3 12 1 41 56 44
58 7 48 20 54 9
4 39 50 22 36 5
53 15 31 18 51 37
45 46 10 47 43 24
32 14 23 56 40 21
54 29 13 30 1 9
42 26 19 17 2 27
11 50 8 18 31 58
49 12 55 28 22 51
4 16 57 7 44 39
5 3 52 34 48 33
38 41 25 36 35 53
40 6 18 20 1 29
30 10 1 11 21 1 46 49
17 1 26 12 47 1 54 16
34 23 31 44 27 14
56 13 28 50 37 7
39 32 6 53 3 2
58 57 36 45 19 48
52 43 42 9 22 25
38 4 5 55 24 15
33 51 8 35 41 20
13 2 47 54 28 3
53 16 56 29 49 30
18 21 23 46 12 25
55 19 36 15 9 44
26 41 40 5 10 31
57 20 51 4 24 42
48 35 32 43 37 45
1 50 58 39 52 14
27 33 7 6 17 38
8 34 44 22 11 2
36 31 3 24 16 13
26 23 48 51 30 19
25 55 53 10 20 50
49 18 43 7 6 4
37 34 17 45 58 39
47 40 9 56 15 8
1 33 46 28 12 42
21 27 35 54 52 57
14 29 22 41 5 32
11 43 53 23 3 38
17 50 44 37 24 30
42 49 20 12 34 36
56 1 45 25 26 4
9 18 57 10 33 22
11 14 54 19 6 28
35 47 52 7 2 5
58 51 13 32 40 16
21 38 15 31 48 29
27 8 41 39 46 55
50 28 34 9 17 23
5 44 42 54 53 18
51 1 6 47 58 19
16 20 52 15 11 32
7 31 55 36 14 46
10 41 4 2 48 37
21 3 45 38 8 49
12 30 40 57 27 43
24 25 29 13 39 33
35 22 55 26 56 58
23 46 54 4 52 18
2 38 9 14 49 16
6 45 20 50 30 41
28 25 1 32 57 31
29 37 10 34 42 3
43 21 39 44 33 26
17 5 56 11 36 51
22 7 24 53 19 40
12 13 27 48 8 47
15 18 46 35 58 3
37 38 20 52 26 49
32 2 54 33 55 50
19 24 56 16 34 41
51 53 7 1 11 21
10 9 12 17 39 35
30 42 14 31 47 4
15 5 13 57 45 23
36 43 28 40 29 27
48 44 22 8 25 6
3 32 24 9 7 26
30 47 18 38 55 34
41 49 15 50 42 54
31 39 2 20 23 56
33 17 45 14 48 53
27 28 58 21 25 5
52 44 6 13 10 40
19 4 11 12 29 35
16 36 37 43 8 1
57 22 50 46 51 38
49 7 17 55 23 41
28 30 33 58 10 15
34 47 32 44 4 21
2 45 24 27 18 1
31 9 37 6 5 12
48 42 39 40 35 11
46 56 43 13 20 19
25 52 36 3 14 51
8 54 26 29 53 57
16 10 17 22 21 47
