53 96 1 78 66 76
21 63 9 67 34 4
15 10 61 97 50 20
49 30 43 92 64 83
35 46 81 80 98 94
6 72 16 48 60 45
12 82 2 51 65 7
41 17 39 57 29 33
42 70 93 27 68 89
3 56 79 40 36 24
84 99 37 59 73 54
62 23 47 71 74 22
52 31 55 91 85 90
77 69 32 86 11 5
19 14 95 44 87 8
88 58 25 28 75 38
100 13 30 18 26 68
94 48 51 9 76 92
34 24 27 73 43 53
57 7 71 98 72 56
89 21 96 90 3 65
5 47 59 46 97 78
81 12 85 86 39 45
33 40 95 37 61 91
60 32 20 13 49 23
75 6 87 54 62 29
69 38 80 26 17 63
11 8 1 84 70 58
31 19 77 41 64 16
25 15 74 18 52 36
50 55 83 2 79 93
100 82 67 99 10 14
42 44 35 66 28 4
56 5 88 6 49 22
57 1 65 53 47 1 30 80
69 1 85 95 60 76 1 54
9 43 71 17 37 97
36 29 46 20 12 73
3 75 11 68 92 2
23 91 41 82 84 34
24 51 42 58 99 96
50 86 40 1 26 31
45 100 4 27 62 64
16 74 55 33 78 44
93 90 67 59 48 38
35 15 63 32 88 87
66 77 10 22 21 79
8 81 52 83 72 28
94 14 89 7 25 13
70 61 18 39 98 19
92 96 27 41 95 50
6 11 65 71 73 100
20 33 43 47 2 90
93 85 99 88 36 64
44 46 49 45 51 17
24 68 83 21 60 15
34 87 22 7 59 26
76 77 98 91 89 75
48 69 66 52 82 37
12 19 58 13 74 5
4 81 3 53 54 16
39 79 78 35 38 23
25 1 61 30 67 32
18 84 57 55 40 42
97 31 63 8 94 62
29 70 72 14 9 86
28 80 59 10 56 91
33 13 6 66 93 51
88 17 89 60 100 50
68 5 90 76 34 45
2 54 36 58 23 30
4 39 46 69 92 99
74 96 97 85 35 7
15 38 73 77 9 81
72 78 75 31 32 27
14 65 20 56 16 84
47 1 79 49 42 19
62 83 48 70 40 12
63 22 44 43 52 11
10 64 8 37 24 98
61 55 21 82 71 29
86 28 53 87 18 41
94 67 26 95 57 3
2 9 80 25 31 6
4 56 30 75 19 15
32 66 68 50 14 62
40 99 38 72 44 47
54 35 34 12 52 10
89 71 49 58 59 81
69 73 88 78 18 91
37 76 13 79 41 11
64 48 65 95 55 1
17 86 82 90 42 94
98 67 28 96 29 84
80 45 61 83 22 36
53 25 33 5 63 85
26 27 60 74 46 77
87 93 92 57 97 24
16 51 23 43 21 70
7 100 3 8 20 39
44 62 58 65 15 69
34 2 56 81 32 17
59 88 72 79 4 68
64 50 76 28 6 82
99 90 18 11 80 60
19 92 37 89 78 86
91 35 57 36 27 51
38 3 10 85 42 71
97 84 52 13 53 21
55 20 70 26 24 25
5 43 54 96 94 39
75 45 73 74 67 66
22 98 31 93 95 100
1 83 33 23 87 46
29 7 48 63 47 77
49 16 12 61 8 9
71 41 40 14 30 69
17 76 52 65 4 70
11 28 85 19 34 57
51 50 78 3 80 84
39 37 72 15 53 55
92 58 98 82 45 32
67 27 44 13 2 88
47 60 64 61 94 56
9 93 74 1 20 41
90 36 75 81 97 100
29 26 99 79 16 5
95 66 18 38 7 43
23 77 59 96 12 6
54 91 42 63 83 14
22 86 8 46 25 48
87 68 49 73 10 40
30 89 24 62 33 35
21 57 76 31 69 47
