88 82 45 25 3 40
38 28 26 78 64 90
32 2 16 41 61 20
84 31 56 30 91 39
11 75 15 69 24 57
22 21 80 68 35 55
47 65 87 62 27 18
36 58 29 33 66 17
60 70 44 4 52 42
7 37 95 9 49 6
85 53 59 1 5 74
94 54 23 67 13 12
71 48 93 76 46 43
34 89 96 19 14 77
10 79 83 92 8 63
51 73 86 81 72 50
58 70 65 2 56 24
17 44 84 26 3 22
53 15 4 16 7 40
6 33 57 88 60 74
35 67 11 93 31 28
27 23 96 45 21 64
43 82 42 10 62 38
30 34 66 73 68 87
5 55 12 91 52 25
75 95 63 72 36 78
90 29 49 54 47 69
14 39 92 71 51 61
18 32 19 48 83 81
46 59 13 37 8 77
41 80 76 1 79 50
89 85 9 20 86 94
53 12 35 34 38 57
75 7 44 58 73 21
3 6 54 55 43 27
49 96 68 26 88 92
25 32 93 74 56 14
48 95 10 47 2 91
51 69 87 23 33 41
64 18 71 29 13 72
8 40 67 1 89 61
50 16 9 28 19 84
15 17 46 86 70 5
60 20 76 65 11 63
66 77 39 62 22 52
78 37 30 79 94 45
31 36 81 42 24 59
82 90 83 85 4 80
8 96 12 75 3 51
55 1 19 87 95 71
23 26 73 70 10 16
40 43 17 21 92 60
84 20 47 66 6 64
76 52 35 37 14 2
72 42 58 79 28 32
90 67 62 50 45 48
91 24 33 93 13 34
22 5 69 89 30 36
49 25 41 11 81 85
39 9 38 4 74 18
27 46 82 57 63 56
7 59 88 86 78 54
61 68 94 83 53 31
77 65 80 15 44 29
72 90 1 20 91 23
13 69 2 96 66 28
21 47 37 5 19 67
18 92 75 6 42 25
45 14 60 46 58 10
3 33 56 35 48 4
70 62 81 76 94 95
52 41 15 59 93 30
73 74 79 54 17 64
68 57 65 40 71 85
50 77 32 31 78 82
83 22 38 16 87 49
24 27 51 80 89 53
43 63 88 9 12 44
86 61 11 29 84 55
39 34 36 8 26 7
81 4 6 46 30 23
25 72 65 96 94 35
13 47 78 56 92 1
95 67 3 32 69 52
87 45 89 17 76 31
63 41 53 14 66 90
61 18 79 33 85 70
84 80 5 42 40 73
54 51 48 82 16 58
74 19 26 12 15 27
2 93 55 39 49 75
9 83 62 59 34 21
38 11 91 77 88 71
28 29 20 68 43 7
57 86 36 44 10 37
64 50 24 22 60 8
92 87 46 52 84 72
45 5 66 18 35 16
74 30 70 67 55 51
62 4 26 61 25 13
88 2 31 73 90 15
59 20 58 19 38 3
28 40 33 44 39 47
56 21 29 12 10 89
95 53 93 65 79 86
42 54 91 96 76 22
94 64 49 36 77 43
24 7 85 63 23 32
27 1 37 69 81 68
41 71 34 82 75 60
78 57 8 80 9 48
17 50 14 11 83 6
