31 25 42 24 45 13
19 43 30 23 47 26
44 35 41 29 37 21
39 14 38 11 20 28
2 1 12 32 17 3
48 10 34 6 4 27
46 8 36 16 5 7
18 40 33 22 9 15
38 35 29 2 14 23
21 12 17 47 28 32
43 11 4 6 31 46
10 22 16 25 41 34
42 3 33 8 44 19
26 20 15 5 24 27
1 40 45 13 39 36
18 37 30 9 7 48
35 8 17 42 10 38
5 31 15 29 4 41
46 34 44 25 26 12
45 43 28 20 3 30
36 23 18 37 2 16
33 27 9 19 6 21
22 13 32 40 7 11
48 47 14 39 1 24
30 25 10 38 36 43
28 8 31 2 34 18
7 26 4 29 42 16
41 9 3 32 14 27
21 39 5 22 12 40
11 13 1 24 33 35
19 23 20 17 44 48
6 15 47 45 37 46
43 16 39 18 5 42
3 14 11 21 36 10
23 44 22 1 32 31
26 41 46 38 45 9
28 48 6 8 24 25
27 30 29 40 17 2
37 12 7 33 15 4
47 34 19 13 35 20
9 11 36 8 48 23
2 5 43 44 21 1
26 24 31 37 32 10
34 38 16 45 33 7
15 17 18 35 3 25
27 19 22 30 4 14
40 42 41 12 6 20
13 46 47 28 39 29
44 10 2 15 45 11
30 24 34 3 18 21
27 31 17 36 33 14
20 7 41 4 28 23
43 26 32 39 46 35
12 9 5 13 19 38
6 42 8 48 29 22
47 1 37 25 16 40
36 32 35 20 18 4
45 41 39 30 17 33
9 24 29 12 43 34
7 23 21 10 1 6
8 27 11 26 13 16
46 25 2 14 42 19
28 22 38 15 37 44
48 31 3 5 40 47
4 21 45 18 12 8
33 39 25 35 23 9
7 43 1 41 28 27
29 47 2 36 26 37
10 15 13 42 30 32
17 5 14 34 11 6
24 16 44 19 40 48
38 46 3 31 22 20
10 18 28 33 29 26
42 34 37 5 30 1
17 7 24 9 4 44
21 27 25 31 38 47
20 48 36 41 2 13
12 19 45 11 22 35
14 8 40 23 46 43
3 16 6 39 32 15
20 29 10 1 25 9
11 41 18 47 27 42
46 28 24 17 36 22
7 6 39 31 2 19
14 44 12 16 30 8
4 38 37 3 13 43
32 33 48 35 45 5
40 15 23 34 21 26
16 9 31 28 17 42
37 19 39 41 10 8
22 2 33 43 47 24
14 6 13 44 18 26
23 29 5 27 3 45
15 21 30 1 20 46
35 48 12 34 36 7
32 4 40 25 38 11

