25 16 28 30 7 15
20 8 6 3 12 29
11 2 1 14 19 22
31 23 21 26 24 5
9 18 4 10 13 32
23 17 14 8 27 16
12 7 26 11 9 19
18 22 29 28 5 17
6 32 15 21 10 24
4 25 13 2 31 20
10 3 27 1 5 30
18 1 23 7 29 1 4 17
19 1 25 31 6 1 16 1
13 28 3 11 24 14
27 9 12 21 15 8
32 2 22 20 30 26
15 14 13 19 29 5
22 20 21 4 16 11
3 25 1 32 23 9
8 17 18 2 6 30
26 10 31 28 27 7
24 16 13 12 30 25
19 28 21 27 20 23
12 15 18 26 3 2
24 22 31 29 8 9
5 6 14 7 4 32
17 11 20 15 1 10
16 5 2 28 6 9
22 11 27 29 32 25
1 8 7 13 21 18
19 26 4 3 17 24
23 30 10 14 31 12
5 4 8 25 26 11
17 12 19 31 32 28
2 10 29 16 21 3
9 20 24 18 14 27
7 13 6 15 22 23
30 29 16 1 18 19
