6 15 11 30 77 75
39 81 26 59 41 44
16 5 4 49 8 40
31 56 22 10 80 46
48 21 58 76 45 20
78 17 72 42 47 57
14 65 24 82 1 60
35 37 54 71 53 52
74 43 9 27 32 33
67 34 36 68 66 28
51 73 70 7 64 50
69 63 19 55 13 62
29 2 61 23 18 12
25 79 59 38 3 16
14 4 72 75 31 35
39 37 76 65 42 17
46 32 26 8 54 21
28 1 11 73 22 9
34 58 30 81 63 43
70 56 68 44 5 23
38 41 2 48 33 66
19 27 7 60 40 36
51 52 3 47 10 61
74 79 67 69 57 53
24 29 6 78 62 45
71 50 55 12 49 77
80 82 64 25 15 18
20 72 48 13 54 11
1 1 17 16 35 1 56 33
42 75 22 41 51 60
81 5 27 28 65 31
8 58 24 36 38 61
50 69 14 21 30 19
32 71 29 67 70 15
66 63 57 49 45 59
55 39 7 80 25 62
26 78 23 73 52 79
18 53 3 77 68 13
40 47 44 46 43 76
2 64 10 37 20 74
4 82 12 9 34 6
15 16 28 58 42 19
70 72 45 61 81 60
56 55 29 30 51 54
33 68 73 57 24 80
46 75 25 67 27 48
26 62 77 40 65 2
10 41 82 50 11 76
17 38 20 52 14 63
53 34 78 5 1 32
64 59 43 35 36 12
7 6 31 8 18 37
3 9 69 49 44 71
66 47 23 74 4 22
13 21 82 39 79 56
24 42 81 55 2 67
11 46 61 53 29 14
1 12 30 52 16 10
19 76 65 68 6 32
35 48 8 62 50 28
63 9 18 5 72 51
77 44 4 21 37 33
40 70 80 79 66 58
22 13 15 17 59 73
71 74 45 31 36 26
23 27 38 54 69 7
3 75 41 20 43 78
64 60 49 34 47 39
25 77 81 57 76 51
2 19 52 82 46 5
10 59 21 48 55 70
53 33 15 62 36 72
11 12 79 7 17 67
6 73 54 3 31 40
60 30 22 38 78 68
43 57 35 56 23 65
45 4 39 69 28 32
49 61 20 80 26 42
16 50 37 9 24 66
44 8 64 29 27 63
34 74 14 41 13 25
18 71 47 1 58 75
33 51 31 11 23 19
17 43 53 55 60 6
48 52 42 32 7 56
22 57 36 50 39 30
3 35 46 15 12 63
61 78 69 77 40 82
65 10 8 45 44 75
28 38 49 18 70 74
58 67 59 14 2 9
37 62 5 41 79 47
73 24 25 21 29 4
76 80 13 27 26 16
54 1 66 64 81 68
72 40 34 20 71 10
52 18 55 33 22 45
9 30 53 42 8 70
77 14 39 43 48 79
60 2 50 4 3 11
56 36 47 63 6 25
68 35 21 41 61 27
32 81 58 82 49 73
76 31 38 1 15 34
51 28 13 78 46 37
12 20 57 44 19 24
74 7 80 59 54 5
75 66 69 17 26 29
62 64 16 23 67 71
65 49 41 72 30 73
79 32 63 31 60 18
15 56 81 78 4 50
57 37 27 34 11 55
46 68 8 58 39 74
28 33 82 7 26 3
36 69 44 2 16 51
54 76 70 12 14 62
20 35 67 22 77 5
13 45 42 43 71 1
23 24 59 75 53 40
72 52 21 6 66 64
61 25 17 19 9 10
47 80 65 29 48 38
15 51 49 27 14 68
76 74 78 18 11 35
4 55 1 36 20 46
37 60 56 59 69 8
31 42 62 66 82 44
50 58 43 26 25 72
9 40 52 57 29 41
79 19 71 81 22 48
45 67 12 47 73 38
16 7 34 65 21 53
30 23 32 80 3 17
5 33 13 64 61 75
63 10 54 24 28 77
70 6 1 39 35 2
