53 27 18 30 31 25
46 47 17 57 32 19
34 29 40 6 63 52
48 33 4 43 58 61
64 41 35 62 11 50
20 24 39 7 1 22
13 15 51 36 8 28
23 55 38 21 26 10
9 16 59 14 3 54
60 37 12 49 44 45
42 4 56 5 34 2
35 20 8 33 29 47
57 28 53 40 38 11
54 62 23 17 39 31
46 13 61 12 55 64
25 42 59 52 19 48
43 9 5 41 36 49
24 63 30 58 60 2
15 3 21 45 1 6
26 14 7 56 50 27
51 22 37 16 18 10
28 44 23 32 61 25
38 57 20 1 60 5 63 1
24 12 41 59 15 47
19 6 26 2 49 39
40 17 16 8 50 42
30 51 62 29 44 55
22 64 58 3 9 56
32 18 13 34 45 48
10 37 14 35 53 43
1 27 33 11 54 46
36 7 31 21 4 52
3 47 42 39 38 44
48 49 28 29 16 24
50 32 43 63 12 51
5 30 54 35 19 13
27 59 37 58 21 34
55 33 41 56 40 45
14 31 46 8 22 60
61 53 11 17 6 36
2 10 64 25 57 7
26 52 15 62 18 20
1 9 13 4 23 29
22 48 21 12 35 40
49 61 56 51 47 27
36 39 32 37 2 33
45 10 19 11 31 24
42 7 62 9 46 63
44 8 53 50 59 5
6 14 58 18 23 57
20 25 17 4 41 3
54 43 60 28 26 34
16 64 52 38 30 1
55 49 32 15 42 22
18 46 36 44 24 35
39 61 63 41 21 14
33 34 3 23 51 7
25 29 11 37 5 26
55 48 50 31 20 9
57 13 16 62 43 27
12 38 8 6 56 30
2 52 45 47 54 53
19 40 15 64 60 4
28 1 10 59 17 58
50 21 33 13 25 24
63 11 18 8 3 49
22 2 29 27 41 38
23 19 12 53 16 20
4 45 39 51 59 46
31 35 1 26 42 57
47 62 6 60 36 48
7 58 40 54 32 44
17 56 55 52 43 37
61 34 9 10 15 30
64 5 20 14 28 63
