9 86 42 37 58 43
78 62 33 24 55 59
2 73 79 39 10 12
7 32 63 25 54 11
38 6 83 36 56 85
13 3 18 40 74 87
14 22 45 28 1 64
52 21 20 27 49 8
82 72 47 5 16 51
35 76 34 70 46 60
48 17 50 31 4 23
30 69 66 19 41 75
44 67 15 61 80 84
29 68 77 65 26 57
71 81 22 53 42 62
73 5 45 33 38 32
10 82 9 54 74 27
24 79 17 51 60 7
85 63 1 78 2 4
35 59 69 44 47 6
28 55 72 86 8 23
11 53 26 49 19 83
70 13 36 68 39 52
29 84 66 46 71 25
16 75 3 14 34 48
41 80 37 57 31 64
58 50 40 20 15 77
30 56 81 87 67 43
21 65 61 18 76 12
26 35 54 45 36 55
69 53 28 5 9 13
34 62 27 38 17 2
11 4 60 72 39 74
29 16 31 42 40 85
46 50 75 22 10 6
67 18 70 14 33 82
68 44 43 83 20 63
52 25 24 12 57 15
56 76 41 48 1 47
19 8 71 64 32 87
80 65 58 79 30 49
81 77 3 51 61 23
59 66 21 7 73 86
27 78 37 50 84 36
25 60 69 31 20 33
12 70 17 5 22 29
2 43 18 53 47 24
1 80 6 26 13 72
32 9 81 44 79 85
16 74 76 64 68 73
3 58 52 55 4 84
49 51 86 38 46 41
39 15 45 66 82 34
40 7 57 10 8 61
87 14 42 54 83 78
77 30 71 59 48 37
56 28 19 65 63 62
75 23 11 67 35 21
43 73 49 50 72 3
64 86 27 69 24 29
4 18 51 6 32 57
58 34 7 33 81 26
47 38 14 37 52 66
22 83 55 76 2 30
82 11 41 84 28 68
79 78 74 15 23 19
46 44 8 53 54 77
60 5 42 63 21 10
31 61 39 56 35 71
62 40 48 9 45 80
20 59 36 16 1 17
65 87 70 25 85 75
13 78 67 12 86 34
57 23 54 49 22 33
24 3 46 26 37 28
63 6 14 27 79 76
84 77 31 74 2 32
73 36 29 18 41 44
9 52 50 35 30 1
85 61 68 17 19 47
8 70 16 58 66 62
55 5 65 11 71 40
87 48 10 15 72 53
67 51 25 42 59 39
81 21 80 4 69 83
7 20 13 45 75 56
60 64 12 43 38 82
28 34 54 61 29 52
8 31 11 76 3 78
86 48 35 79 68 22
1 19 73 42 27 70
40 33 72 21 46 2
63 53 51 66 55 50
10 24 30 32 14 13
36 15 60 62 75 49
20 26 87 41 12 4
83 64 59 18 84 9
85 43 39 77 7 5
6 37 16 81 45 65
74 71 38 57 69 67
82 25 56 17 44 58
23 47 46 36 63 80
2 29 14 8 51 35
4 54 76 59 13 15
84 26 79 43 70 21
62 6 64 30 11 20
74 49 61 48 42 24
68 18 38 50 81 25
22 7 67 47 65 31
23 85 82 69 52 73
75 27 32 83 39 40
1 37 44 34 87 5
17 33 10 80 66 28
86 57 56 3 60 53
19 12 55 77 16 9
72 41 78 71 45 58
