53 8 13 23 18 51
1 35 45 34 11 39
27 60 56 41 4 59
17 38 50 22 36 12
33 43 26 9 10 52
30 58 2 29 21 49
31 57 48 55 61 28
15 46 20 44 16 37
6 7 19 25 32 5
47 42 24 54 3 40
43 38 62 51 14 21
39 9 55 4 50 13
56 26 44 57 17 1
22 28 10 53 20 36
61 25 29 18 52 34
6 2 40 48 54 14
24 30 7 60 45 37
49 42 32 16 33 27
15 31 3 35 41 19
11 23 12 46 62 58
29 5 59 8 47 20
38 34 1 28 30 1 39 18
14 36 42 44 4 61
25 56 54 21 53 31
10 13 11 17 60 15
3 52 1 51 5 16
49 58 43 24 48 41
35 26 23 47 22 32
40 46 45 19 27 50
7 2 57 12 8 9
59 62 6 33 37 55
42 41 17 30 52 29
39 21 5 24 23 31
27 46 13 26 38 61
50 3 8 10 48 56
6 51 34 49 28 44
60 32 53 43 40 12
16 57 59 14 35 11
37 47 19 58 36 9
20 1 18 55 54 7
25 22 4 2 15 62
5 17 33 48 45 53
52 6 39 12 10 27
13 14 37 32 3 28
20 11 38 19 49 56
4 43 47 46 31 1
8 24 44 62 25 30
40 41 23 61 33 7
54 51 15 29 50 57
36 16 26 2 34 60
59 9 21 45 18 22
58 55 38 42 35 53
14 33 46 8 39 25
3 20 4 30 6 23
13 56 16 62 40 29
54 61 22 5 37 43
10 1 36 35 18 49
55 45 41 47 2 51
21 19 60 57 44 52
34 27 58 31 7 50
15 12 48 42 59 26
28 9 24 32 11 17
53 30 47 61 16 39
3 55 22 60 49 46
45 57 43 36 13 6
62 19 20 48 34 42
41 37 9 38 1 25
33 40 52 28 58 15
51 29 4 7 26 11
21 54 8 17 27 35
44 32 31 2 59 10
18 12 14 56 24 5
50 28 25 23 42 60
22 29 33 1 19 55
37 4 48 34 47 21
11 8 16 31 6 38
32 51 46 56 30 36
52 24 35 13 20 2
58 12 61 45 44 54
39 59 17 43 7 3
18 53 62 26 50 41
23 49 27 9 15 14
57 5 34 40 10 30
