17 35 23 14 46 16
43 39 42 13 30 2
24 31 34 33 48 47
5 44 8 49 10 3
22 11 37 28 29 19
25 45 36 15 40 21
26 4 7 20 27 38
6 32 1 41 9 50
46 18 31 14 12 49
13 37 15 8 23 24
20 2 26 11 33 10
47 32 35 29 30 21
12 41 3 45 4 28
9 22 27 50 36 17
34 40 6 1 38 42
18 44 43 25 16 19
48 39 4 46 5 7
10 29 50 1 3 1 17 15
8 42 20 45 31 1
30 28 12 44 21 27
11 41 7 18 34 47
24 5 6 26 16 22
23 2 19 36 38 48
35 39 14 37 25 9
40 49 32 33 13 43
15 47 50 44 26 46
48 11 5 42 41 27
23 9 39 19 34 20
21 49 37 16 1 2
43 36 10 7 35 12
30 8 14 4 22 40
6 13 25 3 28 31
18 38 45 32 24 17
39 12 29 42 33 23
1 43 20 22 47 44
4 3 16 2 15 34
49 48 8 11 25 35
40 24 41 29 27 31
13 21 9 26 5 18
50 45 46 10 30 38
7 33 17 37 6 28
36 19 15 32 14 42
35 3 18 40 20 39
21 50 24 4 43 11
16 31 33 9 7 30
38 14 44 41 29 13
49 22 45 23 26 48
47 46 8 6 2 36
27 10 25 37 32 34
17 1 28 5 19 12
29 48 16 20 50 13
9 40 44 24 7 2
10 23 45 27 18 6
34 28 46 32 8 26
22 19 41 21 35 33
30 1 11 14 3 36
43 37 5 31 15 38
47 49 25 17 42 4
16 12 32 39 8 22
28 14 21 48 24 10
2 50 35 45 34 5
27 4 33 1 18 13
3 42 29 46 43 9
38 37 40 12 47 11
15 20 30 41 6 49
31 17 26 44 36 39
19 7 50 25 23 3

