50 48 19 82 76 14
60 23 44 41 29 11
72 18 3 34 17 6
21 24 39 31 4 22
59 25 70 49 79 30
12 28 10 83 56 13
65 36 80 26 62 51
9 77 69 81 45 27
63 7 46 32 42 61
86 38 5 15 1 73
8 84 37 74 54 67
47 85 53 58 57 52
16 55 33 43 75 2
64 20 66 78 68 40
71 72 70 56 35 81
39 14 61 30 18 83
77 13 49 48 41 38
27 32 12 54 51 1
57 80 29 84 6 69
74 9 23 36 28 17
67 73 22 66 4 2
3 58 7 64 55 5
62 79 82 78 85 21
53 75 45 25 37 60
76 8 40 44 34 10
43 19 71 20 65 42
52 15 35 24 11 68
46 26 31 86 47 33
63 50 1 16 59 9
74 1 77 14 29 1 85 2
28 30 22 57 48 51
7 83 66 25 54 38
39 5 67 65 13 72
45 34 20 23 80 70
46 53 10 82 73 71
84 50 11 31 64 86
24 62 56 33 44 19
21 58 59 35 60 18
37 3 76 16 68 26
79 15 41 42 12 75
69 8 63 78 4 17
55 49 47 61 27 6
43 32 81 36 52 40
9 83 20 5 22 46
53 64 29 59 24 67
34 66 16 48 84 65
70 31 37 14 13 62
11 57 54 19 63 73
1 44 8 79 6 35
2 61 26 72 85 69
30 32 36 50 77 78
38 82 80 27 56 75
41 21 42 3 81 25
17 60 51 76 43 55
40 28 15 47 71 39
68 23 86 58 49 4
33 74 18 45 52 12
7 19 6 10 31 77
37 73 65 44 69 30
84 14 56 3 5 63
50 79 27 29 17 13
64 62 21 47 2 32
48 61 43 53 70 68
42 76 4 52 28 1
86 51 75 10 72 74
71 36 57 66 18 55
9 35 38 67 26 34
33 11 81 80 39 59
25 46 85 40 12 60
58 16 41 20 54 8
82 22 15 49 7 45
78 24 84 23 83 43
28 75 77 61 52 5
69 53 56 62 66 50
4 13 71 30 74 3
35 39 19 86 37 85
81 10 57 60 64 27
42 59 44 22 47 72
23 45 17 21 2 46
65 54 9 80 49 76
41 40 55 31 1 82
73 68 8 51 29 7
18 63 79 20 26 48
6 78 14 34 33 15
36 70 12 58 38 24
67 25 83 32 11 16
45 59 85 54 43 28
66 60 30 80 86 42
17 19 5 4 53 41
73 31 23 72 27 48
50 65 15 8 46 18
38 10 68 62 39 63
51 34 47 67 37 82
13 58 44 26 84 32
20 14 2 12 7 35
79 24 61 81 16 40
1 70 33 77 57 21
6 64 76 22 56 25
11 3 83 75 69 36
71 52 78 29 9 49
55 80 63 74 15 44
46 43 72 30 58 62
32 65 31 38 45 79
82 7 57 13 16 23
68 6 81 28 67 50
26 35 54 77 25 17
8 22 12 61 53 36
19 59 75 73 84 34
49 5 11 85 66 10
27 21 52 14 41 86
1 74 24 69 20 47
60 33 76 83 71 64
51 2 78 39 3 70
56 48 37 40 42 9
18 4 34 55 29 32
11 72 28 77 79 53
12 21 16 80 30 19
73 17 62 15 61 58
35 63 82 66 43 52
46 76 67 70 69 74
2 31 42 83 8 57
39 20 13 59 36 6
85 9 4 65 75 64
26 78 7 56 1 60
33 40 49 51 18 84
68 27 25 44 5 71
54 81 14 22 38 23
29 86 48 3 45 47
10 41 24 37 55 50
70 19 32 15 66 9
64 77 73 12 82 39
84 60 4 36 20 72
11 27 30 7 34 62
52 51 31 59 46 56
16 42 74 6 38 53
43 47 25 14 50 80
55 69 79 22 33 68
8 71 48 75 21 26
44 37 83 81 17 49
61 10 1 23 67 3
29 40 65 28 63 58
5 41 45 57 78 35
18 2 54 13 86 24
85 30 20 76 15 31
72 55 53 9 14 21
34 56 77 68 74 43
4 48 39 7 44 50
75 29 66 1 81 46
69 35 51 42 23 64
17 86 59 57 12 65
27 67 36 63 33 85
10 22 52 70 16 84
2 80 58 37 71 79
38 47 78 18 76 11
45 25 13 19 8 61
60 49 3 24 32 28
40 6 26 83 73 41
54 62 29 5 82 74
