6 17 34 36 2 28
14 19 8 23 10 32
35 29 31 18 3 33
27 25 11 1 7 15
4 22 20 16 24 13
21 5 26 9 30 12
28 3 35 2 11 8
32 27 24 31 25 17
34 14 1 16 21 18
36 4 26 7 23 5
20 9 15 6 10 33
19 30 29 13 12 22
3 2 27 5 14 4
25 20 6 8 26 35
30 18 7 10 16 19
23 31 9 22 28 1
12 33 11 32 36 13
24 15 17 29 34 21
19 1 25 28 20 5
18 31 11 4 8 30
29 13 7 9 21 2
14 24 10 26 33 17
34 35 12 22 27 23
3 16 32 6 36 15
13 10 30 25 28 14
1 17 21 35 19 4
20 36 8 29 27 9
24 23 12 7 6 3
31 33 5 11 34 16
26 2 22 15 32 18
17 12 3 30 1 20
14 9 16 25 35 23
10 11 4 22 6 29
19 15 2 24 31 36
8 32 7 5 13 34
33 21 28 27 26 18
23 1 16 2 29 10
15 4 31 12 20 14
13 18 6 17 5 27
28 32 30 35 7 24
33 22 36 21 8 25
34 26 9 11 3 19
