11 29 24 37 20 1
40 25 34 31 41 36
38 22 28 30 33 9
26 8 12 2 16 13
27 10 43 23 5 14
15 35 39 44 4 32
19 7 18 17 21 6
23 42 16 28 3 36
10 44 35 9 38 20
2 6 31 1 41 5
43 4 42 17 25 29
22 18 13 27 15 19
26 33 39 37 30 14
12 3 24 7 40 32
34 8 23 21 11 15
18 1 38 2 31 1 39 37
26 1 30 7 42 1 27 41
1 33 8 43 36 32
6 28 34 13 20 35
10 3 5 12 11 4
44 21 29 14 22 40
9 24 25 16 19 17
20 32 27 42 38 26
35 40 41 11 43 22
33 31 34 29 10 19
28 39 12 18 24 21
4 13 23 7 44 2
14 8 15 3 9 17
37 16 36 6 5 30
25 20 12 1 22 23
27 21 31 24 35 33
40 19 42 8 4 37
41 43 3 18 44 9
6 15 7 36 5 38
14 2 1 28 10 16
30 32 17 34 13 11
25 26 3 39 29 6
19 41 14 42 12 1
32 13 9 31 5 18
36 17 4 22 26 21
10 15 20 39 2 43
29 38 8 23 24 28
34 27 30 40 44 37
35 7 11 25 33 16
21 1 38 3 42 13
9 28 43 24 34 4
16 12 44 15 25 31
32 6 10 22 27 8
29 30 40 35 19 2
41 17 33 39 23 20
18 37 11 7 36 14
26 1 35 5 8 44
17 22 2 38 3 27
13 37 21 41 25 10
36 20 29 9 7 12
43 31 19 28 11 26
32 18 23 30 16 4
33 14 6 15 40 24
5 42 7 39 34 22
3 23 37 8 35 31
32 2 11 19 9 21
44 41 24 42 36 10
13 39 27 43 29 16
30 1 25 33 18 15
5 28 40 20 17 26
4 6 38 12 14 34
31 7 22 8 43 30
24 26 5 21 23 25
36 13 19 35 14 3
17 42 44 2 12 33
16 40 18 38 34 10
11 9 39 6 27 1
29 37 41 15 32 28
4 31 26 20 18 42

