1 14 67 73 79 6
85 94 68 96 74 89
47 69 43 40 59 53
11 87 31 80 13 28
46 22 10 81 52 23
57 77 50 24 33 91
71 18 32 20 70 82
17 9 15 92 25 38
2 58 37 42 63 21
19 78 12 49 27 56
39 88 30 62 4 8
35 60 44 86 54 3
93 66 5 90 95 84
83 16 36 64 7 55
48 72 34 65 26 51
29 76 61 75 45 41
46 53 23 9 73 31
17 50 21 49 87 32
70 69 19 85 6 81
8 33 78 86 59 71
57 20 43 94 14 39
13 63 52 91 16 35
10 1 47 15 34 55
82 30 75 74 84 40
95 24 96 27 11 7
12 77 4 93 68 41
18 28 83 5 37 76
80 66 58 3 48 60
92 65 90 45 2 44
61 38 22 56 72 67
25 36 54 88 42 26
64 79 62 51 29 89
13 6 95 47 84 46
11 21 34 43 4 93
31 18 27 81 55 59
19 30 71 91 15 66
3 1 74 76 32 16
77 60 53 37 94 38
69 49 2 61 75 54
42 23 50 39 64 78
20 24 85 12 52 90
72 41 87 25 82 79
10 17 51 14 86 36
62 40 80 33 26 44
56 89 35 83 45 57
7 58 22 92 70 5
96 65 9 73 88 63
29 8 68 67 28 48
30 55 85 34 3 23
82 59 6 94 16 90
52 76 42 71 51 43
2 95 93 31 1 26
64 56 21 81 41 66
70 72 33 46 83 15
32 91 7 69 89 37
50 22 60 68 27 36
84 49 63 77 25 39
12 53 8 44 58 11
9 79 14 28 19 61
67 78 13 5 54 45
20 86 47 74 62 65
48 87 38 18 73 57
24 10 92 40 29 88
4 75 35 96 80 17
27 89 41 71 23 6
90 50 25 69 51 30
68 91 84 26 83 8
95 36 53 21 33 76
11 20 72 45 60 63
34 67 32 58 77 86
7 15 81 54 14 12
73 29 2 22 19 80
92 16 85 37 31 56
82 64 88 43 5 48
66 61 4 47 44 70
28 38 49 40 35 96
59 42 57 62 93 46
87 78 74 55 9 24
79 75 3 39 13 10
65 1 52 17 18 94
68 12 73 76 34 25
30 92 89 77 36 11
67 23 26 20 66 37
91 44 14 58 96 72
33 85 90 4 64 49
84 31 54 24 43 38
56 60 88 87 95 75
28 79 86 52 69 27
35 39 29 55 46 71
93 70 48 10 50 9
16 47 19 18 41 21
8 74 17 5 81 2
59 78 7 61 80 1
3 45 82 15 51 42
63 57 62 22 53 6
32 83 13 65 94 40
29 84 20 36 35 33
54 9 27 64 30 76
43 96 37 19 55 25
23 14 75 11 68 5
48 46 79 56 91 74
88 28 1 50 44 66
10 69 12 82 63 26
18 40 77 58 17 45
94 3 4 72 92 78
60 31 42 7 90 47
41 6 52 80 8 32
38 71 95 83 34 62
86 15 49 73 93 16
13 51 81 89 61 57
22 21 87 59 85 65
2 24 67 53 39 70
36 66 94 75 46 12
60 64 18 14 92 69
27 37 8 72 35 10
42 68 30 38 32 79
3 47 52 96 33 56
26 73 45 74 4 50
41 54 55 63 22 95
49 48 59 89 76 70
28 53 93 78 17 16
44 5 51 87 19 20
31 65 29 58 57 15
77 7 13 85 2 82
80 43 9 86 90 83
61 39 34 6 91 40
25 23 24 21 62 1
71 81 67 84 11 88
70 55 94 8 73 54
41 42 69 48 20 17
63 47 92 78 68 75
38 5 46 65 27 3
87 26 77 16 43 29
6 56 15 36 28 4
37 61 64 93 58 24
81 30 83 1 96 60
44 71 10 85 25 45
79 76 7 23 57 84
32 39 33 31 12 22
14 34 35 2 50 59
62 11 82 66 52 49
90 74 18 53 88 13
89 40 72 95 19 86
21 80 91 51 67 9
55 6 58 75 38 20
16 10 65 42 84 61
7 63 56 29 32 93
43 31 41 30 35 78
54 11 39 33 48 1
88 12 2 47 83 79
50 86 53 19 82 92
23 72 80 36 49 24
4 46 25 67 18 89
15 74 64 95 52 44
51 59 73 60 85 28
26 96 5 57 21 71
27 62 17 70 13 91
34 45 94 66 22 69
76 90 77 14 8 87
37 81 40 9 3 68
54 80 16 89 47 50
33 92 61 23 43 74
59 36 39 38 41 19
4 24 65 79 71 60
17 82 95 57 67 30
45 86 96 6 12 64
5 56 55 44 42 77
63 40 51 66 8 18
91 2 76 94 10 11
75 62 48 72 7 28
26 15 27 53 32 85
1 9 20 49 13 29
25 93 83 22 3 14
69 88 68 46 21 31
35 90 58 78 81 73
84 37 70 52 87 34
