32 9 70 43 50 19
28 68 37 25 16 18
23 46 40 41 65 62
13 6 24 4 20 73
48 17 15 31 53 51
63 21 26 67 39 8
45 29 36 1 12 52
27 7 42 47 11 64
72 56 66 35 10 57
2 14 49 3 71 38
34 33 5 30 59 22
61 58 69 55 44 60
18 54 15 24 40 26
4 39 47 16 8 65
64 1 43 73 21 19
48 11 20 68 35 12
34 51 27 72 41 49
53 58 38 57 69 42
25 56 44 59 7 71
63 60 23 22 28 14
17 36 3 54 5 62
52 30 66 70 55 67
61 50 13 31 37 2
29 9 10 45 33 6
32 59 64 46 24 48
73 49 26 14 69 25
39 12 53 56 19 27
65 22 55 3 44 67
23 72 5 43 2 61
30 70 41 4 7 63
9 6 58 40 37 35
51 62 10 47 68 34
54 17 33 20 60 45
21 31 11 57 32 28
66 71 46 29 16 15
8 42 18 1 36 13
52 50 65 38 6 35
43 59 69 37 10 39
26 30 61 20 27 64
40 56 28 17 70 68
67 4 33 31 72 25
51 18 60 32 66 5
41 13 71 48 19 52
50 1 11 53 46 55
62 42 49 54 9 12
21 16 34 73 38 44
57 15 36 23 22 7
2 3 45 63 47 58
29 14 70 8 24 31
67 69 6 13 5 68
59 62 1 64 60 50
40 72 55 71 39 21
37 26 17 42 22 66
7 43 16 33 12 48
61 44 32 49 15 47
56 54 57 18 27 46
38 14 20 58 10 19
34 9 63 36 65 11
53 2 8 73 45 41
30 25 24 52 23 51
28 35 4 69 3 29
6 70 39 46 64 17
37 32 71 62 12 57
55 43 20 49 63 18
5 67 16 27 53 14
11 22 2 1 25 40
19 30 28 47 73 36
24 4 34 56 48 50
60 13 3 21 15 9
10 52 72 58 54 8
35 66 44 33 41 31
65 29 59 51 61 42
38 68 7 26 45 23
69 32 27 63 1 17
30 71 60 6 18 53
49 70 64 22 13 58
72 67 14 62 28 50
48 25 10 55 42 29
54 21 35 23 47 59
36 24 41 39 11 38
68 45 43 31 46 65
44 57 33 5 40 2
15 61 73 9 52 56
66 8 7 3 20 34
51 19 26 16 37 4
12 59 55 14 41 6
53 63 54 25 64 13
39 18 30 45 62 44
10 5 65 15 28 1
50 38 57 17 47 29
26 20 46 36 72 48
27 31 22 71 24 9
52 35 8 68 32 49
12 51 37 2 21 70
56 3 42 60 33 43
19 40 16 7 34 69
11 73 58 66 23 4
67 48 28 61 38 54
5 25 47 9 20 39
44 37 63 24 29 72
26 10 41 3 57 70
22 33 51 46 8 69
42 2 52 18 4 21
15 43 62 55 6 27
71 1 14 35 34 61
64 36 53 68 66 40
50 17 31 12 13 30
19 45 11 59 49 67
65 58 23 16 56 32
7 60 54 39 51 73
70 69 72 9 18 48
15 46 38 37 8 25
20 62 22 21 53 29
44 71 36 13 43 67
14 5 45 41 64 56
28 27 59 58 2 66
12 60 61 4 40 10
65 73 63 50 26 33
35 55 24 19 7 17
23 31 32 6 34 42
16 57 68 49 30 1
47 3 37 11 52 53
44 64 9 8 51 28
27 40 21 10 50 45
2 48 35 60 36 62
18 67 29 34 58 17
22 68 54 43 41 4
33 47 1 70 23 71
13 55 56 38 26 32
69 15 39 11 14 30
57 52 31 20 16 59
5 73 46 42 63 12
25 19 3 72 61 6
24 49 7 66 65 21
8 4 9 71 17 55
29 38 2 32 54 30
40 57 51 14 43 52
46 34 12 28 26 60
41 67 37 1 20 56
68 63 19 42 44 15
6 66 47 69 48 22
62 33 16 11 61 24
58 49 50 36 39 5
59 53 13 7 65 72
70 25 73 45 27 35
64 31 18 10 23 3
