1 21 32 37 18 22
52 55 19 83 30 54
15 48 56 39 11 78
81 70 26 13 68 46
7 3 82 93 27 14
60 87 88 45 20 62
79 51 44 69 65 53
49 34 66 43 71 29
75 63 17 25 47 36
74 61 4 24 94 35
86 90 59 76 72 42
91 38 77 5 6 33
23 73 40 16 89 84
9 92 8 28 50 57
67 10 58 95 85 64
66 31 80 12 41 2
21 26 71 75 51 7
62 17 3 39 69 49
14 37 86 30 65 11
53 46 87 19 33 29
81 15 24 36 89 45
84 5 56 1 82 4
40 85 20 8 90 79
70 23 6 52 61 72
93 59 73 9 44 43
54 95 41 42 60 28
32 35 31 16 88 48
64 13 2 91 50 63
47 18 55 58 68 78
67 22 80 27 74 57
38 10 92 34 83 76
12 72 25 62 77 94
69 71 33 1 40 70 1 24
65 9 82 15 26 6
42 37 29 84 31 3
35 36 56 73 79 95
49 21 60 30 44 47
85 91 1 87 59 16
13 57 61 55 66 38
25 93 76 64 80 8
67 77 43 46 86 18
22 12 48 10 7 19
68 11 89 50 41 52
23 75 34 4 45 39
54 92 90 27 81 51
83 2 58 17 20 32
78 74 63 88 5 53
13 28 94 14 29 21
31 30 57 46 56 69
26 49 24 55 93 79
61 84 62 9 86 64
33 72 35 15 34 47
6 43 40 1 25 3
73 39 2 92 7 67
65 38 59 32 78 45
71 28 68 36 87 12
10 82 52 88 17 80
16 20 53 94 27 42
19 8 5 11 23 18
37 51 91 74 60 89
66 4 14 22 54 85
95 75 50 90 70 83
77 76 44 41 58 81
48 68 30 63 6 73
25 33 49 59 52 84
87 32 69 34 64 94
5 13 27 31 86 40
23 88 7 24 43 28
22 39 42 47 93 61
46 62 90 21 80 38
29 50 51 4 36 16
79 37 15 63 54 10
83 26 78 72 14 60
89 9 17 85 56 55
18 53 92 41 48 75
76 2 71 3 57 95
58 65 91 35 12 8
82 66 11 20 74 77
45 1 19 70 44 67
81 25 10 87 31 21
28 40 46 78 4 37
36 84 43 38 22 26
61 16 68 92 69 60
76 18 52 56 24 62
58 29 93 90 48 23
33 8 41 82 94 30
50 54 35 53 67 59
79 42 74 75 2 81
80 55 15 44 91 20
7 45 85 77 49 13
3 12 70 51 73 11
14 47 5 71 32 9
57 64 72 89 88 65
63 83 27 66 39 1
17 95 86 6 19 34
69 67 41 26 23 37
30 53 28 62 91 22
7 16 54 56 58 25
78 84 79 70 77 92
94 40 49 18 81 50
89 14 76 20 75 46
65 83 31 71 73 61
48 64 74 33 3 55
59 15 66 51 17 5
43 19 39 57 82 90
11 34 60 80 63 9
44 8 36 32 13 72
52 38 93 86 87 4
6 10 27 2 35 45
29 47 12 95 1 88
68 24 65 85 42 21
41 46 17 91 79 7
3 16 30 90 66 67
43 80 58 53 70 14
72 19 9 31 49 75
20 5 34 28 52 48
93 62 32 54 11 33
45 22 64 29 40 83
8 95 87 51 61 63
42 6 13 56 92 12
50 85 74 84 15 69
60 55 23 82 81 71
44 89 18 38 35 25
57 78 73 24 1 10
88 94 39 68 76 37
77 4 26 27 59 47
86 36 33 2 21 70
