20 76 37 14 8 9
73 74 64 78 6 35
36 80 66 59 45 49
24 90 77 23 53 25
27 72 38 22 71 50
84 3 10 21 41 12
31 65 89 85 58 56
82 61 69 28 13 2
54 83 47 70 57 52
40 75 46 88 5 7
32 79 1 43 42 16
55 26 81 48 15 33
17 67 19 30 51 39
11 18 4 91 87 60
68 86 62 34 44 63
89 12 29 76 73 53
69 9 66 78 47 72
41 22 14 77 54 61
71 64 23 10 5 82
21 20 88 33 2 70
90 85 39 3 57 59
84 67 16 65 15 7
35 26 63 49 46 31
42 55 91 51 52 8
25 81 28 79 44 58
36 40 86 19 60 6
37 11 68 1 27 30
29 45 87 13 74 43
56 34 50 32 75 18
83 24 17 62 38 4
80 22 9 90 84 48
35 1 66 5 51 1 20 12
76 1 16 54 69 88 1 10
71 1 63 2 7 14 73
49 61 23 65 79 30
86 55 41 53 85 67
33 43 8 68 72 19
27 44 32 4 29 26
34 13 60 3 70 80
25 64 62 89 59 75
31 39 40 47 91 81
42 24 37 50 36 28
58 83 46 6 87 1
74 52 17 56 82 77
15 21 11 45 78 57
18 48 14 38 69 79
8 30 70 41 29 5
85 43 51 60 84 73
66 13 75 39 65 22
72 90 35 61 4 42
44 9 55 87 71 24
10 34 91 37 83 89
56 33 78 54 80 40
45 52 1 86 23 26
48 28 57 46 20 17
36 82 76 68 25 15
47 50 49 67 88 3
6 21 18 16 62 77
12 19 58 63 11 32
27 7 59 53 81 74
38 31 87 34 2 64
60 14 65 78 10 24
28 39 89 71 43 52
82 29 91 66 1 57
5 85 22 42 69 25
3 4 20 75 23 36
9 79 67 13 73 40
86 51 27 47 21 61
58 16 48 72 37 74
59 76 33 63 38 30
80 62 15 88 41 31
7 6 32 54 17 55
64 53 44 19 49 83
11 50 84 77 8 26
81 56 70 90 46 12
2 45 68 35 18 85
1 25 34 65 48 21
14 30 3 43 40 82
61 33 10 9 36 31
52 80 24 16 27 5
66 63 53 88 60 79
50 78 51 83 7 41
73 47 87 62 19 56
76 46 72 18 64 67
91 38 90 26 54 20
2 89 42 44 6 11
49 68 71 75 84 69
4 70 45 22 28 55
81 77 13 57 32 37
58 35 59 17 86 29
74 23 8 12 39 15
79 31 82 19 50 21
87 72 88 52 14 85
51 48 54 11 53 36
26 3 65 71 42 83
76 7 61 62 91 45
20 56 13 64 1 84
29 75 47 55 16 90
57 33 69 23 35 27
5 4 78 39 58 34
8 63 18 24 89 81
46 37 43 22 59 44
30 32 86 15 66 73
60 17 25 41 2 9
70 10 74 40 49 38
67 12 6 28 68 80
35 88 71 51 77 76
