64 84 30 60 32 43
41 22 85 56 27 57
92 8 87 89 82 73
33 13 68 69 10 71
23 90 29 17 25 76
86 53 14 78 70 67
77 42 55 1 19 37
28 45 46 50 75 11
72 51 80 95 52 48
26 7 39 5 18 63
44 34 91 54 38 20
31 24 93 88 36 62
65 47 35 66 2 40
9 49 15 61 16 59
79 81 21 58 6 12
94 74 83 4 3 69
23 64 27 45 1 72
43 11 73 13 7 55
89 60 19 44 75 95
91 46 25 52 14 63
2 51 76 39 50 53
68 84 56 61 24 87
49 80 57 6 5 38
41 34 4 79 66 59
30 78 48 21 20 33
67 90 31 18 3 65
88 37 22 12 40 54
81 92 29 74 36 86
47 94 16 70 58 28
85 8 17 71 35 93
62 83 26 42 32 15
82 10 44 72 9 77
33 1 64 75 4 1 73 49
19 1 91 69 1 1 57 30
56 65 38 78 89 52
11 25 80 79 67 24
12 66 68 46 31 92
59 87 39 86 37 90
20 88 28 63 2 83
7 35 62 34 94 29
8 50 9 47 74 42
3 45 53 32 6 82
17 61 81 40 70 27
55 15 76 48 93 14
36 51 18 84 21 77
71 22 43 26 95 10
85 58 16 13 54 23
5 60 90 41 24 35
28 39 25 30 42 68
73 72 74 32 67 12
20 81 65 37 4 46
61 63 1 75 47 38
9 69 78 92 79 7
22 15 6 36 50 64
40 52 45 76 77 26
19 49 8 27 31 13
82 57 70 95 88 23
53 29 16 48 43 5
14 80 21 87 85 60
17 62 33 58 56 44
2 3 89 55 71 41
93 34 10 83 18 86
54 11 59 51 66 94
84 27 4 91 12 50
92 52 70 90 20 75
38 64 79 26 28 35
40 1 15 87 80 46
22 30 5 8 76 58
19 73 9 81 25 56
10 41 48 62 39 67
54 78 77 43 6 3
18 94 95 33 55 91
61 13 32 2 37 44
88 53 85 72 11 49
7 14 47 83 59 84
63 69 36 65 17 34
24 29 57 42 89 45
66 16 74 82 93 21
86 23 71 60 31 51
15 94 8 68 43 90
3 44 50 1 81 52
32 54 92 25 10 35
59 12 18 76 78 28
73 83 91 77 48 22
75 79 36 57 53 13
38 67 84 69 85 37
31 72 41 33 16 7
34 6 71 9 88 14
74 19 40 64 20 24
93 39 95 29 46 61
58 82 60 49 2 26
4 5 42 11 23 56
51 62 45 65 87 70
89 27 63 80 30 66
55 68 21 47 86 17
18 69 54 15 72 75
31 76 32 38 9 94
73 90 95 53 28 40
60 33 61 57 74 34
67 58 92 4 19 93
42 79 43 14 82 51
66 5 25 3 62 37
85 30 7 68 45 36
83 71 87 49 52 29
16 46 78 10 27 88
80 26 23 81 41 47
55 44 12 39 65 24
77 63 59 50 56 13
20 84 11 22 86 1
21 70 2 91 8 64
48 89 6 17 35 31
57 9 58 3 68 51
7 75 42 71 76 27
37 82 52 34 15 30
92 85 83 43 65 61
24 95 54 87 4 47
19 36 66 23 32 39
12 86 94 41 77 64
93 40 60 11 78 91
80 18 44 45 22 74
16 14 2 90 69 81
38 8 53 25 33 88
5 17 79 46 59 72
35 55 20 67 49 50
6 73 10 29 84 63
13 28 1 21 62 89
70 48 3 56 26 36
87 93 23 30 12 9
37 95 31 78 83 64
86 75 65 16 91 32
24 66 17 7 38 15
25 43 50 40 18 41
46 47 6 90 44 85
72 4 28 57 55 8
67 63 82 94 71 81
62 61 76 73 80 20
19 29 68 14 26 54
52 21 58 10 42 53
35 13 5 74 70 84
27 77 33 2 11 79
59 88 69 60 48 45
1 56 49 39 92 34
51 89 93 22 7 25
64 57 67 44 87 66
43 17 37 75 9 80
50 38 72 83 21 19
24 26 46 8 13 78
28 33 86 5 54 82
95 41 11 63 58 74
36 1 2 52 59 73
70 77 32 29 85 4
45 81 55 84 31 34
35 91 3 15 39 88
10 23 14 94 61 89
48 42 49 90 79 22
30 40 62 16 92 71
27 68 65 53 60 18
20 56 47 69 12 51
6 4 1 76 33 19
