63 5 25 42 52 6
46 57 69 39 81 62
29 68 9 45 36 75
16 4 53 49 33 83
22 56 8 72 70 67
21 1 12 79 43 13
14 19 71 20 74 50
3 31 58 40 44 34
18 23 54 61 59 77
41 64 73 78 26 2
28 24 48 17 82 11
15 32 80 27 55 51
38 35 47 76 7 66
30 19 65 60 10 37
56 75 40 25 46 21
68 16 59 1 67 3
12 74 53 62 77 31
43 72 26 69 63 44
55 23 24 34 5 41
33 79 42 48 14 32
13 28 4 35 71 6
49 11 8 47 29 64
17 39 65 80 52 61
66 70 58 30 27 9
20 76 51 83 45 2
22 50 54 57 60 38
82 10 7 73 36 81
63 78 37 15 18 12
49 1 3 32 56 13 19
48 16 5 44 35 64
23 69 11 9 65 14
58 71 77 80 24 1
46 59 45 60 8 42
36 34 54 66 53 72
70 38 21 29 74 73
33 20 27 17 22 26
6 81 61 47 67 37
75 31 79 4 51 57
18 83 50 82 68 41
78 39 40 76 28 10
7 55 25 2 30 43
72 21 52 62 15 71
11 35 27 53 59 56
64 81 33 9 24 19
12 48 46 3 54 70
6 49 17 50 75 66
44 78 60 32 23 36
45 39 31 5 37 43
77 2 15 40 82 16
34 47 69 83 10 13
61 7 63 4 20 1
25 65 57 26 18 29
55 42 28 58 62 22
74 80 76 79 8 68
52 41 30 51 38 67
73 60 15 14 17 56
19 2 70 59 69 75
77 9 47 21 48 20
3 27 39 36 25 4
81 32 26 11 54 5
10 44 66 68 57 42
30 13 24 31 61 50
64 6 72 7 80 45
34 43 18 16 73 8
51 58 74 35 49 78
1 22 82 23 52 46
33 12 76 65 41 71
29 63 83 67 79 28
37 40 38 14 53 55
62 4 44 19 45 11
31 80 18 69 21 36
51 17 13 64 77 25
70 50 7 39 26 34
1 9 60 5 72 76
49 73 68 71 61 22
8 30 35 83 12 81
75 42 67 24 15 20
43 62 48 38 27 23
28 56 74 37 66 16
41 46 79 53 6 58
2 14 52 54 29 10
57 3 82 55 78 33
59 47 32 65 40 63
42 73 80 50 9 35
67 69 5 27 12 49
75 1 34 74 11 30
8 37 17 71 7 23
21 19 16 54 58 39
68 15 31 28 33 70
13 66 14 45 22 78
61 64 53 32 57 43
44 25 38 82 79 59
60 41 20 81 40 29
77 83 55 65 56 6
72 46 2 47 4 18
10 51 62 24 63 3
26 76 36 52 48 49
