58 19 60 51 11 52
53 61 41 17 59 23
8 50 22 40 7 39
71 25 46 47 28 31
13 62 16 63 67 14
21 18 44 69 30 34
9 29 42 38 48 54
66 4 57 27 49 3
15 20 10 32 65 43
72 12 26 33 5 55
45 24 37 6 35 2
56 1 36 68 70 64
41 58 8 18 54 14
67 47 46 22 52 9
65 69 17 66 13 34
31 43 59 19 3 63
2 10 23 71 26 7
38 20 16 72 51 64
42 45 27 40 55 44
48 50 56 53 32 12
5 57 25 35 21 36
1 4 62 61 28 37
15 33 70 6 60 30
29 49 11 68 39 24
65 66 42 2 22 45
14 56 34 7 38 59
3 52 20 41 16 27
67 69 25 26 4 23
35 46 17 71 15 40
51 54 21 36 39 55
49 50 12 9 6 43
58 53 47 29 37 70
5 32 28 60 11 61
57 18 63 72 1 33
44 68 30 64 31 13
24 48 62 10 19 8
23 15 51 34 52 50
53 21 71 4 43 41
46 36 32 29 58 3
55 37 9 20 65 18
38 63 6 40 2 69
33 61 19 8 13 14
49 64 60 72 22 48
26 66 11 44 16 59
1 30 42 10 25 24
54 12 28 57 17 68
47 62 45 39 56 5
27 35 7 70 67 31
32 8 6 65 64 4
48 36 2 46 16 43
22 71 1 51 69 26
3 38 44 50 17 24
54 37 72 30 28 21
57 55 35 23 62 58
60 18 66 19 7 47
39 49 59 20 42 13
10 61 63 41 12 15
11 33 53 45 67 52
31 40 29 34 70 5
27 9 14 68 56 25
43 8 36 44 60 23
22 47 13 3 62 6
55 59 64 10 28 69
15 16 49 54 45 7
17 31 61 39 57 67
35 52 68 48 26 18
5 63 4 46 20 24
51 29 65 12 14 30
37 32 38 66 71 27
33 21 58 56 42 40
2 53 1 9 72 19
41 34 25 11 50 70
69 5 22 16 57 8
60 17 3 29 14 55
39 23 48 37 44 15
30 10 52 4 36 49
31 58 66 1 21 6
28 19 53 42 38 35
27 64 63 50 47 26
59 70 2 32 51 33
7 24 41 65 46 9
20 54 68 62 34 61
43 40 72 56 11 67
18 13 71 25 45 12
52 6 37 63 42 17
70 10 4 22 14 44
64 30 46 55 53 66
26 57 41 19 39 32
35 33 43 34 9 1
23 13 27 5 58 48
45 56 69 60 31 54
2 3 12 11 8 20
7 72 62 36 29 71
21 67 38 68 47 15
24 59 28 16 18 50
25 61 65 49 40 51
14 32 31 52 23 42
69 43 66 39 41 35
30 33 48 3 7 1
12 34 19 37 64 22
18 6 56 16 10 29
17 27 21 62 2 11
28 63 20 70 45 36
59 9 4 58 15 55
50 60 38 61 46 57
13 26 40 54 24 53
25 47 51 8 72 68
67 44 71 49 5 65
32 22 56 30 63 35
43 34 39 58 14 28
50 29 33 4 20 69
42 15 11 13 36 57
70 26 61 21 48 45
55 1 49 47 41 38
16 68 31 53 65 8
46 23 72 6 27 19
9 5 10 66 51 17
24 40 60 71 59 37
44 12 7 62 25 52
64 3 54 67 2 18
36 22 58 31 38 33
4 11 34 63 48 47
14 72 10 13 35 50
59 51 45 43 27 29
42 71 16 61 30 9
28 3 18 21 23 65
6 7 20 57 44 53
12 55 67 24 66 70
19 68 69 17 40 32
64 2 15 62 41 5
8 37 56 26 46 49
52 60 39 25 54 1
61 27 22 18 43 53
23 29 57 63 9 66
36 65 47 59 19 50
48 6 51 28 41 67
62 70 46 69 42 49
40 35 16 12 4 60
14 24 26 15 31 72
7 25 30 20 17 58
34 8 21 45 1 32
11 39 54 33 71 64
38 68 5 37 10 3
52 44 13 56 55 2
