54 5 14 3 2 29
6 39 26 47 78 55
15 73 36 18 30 23
69 48 86 40 37 28
24 58 71 9 49 75
32 63 50 82 80 70
81 85 8 13 56 11
72 16 83 4 66 43
77 17 44 57 42 61
52 76 74 41 68 25
22 59 27 51 67 19
53 35 64 38 1 33
34 65 7 79 46 62
21 10 31 84 20 60
8 45 2 82 16 12
18 49 78 77 50 13
37 63 30 58 61 52
59 40 76 83 26 42
85 43 38 70 47 22
32 1 48 14 41 79
4 19 17 62 6 9
28 31 84 56 57 27
24 29 7 36 86 64
65 72 75 23 80 53
5 11 25 20 66 35
46 15 54 44 51 21
60 67 33 71 81 73
12 74 55 34 3 69
39 45 27 68 18 10
38 32 86 8 30 49
62 78 1 58 22 31
56 47 79 16 9 40
2 77 37 23 76 85
33 75 36 54 6 66
48 4 42 82 11 34
13 67 35 69 41 57
55 71 45 50 17 20
10 29 51 83 12 65
72 46 81 63 24 74
53 39 25 15 84 3
80 5 61 7 60 28
43 68 73 14 21 59
19 52 44 70 64 26
33 58 57 40 32 85
30 69 77 83 71 79
42 75 56 74 2 1
12 54 50 31 39 23
45 62 41 8 72 15
67 61 68 4 20 36
13 26 24 51 60 37
22 49 34 73 35 17
21 11 3 6 64 80
25 19 82 86 43 10
18 28 29 46 70 9
44 14 63 84 66 76
52 48 47 53 7 81
27 55 5 65 38 16
59 4 60 57 78 8
56 83 24 39 32 22
10 73 40 11 2 50
15 70 77 86 75 67
3 9 33 72 51 82
63 7 18 41 31 43
20 80 58 47 14 12
66 13 30 46 1 45
6 79 44 29 35 68
23 38 26 71 25 48
34 21 78 27 53 76
55 81 69 59 62 61
19 84 37 36 65 42
28 54 85 49 16 52
17 74 8 5 64 39
35 56 43 51 58 77
50 68 83 48 3 46
31 38 14 45 24 67
61 34 86 26 18 72
29 42 60 25 22 63
30 82 20 75 85 62
49 59 6 7 74 23
1 27 69 73 47 54
55 57 66 19 53 2
78 52 65 11 33 15
37 9 32 10 44 5
16 36 70 17 21 13
80 84 41 71 40 4
81 76 79 64 12 28
7 42 39 58 69 38
60 6 53 50 85 14
31 83 47 25 8 34
73 3 75 78 19 45
27 13 62 48 63 2
77 82 40 29 52 21
70 23 5 79 24 84
1 59 16 20 44 18
49 10 66 61 56 41
12 46 43 33 37 17
26 65 35 28 4 30
22 54 9 81 86 80
11 36 72 76 55 32
64 71 57 68 15 51
67 29 84 74 48 58
41 20 70 42 27 6
62 33 56 21 5 18
75 79 52 60 50 38
14 81 19 30 34 16
85 73 46 86 31 55
9 26 66 68 8 7
67 25 1 17 28 72
51 36 49 39 40 63
3 10 47 76 13 4
74 15 82 35 37 83
24 69 80 2 44 78
64 59 54 65 77 32
61 12 53 11 22 71
57 23 29 43 45 81
63 85 68 5 34 1
9 50 21 42 30 67
38 62 74 36 28 10
78 72 20 37 7 56
66 17 51 69 32 31
40 8 3 61 27 24
45 70 58 54 53 83
35 86 12 84 52 59
64 25 4 75 14 46
47 41 11 60 77 19
16 57 39 80 73 48
23 33 22 44 55 13
2 79 49 26 43 15
76 82 18 71 65 6
