18 9 20 15 5 28
34 21 12 32 7 26
1 29 30 13 14 19
22 4 10 23 16 2
24 31 33 8 3 17
21 25 11 12 6 27
23 30 22 24 20 26
19 1 27 4 3 18
34 32 28 5 13 10
2 9 31 33 11 29
6 8 15 16 25 7
13 17 18 14 21 23
9 1 29 25 20 1 33 30
10 26 1 11 27 8
32 14 3 34 22 16
28 4 12 15 31 17
7 5 6 2 24 19
9 15 3 21 13 30
33 12 8 18 22 6
11 32 5 24 14 4
26 16 17 25 19 20
27 28 23 7 29 2
20 10 34 21 31 1
30 19 7 28 11 22
25 18 24 4 34 2
17 23 9 1 12 32
6 26 3 29 10 15
5 33 16 13 27 31
20 15 14 8 24 32
7 28 21 3 1 33
8 23 25 9 19 5
11 16 4 18 34 29
26 22 13 31 6 14
27 2 10 17 30 12
16 1 24 28 26 9
29 17 21 22 8 5
31 18 32 30 6 25
12 2 11 3 20 13
19 15 23 33 27 34
4 7 20 14 10 9
