19 54 53 46 50 15
10 35 29 2 17 3
23 4 34 55 32 26
60 41 25 9 20 56
7 49 16 36 44 28
27 24 37 40 59 38
8 48 30 11 12 21
39 45 5 57 31 22
6 42 13 18 14 43
58 61 51 52 33 47
46 25 1 32 27 16
21 40 10 28 59 12
54 11 7 3 20 53
22 49 26 30 6 9
31 14 17 44 47 60
43 50 57 19 37 41
51 35 24 29 45 18
5 4 1 8 13 52
61 48 55 15 2 42
33 56 39 36 38 34
23 11 30 58 60 50
45 43 49 59 54 46
8 28 24 6 17 53
18 7 52 22 9 10
20 35 15 44 39 4
12 1 58 5 2 37
19 55 40 21 33 3
26 34 27 14 61 41
36 47 51 42 57 25
29 13 56 16 31 48
37 32 38 23 15 28
60 9 11 21 18 19
20 58 33 49 14 59
22 1 44 10 34 43
13 16 41 24 12 39
55 6 2 54 27 31
7 61 57 35 8 23
53 25 36 26 30 29
48 17 40 52 50 38
4 47 32 45 3 56
46 5 44 51 42 33
41 23 21 10 49 2
35 43 6 9 12 36
16 55 18 20 17 37
58 52 57 15 53 24
56 31 25 59 19 61
47 8 14 40 28 45
29 42 32 30 27 50
38 26 46 13 11 22
1 60 54 4 7 51
3 34 39 48 5 6
9 45 24 47 55 23
15 10 27 31 20 36
33 29 22 42 41 8
61 43 4 51 38 21
14 32 11 17 54 5
56 40 34 13 53 49
3 57 26 2 60 16
58 59 37 48 46 7
28 1 30 35 39 19
50 18 12 52 25 44
54 9 41 38 5 42
11 29 47 43 22 55
45 7 20 61 26 17
49 35 48 53 51 32
31 15 59 30 34 18
39 2 52 60 46 8
33 28 57 1 56 27
6 19 58 16 4 10
44 24 13 21 37 25
50 36 23 3 12 14
40 52 42 26 7 35
43 29 5 60 18 61
17 41 49 53 31 1
39 48 27 47 10 54
36 24 14 50 19 22
20 21 6 46 57 23
4 3 13 37 9 33
59 44 56 8 58 55
38 16 28 2 30 51
34 15 45 25 40 11
12 26 31 32 43 7
50 47 21 1 13 20
33 19 17 22 23 48
10 38 8 57 14 35
30 3 46 24 56 61
34 37 28 52 54 29
11 16 39 49 4 42
9 59 2 32 36 15
44 53 12 27 45 60
6 51 18 41 58 40
55 5 50 28 25 26
14 46 34 7 30 47
31 10 32 24 11 33
17 42 59 12 57 4
38 41 3 18 44 58
35 36 60 55 13 54
40 53 9 61 22 16
25 49 8 37 48 43
45 2 19 20 52 5
56 15 6 29 21 1
27 23 7 39 51 13
42 22 46 28 10 60
12 38 61 24 55 49
41 52 59 11 3 19
18 1 48 26 36 45
32 44 30 57 40 6
53 21 14 37 39 31
2 27 43 4 56 17
51 50 20 34 8 9
5 33 15 47 16 35
54 23 40 25 29 58
13 37 10 30 61 45
56 32 52 14 39 55
4 8 36 41 46 31
17 22 12 15 51 3
5 16 53 59 23 43
27 21 35 34 58 11
42 60 20 1 24 38
57 18 9 48 28 54
19 26 47 49 29 44
7 33 2 25 6 50
