52 47 11 34 4 24
23 43 33 55 75 56
64 42 40 68 71 69
70 26 35 49 53 67
8 66 73 22 20 10
63 9 45 61 3 27
74 46 29 62 13 16
1 48 2 41 5 57
12 7 28 65 6 30
39 72 37 18 50 36
19 60 31 38 21 25
54 44 58 14 17 32
15 35 59 51 69 47
70 64 1 46 61 8
71 12 75 62 27 26
22 5 49 68 13 34
25 43 9 52 41 30
11 57 50 42 65 33
20 38 72 48 59 14
53 3 32 16 51 73
18 6 40 58 55 19
63 7 56 54 24 10
21 44 28 23 66 37
4 17 74 60 67 39
36 15 45 2 31 29
38 22 41 1 69 75 1 3
47 1 62 49 30 18 64
7 9 35 32 33 72
44 16 6 24 1 43
4 20 23 19 51 71
74 37 8 53 12 54
57 39 66 25 15 63
21 5 42 14 36 26
65 2 59 73 34 27
67 58 56 11 13 31
55 68 52 46 45 28
50 40 17 48 10 70
53 60 61 29 57 18
33 14 64 12 24 15
39 59 21 43 49 7
27 30 69 5 19 8
31 63 73 6 71 46
26 4 68 72 56 65
28 25 48 47 58 22
11 45 51 37 62 60
75 10 44 9 74 2
3 52 29 70 23 42
1 54 34 67 40 38
17 36 41 16 35 20
13 61 32 66 55 50
26 57 46 59 37 22
31 14 62 65 8 9
58 69 60 73 72 70
10 34 53 15 28 19
27 49 36 40 52 44
41 50 51 63 64 67
71 24 3 5 74 55
18 68 20 32 11 21
30 48 16 75 39 61
6 29 4 33 54 66
43 42 12 35 45 38
13 25 1 23 17 7
19 56 14 47 2 50
24 8 59 60 28 41
37 31 55 34 70 16
30 63 11 36 22 53
52 67 48 21 33 71
40 75 5 4 46 25
29 26 58 64 43 20
57 38 44 7 73 62
66 47 9 17 68 12
35 65 13 10 3 39
69 32 23 45 74 6
56 27 15 1 42 18
51 72 54 2 61 49
20 25 62 50 53 24
67 19 7 75 37 68
64 48 13 9 36 4
12 21 69 34 29 63
41 70 15 44 71 65
61 22 74 40 35 31
27 16 47 72 23 57
2 38 55 39 11 26
59 33 10 45 1 58
54 73 5 28 18 43
66 30 46 3 14 60
8 51 17 56 6 52
49 32 75 42 41 47
