8 40 2 28 9 44
35 13 11 19 36 7
21 23 10 29 39 43
18 14 4 37 42 15
17 25 12 41 22 31
16 32 30 38 33 6
3 34 20 5 26 27
40 24 35 1 15 9
13 25 28 23 32 44
12 21 41 7 6 16
37 14 1 43 33 10
34 27 24 38 29 42
30 26 36 22 2 18
31 4 39 20 8 19
11 5 38 10 17 3
28 1 27 36 41 15 1 40
20 44 29 7 9 43
6 37 4 16 3 25
26 19 11 31 42 5
24 23 2 14 35 22
21 17 32 1 34 12
18 33 30 39 8 13
19 44 3 36 20 22
23 38 26 43 40 4
42 33 1 2 39 41
8 18 17 10 32 24
12 5 6 11 14 28
35 37 25 21 30 34
13 16 31 27 29 15
7 42 11 18 9 38
2 36 37 17 43 23
8 3 32 35 12 20
1 10 44 24 6 31
13 27 41 9 21 5
14 30 19 34 40 16
29 28 33 4 26 7
39 15 35 22 25 38
43 12 13 3 41 24
44 30 42 4 23 11
33 2 20 25 10 34
31 1 21 28 18 40
39 27 9 14 36 6
15 7 8 16 26 17
22 19 5 37 32 29
35 41 10 4 13 44
30 23 9 31 38 27
3 15 12 1 19 29
5 40 37 2 7 25
39 20 14 24 28 17
36 43 34 42 16 18
33 8 22 6 11 21
32 38 41 26 44 14
12 37 31 20 42 13
15 43 25 6 17 39
4 24 21 34 2 26
9 16 10 28 22 3
27 18 23 33 35 19
29 5 36 30 1 8
40 7 39 32 11 34
19 15 17 44 21 33
38 28 8 41 43 37
18 6 1 20 5 23
25 9 26 10 12 36
14 24 7 30 31 3
22 4 42 40 13 32
11 16 29 2 35 27
44 41 6 26 18 37
5 3 43 40 31 33
32 4 19 24 36 9
42 39 28 17 29 35
15 10 2 27 30 12
21 38 16 11 1 20
7 34 13 8 14 23
29 24 22 25 41 18
43 20 32 15 11 30
6 2 28 19 13 38
9 12 40 37 39 33
42 3 14 25 8 21
10 31 26 23 35 16
17 22 7 27 4 1
28 34 5 36 44 15

