23 16 4 13 34 19
1 14 5 21 11 28
33 6 18 9 22 29
36 31 20 32 15 25
35 8 17 12 3 27
7 24 10 30 2 26
9 13 28 6 36 29
19 27 15 21 12 17
30 22 16 25 2 23
7 5 3 33 8 31
14 18 10 24 34 20
1 26 11 4 32 35
28 2 33 15 21 36
5 27 8 18 16 24
1 30 4 31 6 9
12 25 7 11 34 10
17 3 29 32 20 22
26 35 19 14 23 13
30 9 27 28 7 15
16 6 3 11 24 12
20 29 18 21 25 26
23 33 34 36 32 17
10 5 31 14 4 22
2 19 8 35 13 1
11 20 16 36 30 7
17 15 34 26 6 5
22 3 33 19 1 28
24 35 21 13 32 18
25 4 9 8 12 14
23 31 27 29 10 2
36 18 28 22 5 35
4 26 8 16 15 33
25 20 14 27 1 6
31 29 13 34 30 12
32 10 9 24 17 19
2 21 7 3 23 11
12 4 13 20 28 5
22 19 36 27 29 26
32 1 2 8 34 7
6 11 15 18 31 35
30 23 24 17 33 14
16 10 25 3 9 21
27 7 32 4 29 5
19 18 12 2 36 14
21 20 30 8 22 6
3 26 34 15 23 9
13 33 11 10 17 1
31 24 25 28 35 16
29 14 30 3 4 2
6 7 20 5 19 23
15 13 24 11 25 22
26 17 31 18 8 21
34 28 32 35 27 10
12 16 36 33 9 1
17 13 22 7 14 31
5 18 25 10 19 30
34 21 4 24 36 3
9 11 35 20 27 33
15 1 8 29 28 23
2 12 6 16 26 32
