20 71 16 24 25 9
55 21 56 8 62 53
49 30 2 34 35 45
47 10 33 61 67 69
42 57 3 51 27 39
11 5 6 50 68 26
19 41 1 65 63 29
60 36 48 44 37 43
70 28 14 23 22 31
46 54 12 4 17 59
58 7 13 64 38 52
40 18 67 15 66 32
27 33 57 36 55 41
62 28 44 50 61 35
26 39 47 30 29 60
43 42 54 21 53 1
22 64 4 25 5 37
51 56 63 13 16 14
7 23 3 48 40 9
59 6 38 70 15 10
45 68 49 71 52 19
66 69 58 46 8 24
31 65 32 2 12 11
56 17 34 28 18 20
63 15 23 1 62 26 33
37 19 50 40 54 27
60 8 52 6 41 25
43 64 66 57 71 30
31 42 10 44 34 16
9 2 38 68 51 47
58 4 45 67 65 53
39 20 29 70 32 55
12 48 5 13 49 21
11 46 61 14 1 36
17 35 69 7 59 22
18 24 41 10 3 43
38 26 71 56 40 4
53 51 64 44 12 39
1 62 67 34 9 5
59 20 31 57 60 45
16 46 22 3 55 6
33 48 32 14 50 58
30 7 11 21 24 19
52 23 18 29 54 35
8 49 65 17 47 28
27 25 68 66 63 70
36 13 15 69 2 42
61 34 26 37 59 58
35 43 12 19 56 9
53 30 48 33 31 17
55 66 5 28 60 54
71 3 68 15 69 65
47 57 62 4 11 42
37 16 70 1 18 7
41 14 21 39 38 40
22 36 24 32 52 51
20 8 50 2 10 63
64 61 6 49 23 27
13 29 25 45 44 46
67 28 59 16 68 41
54 39 56 48 11 22
52 21 2 17 70 57
9 53 18 26 49 36
6 45 40 42 63 61
51 7 60 65 50 46
29 37 71 12 14 62
27 24 47 5 44 15
35 33 13 4 20 66
3 31 8 64 19 67
23 1 55 10 58 30
25 69 34 32 43 38
29 14 2 53 27 7
65 6 44 54 33 20
63 9 28 52 4 39
1 50 56 3 45 66
61 12 30 18 22 25
34 59 40 55 47 64
5 32 46 41 42 23
60 10 17 68 13 62
24 57 49 38 67 37
36 58 35 71 31 21
69 70 26 19 48 51
11 15 43 8 16 23
