57 50 53 55 60 35
30 62 46 16 28 19
9 3 75 36 66 70
8 39 5 2 22 67
32 56 52 17 15 10
43 21 68 54 13 47
51 65 71 11 42 45
59 49 33 14 24 1
58 34 18 69 72 6
63 44 4 41 26 25
27 64 38 20 31 12
23 73 29 61 48 37
74 40 46 7 13 57
16 36 54 32 53 39
34 51 45 70 5 15
56 35 28 72 8 67
6 12 44 1 55 10
31 60 64 9 59 11
7 41 22 19 50 48
29 37 40 68 38 42
33 71 74 21 3 26
62 18 17 49 27 47
52 69 4 66 14 20
25 65 24 73 43 2
30 75 63 61 58 23
16 72 41 64 67 29
21 7 6 56 51 44
18 10 68 60 62 33
54 48 8 55 31 66
3 27 12 24 13 15
43 42 50 38 9 19
53 59 4 52 58 73
39 70 1 46 23 69
49 32 2 28 34 74
35 45 17 36 61 14
40 65 63 20 47 5
75 11 22 57 30 37
71 26 56 29 60 25
70 67 43 73 12 10
42 28 59 48 3 18
69 41 55 45 33 32
9 6 74 62 24 63
54 4 30 50 40 27
46 53 14 64 15 2
47 58 26 7 38 52
66 1 65 21 61 57
68 19 17 71 44 39
23 49 72 31 22 25
5 11 34 75 35 16
36 37 51 13 8 20
28 48 27 63 45 53
15 54 1 26 9 62
69 38 30 55 74 73
29 57 70 52 19 49
24 35 71 4 7 32
5 18 36 31 21 58
75 25 46 12 47 51
13 16 60 65 20 61
41 39 42 10 8 34
33 2 50 72 37 56
59 40 67 22 6 17
68 14 44 3 23 11
64 66 45 43 26 30
21 73 48 20 9 16
25 1 5 18 32 19
65 56 62 36 46 55
38 50 63 57 34 59
47 72 14 53 70 13
33 29 7 6 43 28
27 2 41 35 51 68
69 71 31 15 67 75
42 12 58 66 17 11
44 52 23 60 54 24
39 61 40 3 49 8
22 37 64 74 4 10
70 30 16 25 59 68
48 1 32 13 67 38
41 56 20 18 26 12
58 6 57 14 15 71
24 7 31 53 42 65
51 10 3 54 19 72
11 50 61 47 74 39
9 5 43 23 17 27
28 64 40 44 36 69
63 52 8 73 33 46
29 45 62 22 21 35
55 2 75 4 60 49
34 66 61 37 53 67
14 30 74 5 12 56
47 36 28 6 71 41
27 57 26 48 39 72
50 25 8 58 62 3
45 46 38 18 11 24
17 51 29 1 4 31
10 23 13 2 59 7
52 43 55 40 16 34
60 69 19 37 63 21
32 22 9 68 75 65
15 33 66 49 73 44
35 42 70 64 20 54
72 5 57 59 36 41
40 2 48 1 18 71
8 74 60 27 16 45
61 22 26 51 69 43
34 39 33 12 4 65
66 10 21 14 28 38
56 7 11 63 70 49
50 31 73 32 68 6
67 17 20 30 53 3
23 55 24 19 64 47
75 13 52 62 25 42
35 58 37 46 44 9
15 63 18 54 29 66
8 68 36 12 1 7
67 11 48 33 27 4
2 31 3 16 69 57
49 5 64 71 52 50
72 20 75 74 44 43
13 45 73 19 39 56
17 14 54 65 41 37
6 38 15 25 23 35
34 47 9 10 29 30
60 28 22 70 24 58
59 46 21 42 55 61
26 32 51 62 40 53
19 73 36 11 54 27
4 57 18 8 16 23
48 35 6 65 30 52
58 49 69 41 68 13
22 1 47 3 56 64
51 74 53 44 29 59
25 55 7 37 66 39
12 9 72 45 71 40
20 24 21 50 15 34
67 32 14 43 63 60
38 61 31 70 62 2
26 33 28 17 75 42
10 46 49 5 48 69
44 27 66 56 47 59
53 41 23 40 21 11
37 43 18 39 52 51
38 55 16 71 63 22
61 25 12 28 57 9
14 8 29 24 75 32
30 72 15 1 42 60
45 20 58 2 10 54
67 65 36 26 70 50
4 68 3 46 6 5
74 19 13 31 33 35
7 34 62 73 17 64
