9 71 64 32 65 20
10 52 70 21 35 34
72 41 36 38 62 59
24 57 69 49 50 14
11 23 66 2 55 43
18 33 3 27 48 54
58 29 42 46 44 17
1 4 67 60 8 40
31 56 68 28 47 61
25 63 5 37 7 26
16 12 53 51 13 19
45 6 15 22 39 30
23 57 59 3 35 58
18 40 32 41 24 29
10 68 38 44 66 60
8 62 7 28 71 46
69 65 2 67 13 5
43 39 26 31 16 64
56 34 22 37 49 21
4 51 72 48 63 70
42 9 53 14 25 54
20 11 61 33 19 6
27 45 12 30 1 36
17 47 55 50 15 52
68 35 67 24 31 34
37 66 46 32 59 3
14 58 60 7 28 65
71 22 11 56 4 54
29 70 18 45 16 38
15 49 25 36 2 51
20 42 13 43 48 8
6 27 26 17 40 57
61 52 12 23 5 50
55 39 1 62 30 9
47 10 41 53 33 63
21 19 69 64 72 44
37 18 56 29 67 14
17 38 51 65 8 24
61 43 4 46 26 34
13 54 7 57 32 52
50 60 70 42 3 2
28 53 55 44 45 35
64 15 63 27 11 62
41 5 9 66 21 31
49 23 71 19 10 30
12 22 6 25 72 68
33 16 59 40 69 1
58 48 20 47 36 39
38 32 13 63 56 55
21 27 24 53 60 61
19 66 28 67 57 42
30 14 43 52 3 72
49 11 40 70 9 37
36 8 33 35 5 64
23 10 45 59 20 25
51 26 29 54 34 47
39 71 58 69 18 12
7 1 22 41 2 17
62 50 31 4 44 6
48 15 46 16 65 68
57 72 56 23 24 42
60 49 52 45 33 29
34 40 3 19 63 39
2 21 18 12 20 28
8 22 66 50 58 26
65 35 62 25 61 32
68 69 6 51 7 43
38 64 48 53 5 1
59 14 27 71 55 31
30 44 47 13 70 11
9 36 16 17 37 4
67 46 41 15 54 10
3 21 62 26 68 40
43 34 28 33 38 50
42 64 59 51 52 22
2 12 14 47 32 45
44 39 37 65 66 27
54 31 36 63 23 60
67 16 55 58 6 41
5 30 72 18 17 53
46 11 19 24 25 13
69 9 8 56 10 48
4 20 7 35 29 49
15 1 71 70 61 57
65 50 67 59 45 21
5 42 28 34 30 16
14 17 13 39 68 33
52 19 27 6 56 2
35 41 20 26 69 11
36 55 61 3 51 10
64 47 4 18 7 23
60 29 48 66 71 25
1 32 72 31 58 49
40 54 44 12 15 8
70 53 24 62 43 37
57 63 38 22 46 9
68 3 41 52 20 5
29 28 39 11 59 36
56 30 25 64 58 33
66 13 69 4 21 15
61 31 40 7 42 45
62 26 44 14 48 23
10 24 16 22 27 47
49 43 17 12 67 63
2 37 35 72 38 71
55 54 65 1 70 19
8 34 32 57 6 53
46 51 50 9 60 18
5 24 58 39 4 10
3 25 44 16 41 49
48 7 52 11 67 38
26 33 65 55 12 42
63 2 30 8 59 68
40 53 50 71 36 56
72 61 27 13 9 29
31 37 51 20 62 57
32 70 23 22 28 69
34 17 45 54 64 66
19 60 35 43 18 15
6 14 47 1 46 21
