52 37 64 84 40 61
22 89 75 36 12 11
20 23 38 77 30 81
14 83 2 79 6 47
74 18 48 63 85 44
70 57 19 73 31 29
51 46 65 67 4 86
34 66 25 16 8 54
68 21 41 42 50 87
15 33 88 3 49 10
71 58 45 60 32 27
17 13 26 9 62 56
5 39 35 59 24 78
80 76 7 82 28 55
69 53 72 43 1 30
67 87 38 83 57 12
41 37 81 88 34 48
65 52 77 22 3 16
73 15 45 9 66 21
86 49 60 23 5 79
4 28 70 40 78 17
26 76 6 36 72 68
14 33 44 56 84 29
31 53 55 27 75 8
69 71 39 25 51 85
63 43 2 32 59 82
74 24 13 42 11 64
62 61 80 20 10 58
89 7 46 54 19 1
35 30 18 47 50 76
29 1 27 36 41 66 28 1
16 1 57 17 48 23 53 1
87 85 81 2 33 8
11 9 5 32 44 69
22 74 86 83 10 31
68 89 84 88 51 78
82 3 62 79 71 75
43 7 70 13 60 67
45 52 50 72 49 38
47 54 20 12 15 39
1 64 58 4 63 34
77 26 61 24 14 73
19 80 65 6 42 59
56 25 18 55 21 37
35 46 75 40 41 16
29 48 30 87 45 82
9 3 72 89 86 28
63 68 11 15 38 70
61 22 60 47 85 1
84 34 20 27 67 19
37 65 12 5 13 8
6 78 71 7 53 33
4 62 77 36 55 88
32 76 24 83 56 23
58 40 2 18 26 66
25 74 79 80 43 50
44 10 17 54 73 52
51 64 14 31 35 81
59 46 49 21 69 57
42 9 30 34 70 39
12 82 1 85 45 88
60 83 65 48 20 66
80 67 11 53 41 18
29 89 50 24 58 4
73 22 27 72 7 35
38 6 32 46 25 3
10 16 43 51 37 42
56 36 87 49 47 61
57 54 78 64 77 79
13 86 55 2 39 19
33 31 28 5 68 62
21 14 40 8 23 69
63 81 76 17 71 84
59 75 74 26 15 52
12 44 58 70 53 51
18 61 42 7 88 83
64 73 60 30 2 41
11 35 28 1 6 57
50 14 5 66 19 85
33 17 82 46 77 37
16 47 84 86 9 59
24 15 55 72 81 44
29 68 23 3 74 67
39 79 10 45 8 63
40 43 36 71 65 34
31 52 89 21 26 20
76 27 25 13 87 4
49 54 62 48 32 22
78 69 56 80 38 75
84 30 7 74 5 57
45 55 41 17 61 6
19 8 72 58 83 35
2 36 31 67 1 15
71 66 77 89 13 59
49 50 32 65 81 70
75 88 63 20 24 51
28 23 9 46 12 10
62 25 47 52 11 29
38 79 48 33 4 42
78 22 34 87 18 14
44 21 27 64 43 3
85 73 40 86 80 68
82 56 26 39 16 53
37 54 69 76 60 74
1 84 10 13 75 77
42 35 20 55 29 49
18 38 59 28 51 62
8 61 4 30 44 71
7 79 40 31 9 87
72 67 32 47 17 64
58 3 15 76 48 14
86 11 54 50 88 26
85 41 52 23 78 43
66 24 80 37 70 22
57 56 45 65 89 2
33 19 12 16 60 21
53 73 63 5 25 36
46 39 83 81 27 68
6 34 15 69 82 13
32 20 4 14 72 74
3 8 47 41 7 24
85 79 26 55 65 84
35 21 54 70 2 71
12 78 49 30 17 66
60 29 46 36 63 80
52 88 68 53 19 9
37 59 83 11 1 73
27 82 5 10 18 57
50 48 51 77 40 56
16 87 6 44 62 89
81 69 67 28 42 45
23 64 33 25 58 22
39 31 76 61 38 43
75 86 53 34 32 21
66 4 11 35 52 82
8 1 9 49 80 27
57 36 3 50 20 37
81 16 13 79 18 73
10 70 85 56 59 41
26 5 22 38 71 29
51 72 34 61 2 23
88 87 28 39 74 65
68 14 17 75 60 25
62 64 86 69 12 7
78 42 31 58 47 46
30 55 89 67 63 33
19 45 40 44 77 76
43 84 24 54 48 6
83 29 16 15 28 53
