52 65 72 37 8 3
18 66 64 35 7 2
22 34 46 74 55 31
25 61 58 15 24 16
50 42 5 4 59 27
47 14 43 33 11 30
75 53 68 48 69 78
70 26 32 71 56 67
19 39 40 36 54 13
51 60 20 41 10 17
79 9 45 63 49 76
28 77 73 1 29 44
38 12 23 57 62 6
37 61 21 5 47 48
2 32 22 68 8 58
3 59 74 24 19 33
26 7 36 70 41 34
45 52 60 40 30 27
46 75 10 65 73 1
25 51 57 29 71 63
77 50 79 56 43 21
16 31 23 72 54 12
28 15 66 49 17 64
42 55 67 9 14 38
11 20 6 69 39 35
13 4 18 62 78 76
71 44 46 59 53 19
50 2 57 61 10 34
21 27 48 65 26 23
63 33 8 60 56 64
28 74 58 52 36 51
66 69 45 25 67 73
41 62 79 5 9 6
22 13 47 35 72 29
53 14 37 77 15 70
31 40 38 18 44 43
32 30 3 11 12 75
20 78 1 42 49 54
76 24 17 55 39 7
68 36 21 62 4 16
5 46 25 26 28 13
72 56 61 69 41 67
35 57 60 58 44 15
40 48 9 66 34 32
29 77 74 11 79 8
53 20 71 2 65 76
31 45 10 24 68 78
17 59 6 1 43 22
16 19 7 37 23 30
75 70 63 47 38 42
33 73 4 49 12 55
51 50 27 54 18 14
39 64 79 3 52 71
41 24 31 32 21 77
34 69 5 29 60 66
59 13 7 20 57 56
30 58 65 63 72 42
17 40 12 8 46 70
51 1 47 67 4 44
6 74 54 2 48 45
9 3 36 23 53 18
25 76 43 75 14 35
49 19 38 61 52 11
55 62 22 10 26 37
39 33 15 68 28 50
16 64 78 73 27 57
48 58 42 46 7 79
3 67 77 6 34 13
74 72 60 4 32 53
69 17 36 38 54 30
12 26 61 40 75 59
45 21 14 20 22 28
10 23 49 71 47 25
15 56 73 2 31 51
65 29 70 18 68 55
27 16 8 11 76 66
44 62 63 39 41 50
52 35 24 1 5 33
64 37 19 78 43 9
3 47 61 36 14 46
4 2 17 57 77 26
56 42 68 6 23 25
21 59 72 76 45 51
48 70 18 16 22 49
24 28 71 8 40 69
38 35 41 34 37 73
31 75 65 62 19 60
58 1 12 20 66 50
33 13 55 27 32 63
43 10 5 7 53 74
39 30 29 15 67 78
44 11 54 9 64 52
79 28 4 23 73 61
62 48 35 71 17 77
47 8 18 59 58 41
50 24 70 19 6 51
37 27 56 74 36 75
7 65 32 45 38 39
14 33 10 46 63 16
67 5 52 76 31 57
12 22 15 13 69 9
60 3 11 1 55 2
49 20 72 34 68 43
64 29 53 21 42 40
26 54 25 30 79 44
78 77 47 66 65 74
23 51 8 75 5 38
28 35 16 56 9 19
15 4 55 48 41 52
67 43 24 27 2 46
34 18 21 73 42 39
14 57 1 69 79 72
36 49 32 10 7 29
76 50 71 22 60 30
64 13 62 61 45 53
40 78 26 58 6 33
54 68 59 66 63 37
70 3 20 44 25 31
11 17 34 12 21 65
27 39 9 72 77 10
46 52 69 32 23 50
30 8 49 53 51 62
14 16 58 13 38 71
63 74 68 61 35 1
36 6 31 55 64 59
7 37 11 4 25 40
67 18 33 17 79 75
54 78 2 5 70 28
57 66 41 22 3 42
56 76 29 44 12 48
19 15 26 47 20 45
43 73 13 24 60 36
74 27 69 21 58 49
8 61 4 31 30 35
55 16 65 79 51 40
42 37 28 10 67 11
68 38 76 41 46 64
29 5 17 45 50 3
78 34 52 59 25 56
6 72 75 7 71 15
60 1 39 26 48 14
12 63 19 77 18 2
54 9 53 57 47 24
73 70 62 43 32 20
22 66 44 33 36 23
35 49 67 50 40 65
38 10 59 79 15 3
34 75 56 58 45 4
60 6 37 18 46 28
42 76 7 77 61 54
73 5 26 72 11 68
23 22 24 64 63 20
32 31 69 17 16 47
8 44 55 78 21 13
14 2 66 52 29 62
53 1 41 19 25 27
30 57 9 70 74 39
51 71 48 43 33 12
