32 14 26 27 20 13
75 63 50 73 54 11
71 18 57 36 12 44
42 80 68 51 64 76
74 4 78 34 66 9
8 10 7 25 69 60
53 55 62 70 35 67
30 1 33 59 49 16
24 40 39 56 21 31
81 65 38 45 6 17
41 29 2 46 58 15
28 23 37 72 77 79
47 61 52 5 3 22
25 19 64 48 43 55
63 76 8 33 27 12
62 32 80 74 71 59
16 4 54 11 53 38
9 42 81 44 60 13
26 15 45 10 36 28
73 1 56 18 52 37
7 35 21 23 58 3
66 31 29 68 17 61
78 5 40 51 50 77
6 49 79 19 75 20
14 46 24 69 70 43
34 22 41 72 67 39
48 57 65 30 47 2
76 1 26 21 25 38 44 1
4 1 35 13 36 17 64
15 77 55 81 8 68
42 61 23 10 53 32
3 9 11 56 33 46
58 1 6 40 27 72
22 7 66 73 57 49
47 59 50 67 37 60
20 51 39 43 54 2
18 65 29 19 24 34
12 75 16 5 80 70
30 28 31 14 71 63
52 74 48 45 41 69
78 79 68 62 44 33
36 3 73 32 25 77
10 13 40 47 57 11
35 43 58 65 42 26
2 64 37 16 24 81
54 28 67 61 19 9
76 30 50 6 74 53
70 51 71 56 23 8
55 46 34 17 20 52
15 63 69 80 78 21
31 72 12 49 38 48
39 59 27 7 29 5
60 14 1 79 41 66
4 18 45 22 62 75
58 54 47 8 24 32
44 67 73 74 40 43
19 17 33 21 10 51
76 16 23 9 31 15
38 37 35 63 5 20
77 2 49 52 70 14
11 34 61 60 48 27
13 62 1 46 12 7
26 78 18 81 39 30
75 36 69 42 55 66
4 6 41 3 68 57
79 25 71 53 29 22
64 28 72 59 56 65
58 50 45 80 9 14
21 73 48 8 16 46
61 2 38 40 7 18
77 11 17 62 42 24
31 70 54 37 13 6
12 19 53 26 68 47
41 59 20 23 78 36
29 49 51 32 35 74
27 66 80 43 22 81
71 33 67 1 69 64
55 3 44 39 50 28
79 10 65 63 52 4
15 56 25 75 30 34
5 72 60 57 45 76
54 48 18 35 68 59
49 27 36 53 46 80
16 6 78 14 47 7
28 69 32 17 12 41
37 26 40 29 55 9
22 8 19 50 2 42
60 75 74 31 64 77
24 51 63 1 45 3
13 67 5 21 79 30
20 25 70 4 81 72
66 62 56 76 58 10
43 34 57 33 38 23
61 39 71 65 73 15
52 80 31 44 11 26
7 53 75 51 48 28
12 22 24 55 60 30
3 67 17 49 8 78
40 81 79 59 69 76
77 56 19 13 41 63
27 45 46 71 47 4
35 73 6 2 34 10
54 44 5 23 65 1
11 64 70 18 32 66
38 74 42 39 15 14
68 9 43 72 21 52
57 20 16 50 62 29
33 36 25 37 61 58
41 76 49 24 26 73
80 30 4 23 40 19
46 63 59 6 44 22
2 32 55 45 79 56
17 60 53 18 15 43
20 21 74 1 11 28
9 8 62 64 5 34
70 68 50 65 7 36
57 27 42 67 31 25
38 52 58 78 71 75
29 81 10 12 54 3
69 72 61 16 13 51
77 33 47 66 39 35
37 14 44 48 76 4
