43 40 57 23 16 53
54 38 24 42 45 31
28 25 14 9 13 5
50 52 11 15 7 29
46 44 10 47 6 22
18 33 39 36 34 41
56 30 17 3 19 32
27 48 12 37 2 4
1 51 35 55 21 20
26 13 8 6 53 49
57 16 5 36 24 22
11 30 25 52 47 18
41 12 3 9 46 45
34 29 2 42 56 23
14 37 49 54 33 50
4 38 7 39 21 43
44 20 1 19 31 26
51 17 48 10 40 55
32 28 15 35 27 8
53 24 56 37 47 25
50 46 34 2 43 54
7 26 39 21 9 18
14 3 4 55 16 51
12 5 22 49 15 48
13 23 31 11 45 19
6 57 27 29 17 1
28 52 40 32 20 36
10 42 38 30 33 8
35 41 43 44 47 5
56 14 21 31 22 46
53 7 27 12 19 6
13 34 24 1 15 36
40 26 48 50 3 38
2 18 30 16 41 49
23 54 4 52 10 35
33 57 37 51 28 44
8 11 20 17 9 42
39 29 32 25 55 45
47 49 2 31 7 36
43 3 27 10 41 14
46 23 26 48 4 13
19 1 33 16 17 35
12 11 38 24 55 28
21 5 51 52 8 29
37 42 34 32 22 40
9 54 20 15 18 57
45 39 50 6 56 44
25 53 46 30 10 36
24 2 52 35 26 55
34 49 38 11 17 3
22 23 7 27 51 33
48 39 6 28 20 16
18 50 41 31 32 1
54 47 40 43 9 19
44 8 42 25 12 13
15 4 45 53 29 14
5 56 37 30 21 57
18 31 28 46 52 17
51 6 32 11 43 33
49 10 24 40 39 44
3 13 54 12 29 47
8 1 57 7 48 45
2 35 9 22 38 53
23 25 15 41 20 37
36 50 21 19 14 42
5 55 30 27 34 26
4 12 16 56 11 51
29 43 46 33 24 40
32 18 35 48 57 10
36 42 52 45 37 3
1 14 2 39 19 25
47 31 21 8 16 15
55 27 9 49 50 56
26 53 28 7 54 34
22 13 44 20 4 30
23 41 5 38 6 17
3 57 52 8 2 39
46 51 47 42 27 1
16 37 31 34 10 9
18 7 56 14 35 13
29 49 19 41 28 38
21 44 25 48 54 11
55 36 12 33 6 23
43 22 15 45 26 17
50 32 53 24 5 20
40 30 42 4 1 28
56 34 48 52 41 51
38 25 16 57 46 7
19 8 55 37 22 18
45 5 54 2 33 13
53 40 11 27 39 14
24 15 3 32 44 23
17 36 47 4 50 26
20 43 10 49 21 12
9 31 6 29 35 30
42 55 41 57 53 54
15 51 37 38 46 18
39 52 16 13 32 27
17 8 21 14 24 23
33 12 31 5 40 4
9 36 29 44 48 43
10 56 2 26 1 11
20 45 49 47 35 34
6 28 50 3 25 22
41 30 19 7 51 24
31 48 55 13 42 43
17 44 33 21 2 53
38 36 8 54 27 56
22 49 9 1 23 52
35 11 39 30 37 50
28 45 29 16 18 10
20 19 7 5 3 46
26 14 47 57 32 12
25 4 6 40 15 34
