67 2 77 27 26 6
35 9 32 43 18 40
19 16 79 74 63 81
17 49 76 41 65 7
13 83 39 61 28 73
56 1 84 88 44 82
8 25 75 45 66 48
3 52 86 59 11 5
12 36 55 15 24 68
54 33 72 78 70 34
31 62 46 64 20 60
80 42 38 50 30 53
47 71 23 37 57 85
21 87 4 51 10 14
29 69 19 22 76 58
15 79 3 26 84 41
1 75 12 74 35 11
63 54 13 55 48 60
36 18 33 30 59 49
25 85 70 42 77 46
32 72 37 2 68 38
40 34 29 86 88 8
24 21 5 56 71 31
78 23 80 65 39 14
61 82 45 58 43 66
69 64 57 87 16 27
6 53 22 73 17 62
50 20 44 4 47 83
10 81 7 67 28 9
52 68 18 51 2 63
78 59 29 1 31 32 1 15
23 49 26 1 12 70 1 48
14 38 16 35 82 86
36 39 17 84 19 54
76 47 42 64 21 6
88 10 41 75 85 61
57 46 65 43 13 8
62 44 28 9 55 34
52 7 58 71 30 60
51 53 67 3 45 83
37 4 11 66 56 40
72 22 87 25 80 79
24 74 33 20 77 69
73 5 50 27 1 81
70 2 42 16 31 39
28 43 41 23 60 29
35 48 44 15 85 10
47 55 56 65 86 18
58 14 57 12 59 54
69 82 32 61 3 4
40 45 74 62 13 26
20 7 22 36 5 34
63 1 9 71 24 80
25 21 78 83 84 30
76 11 46 53 72 27
81 79 6 88 37 52
68 8 87 33 67 73
38 75 64 77 51 17
49 50 86 62 19 66
69 26 44 80 54 43
48 29 85 4 2 30
5 53 15 34 47 25
20 37 13 3 14 76
16 6 73 41 33 55
46 24 83 74 58 10
31 84 66 52 27 23
64 59 68 70 19 1
21 71 11 67 38 49
88 78 18 12 45 22
28 40 65 42 36 75
8 79 61 50 35 51
87 56 7 32 39 63
82 72 77 57 60 9
17 23 2 24 25 81
27 10 43 71 70 20
54 15 26 86 64 37
22 68 16 49 44 84
65 29 45 6 19 38
76 66 63 85 32 36
79 33 62 57 83 56
4 34 59 42 39 74
80 31 88 82 73 11
9 48 51 5 78 69
14 67 72 55 50 75
30 13 77 81 41 47
3 17 35 21 28 58
7 8 60 18 1 53
87 12 52 46 40 61
59 26 39 82 22 24
19 57 2 44 5 10
64 63 83 43 11 14
4 65 88 77 54 68
23 34 30 76 51 56
29 84 71 48 74 50
9 58 41 86 42 87
72 69 28 52 47 21
6 61 7 46 75 78
60 67 36 37 25 16
32 55 20 45 79 1
53 81 31 33 66 35
38 62 3 70 8 27
17 13 85 18 80 12
73 40 42 49 15 69
68 26 21 7 57 50
54 9 25 11 29 61
5 46 45 59 63 16
10 86 76 1 33 78
27 14 28 30 88 32
60 35 80 84 6 20
73 65 66 34 12 2
51 22 81 56 85 43
39 41 64 40 52 72
70 4 24 13 53 75
77 18 3 15 23 62
37 44 17 8 74 31
19 82 55 83 87 71
79 36 58 48 38 47
49 63 12 67 20 29
61 10 56 72 16 26
1 46 25 28 4 51
81 80 15 45 76 70
74 57 30 66 6 3
85 27 21 39 60 33
86 43 31 68 75 79
71 35 22 13 64 2
47 88 17 9 87 49
32 42 67 62 54 5
55 78 8 11 36 77
38 83 59 7 69 23
18 37 34 41 50 82
65 58 84 44 40 53
19 73 24 48 52 14
26 12 25 33 76 71
39 70 67 35 88 57
6 77 85 28 86 5
30 16 20 75 15 9
63 62 36 31 72 4
10 60 69 17 11 68
87 45 84 24 65 37
81 64 49 58 8 32
14 34 44 79 46 18
23 48 19 21 61 53
43 74 47 38 78 73
66 41 54 83 22 1
29 27 51 7 42 82
40 80 55 2 3 59
13 50 70 56 52 36
5 18 35 26 87 76
53 4 12 79 9 64
39 86 71 69 81 46
72 73 8 85 20 19
11 51 15 22 32 65
16 77 21 66 29 80
2 28 82 54 49 74
1 58 13 34 31 67
57 38 52 55 25 88
60 24 42 44 3 78
84 61 33 14 7 47
75 30 43 59 37 62
50 23 40 10 6 63
68 56 48 41 27 45
83 32 26 29 17 70
