37 80 28 20 46 51
39 53 9 77 79 43
8 31 47 57 63 11
85 62 72 59 87 89
14 56 4 41 10 13
60 44 74 84 17 2
7 50 61 65 68 71
32 21 70 64 26 38
1 33 54 40 5 25
69 19 75 49 24 23
52 35 6 73 88 22
42 34 55 86 12 58
78 15 82 45 66 67
81 36 16 76 48 83
30 29 3 39 27 18
40 47 4 7 51 53
8 50 84 64 13 1
23 14 28 44 57 32
73 61 43 59 56 70
79 20 55 38 62 63
66 19 60 88 33 65
22 37 3 74 16 31
36 15 58 75 30 17
18 35 76 54 9 78
11 72 81 5 29 34
71 42 26 85 67 52
45 77 86 89 69 25
27 24 21 10 83 2
12 48 6 68 46 82
57 41 49 80 87 84
38 8 22 75 14 9
18 81 7 58 51 64
13 78 74 47 23 29
25 32 62 73 19 36
77 72 10 31 55 15
79 27 85 82 61 86
39 20 67 2 76 46
54 45 30 16 63 60
59 69 52 44 68 4
66 71 37 28 48 24
87 26 1 11 65 53
56 6 5 49 50 42
89 83 88 3 70 41
40 80 21 17 35 12
34 43 27 33 76 45
4 39 51 54 22 23
63 86 59 32 28 18
57 13 20 85 9 66
16 82 29 1 10 42
11 3 49 25 72 52
88 84 26 48 58 14
67 64 60 53 69 12
83 46 73 71 79 8
30 33 70 68 74 35
77 17 61 24 6 41
38 81 44 50 47 15
43 65 89 55 80 36
7 78 62 34 21 37
31 2 40 87 75 56
5 85 39 19 84 9
74 10 66 67 76 25
58 16 13 49 12 32
48 70 1 30 52 79
63 72 35 26 81 61
36 7 59 20 11 27
45 50 17 4 18 73
41 15 68 51 8 34
21 28 6 55 19 87
57 77 65 3 38 54
29 62 14 69 2 33
46 75 86 64 47 56
82 71 44 89 40 37
53 78 24 42 31 88
83 60 5 23 80 43
22 63 48 27 87 13
54 79 66 26 34 7
12 11 39 61 74 6
73 2 32 3 9 81
17 56 65 82 20 47
28 62 76 4 42 8
55 67 78 33 49 83
23 41 59 53 45 46
29 35 22 89 15 24
72 60 38 1 86 68
14 31 19 43 64 71
21 51 69 88 5 30
25 58 80 85 44 16
52 84 37 18 77 75
10 70 36 40 57 50
24 32 22 7 41 45
28 82 73 26 39 33
9 34 49 71 59 1
5 67 8 35 48 3
25 79 87 15 20 14
81 89 4 19 30 78
2 18 23 12 66 36
86 74 57 62 53 21
13 65 31 70 6 76
52 88 80 56 38 29
68 63 17 83 85 64
46 16 40 69 55 84
42 11 77 51 27 44
61 58 60 47 37 10
50 54 12 72 43 75
2 25 48 65 78 59
18 38 13 82 24 5
9 7 33 86 52 15
34 85 46 4 31 32
64 89 77 49 74 28
19 51 83 26 45 57
47 36 71 35 69 87
3 75 53 6 81 10
43 42 63 84 66 21
58 29 40 60 73 41
62 44 54 27 70 67
20 8 16 88 61 39
17 37 55 11 23 79
80 14 30 76 72 50
56 1 18 68 22 57
31 38 89 84 7 12
75 83 32 35 82 65
6 36 85 29 28 54
48 71 20 60 4 77
81 13 69 55 59 39
87 3 33 50 64 24
79 45 56 44 21 72
37 41 2 30 47 42
17 52 19 8 10 27
78 58 5 70 46 63
76 68 49 15 40 26
14 86 73 16 66 11
9 1 88 62 23 67
61 53 80 22 25 34
51 43 48 74 75 85
59 4 84 37 29 83
78 32 10 71 39 72
33 58 57 6 89 79
86 26 31 20 5 41
76 88 87 44 55 18
56 40 7 67 30 77
42 64 23 38 25 35
15 1 27 74 73 80
46 21 9 50 60 11
24 68 47 16 43 62
82 49 63 34 14 3
53 54 19 13 2 61
81 65 45 12 8 52
70 22 69 66 28 17
51 37 38 36 56 33
10 11 71 80 18 79
27 57 64 72 40 88
9 82 25 63 4 41
1 23 20 21 3 58
46 42 74 14 54 81
84 24 30 65 73 34
47 12 76 22 59 19
39 44 45 36 49 86
55 89 66 5 53 68
43 26 69 78 6 8
67 87 29 32 17 51
70 85 2 15 77 16
52 83 50 62 61 31
75 13 35 28 60 7
48 49 47 21 73 54
65 5 64 10 22 44
74 34 20 19 18 40
66 4 53 58 27 38
33 84 11 45 71 70
24 76 51 63 52 89
41 55 14 35 1 85
6 67 75 80 16 59
60 3 68 79 36 78
87 86 43 37 88 81
61 32 15 69 57 42
30 12 56 83 9 28
23 8 72 2 7 82
77 26 46 13 17 62
31 25 50 29 39 48
