28 46 22 31 41 5
17 8 20 25 6 48
37 16 26 7 2 39
32 33 15 38 18 36
12 19 27 13 23 34
21 45 1 42 3 47
4 11 9 40 43 30
10 24 29 14 44 35
7 38 31 17 39 18
1 20 41 26 15 5
13 42 43 33 28 2
23 21 30 14 40 22
25 10 46 45 19 9
16 3 34 44 6 37
8 36 47 4 29 12
48 32 11 35 27 24
9 5 17 23 42 33
18 13 6 40 37 45
41 43 14 47 34 25
15 30 19 44 31 29
39 3 8 11 27 10
24 46 21 20 36 7
16 35 28 26 12 38
1 48 4 22 32 2
15 27 41 6 9 40
34 7 44 47 5 11
31 33 35 21 14 37
39 23 36 43 18 1
30 16 32 20 28 19
25 26 42 10 22 4
29 13 46 3 38 48
45 8 12 17 24 2
28 44 40 36 1 35
23 18 31 11 25 16
5 14 19 3 4 6
48 17 27 43 21 26
12 39 33 32 46 45
2 20 38 47 10 9
42 37 7 41 30 29
15 22 13 8 34 24
27 4 16 46 33 1
6 32 10 43 47 31
44 45 48 41 38 23
24 5 13 30 26 39
7 25 3 35 12 15
9 2 34 29 21 17
19 22 36 20 11 37
18 40 8 14 42 28
1 10 30 6 7 12
21 25 44 13 39 32
31 2 3 36 34 41
38 37 43 42 8 5
11 14 17 46 15 16
40 47 33 19 48 26
28 29 23 24 4 20
45 35 18 27 9 22
38 30 11 2 1 25
26 31 46 8 44 43
37 28 15 48 23 10
22 47 24 33 17 3
32 29 40 5 16 45
36 9 14 27 7 13
34 6 20 39 35 42
12 41 21 4 19 18

