55 2 5 29 64 80
11 78 17 20 4 48
36 41 1 77 30 53
39 50 35 25 10 37
75 54 79 68 34 45
63 67 58 9 6 83
15 16 32 62 65 24
61 28 69 44 18 33
70 38 26 19 31 43
21 66 3 8 13 12
56 49 60 74 84 82
71 42 46 59 27 47
81 73 72 7 14 40
52 51 23 76 57 22
45 80 11 33 39 16
35 48 53 32 38 79
28 20 29 75 13 63
10 12 69 24 84 6
3 19 71 25 77 15
72 4 50 64 8 42
23 55 44 54 49 14
26 59 37 52 60 81
66 57 61 30 68 56
82 21 78 31 58 27
5 7 43 51 83 34
22 47 36 73 9 74
76 46 62 2 41 70
67 17 40 1 65 18
19 42 14 69 16 29
38 30 3 80 49 50
60 33 25 53 64 58
6 61 43 8 27 20
34 24 52 78 44 56
12 73 41 28 15 54
55 67 11 68 77 47
51 31 36 46 81 13
5 79 10 4 22 1
70 18 83 71 45 48
21 75 74 39 59 76
65 7 26 82 2 9
37 63 57 72 32 17
84 40 62 66 23 35
31 11 52 53 29 15
13 80 77 54 61 10
19 18 8 22 55 78
81 24 30 5 58 75
42 20 49 67 70 73
46 57 16 28 74 26
64 44 40 38 21 36
82 48 72 43 39 62
14 56 32 50 1 2
4 84 59 34 63 65
35 68 12 9 71 76
3 60 51 6 17 41
37 66 27 83 33 79
47 23 25 7 69 45
77 24 39 73 8 46
74 54 2 43 11 81
14 53 18 10 63 82
65 72 55 52 36 28
13 76 50 17 5 44
20 1 38 71 66 51
27 70 30 16 25 22
15 33 35 78 75 49
23 83 68 31 41 4
42 34 80 62 26 12
48 58 37 61 47 84
59 69 64 56 3 67
79 19 6 57 7 21
45 32 9 40 29 60
33 22 13 38 72 2
44 83 20 46 10 65
63 54 78 36 62 5
50 82 77 16 12 75
3 27 4 73 26 18
15 17 39 64 79 84
25 6 68 1 42 74
41 52 7 58 32 66
48 28 8 49 40 59
69 53 34 55 21 81
11 37 51 9 56 19
61 76 31 24 45 14
30 71 29 43 67 23
47 35 57 80 60 70
26 78 25 32 13 83
58 15 46 18 38 68
7 62 20 59 50 22
48 77 21 2 52 42
72 16 9 53 3 61
81 29 39 6 44 4
45 5 41 74 35 67
84 71 73 57 31 55
8 56 75 17 36 80
65 51 64 14 12 27
40 30 10 34 19 33
76 43 66 49 47 63
79 28 24 60 23 11
1 70 54 69 37 82
16 59 6 78 73 38
75 2 67 44 25 31
27 9 57 41 50 48
33 36 84 42 3 7
56 4 76 40 55 15
68 14 60 39 20 5
18 43 24 80 37 21
29 74 70 10 72 66
17 81 19 83 35 28
12 1 63 23 46 61
32 22 34 11 82 71
58 69 49 79 65 77
13 64 52 62 45 30
47 26 8 54 51 53
