5 3 40 44 15 43
56 47 12 32 52 13
39 2 49 57 53 4
10 25 41 11 16 54
33 9 51 50 21 19
24 6 34 27 46 18
29 7 8 48 55 35
20 31 38 23 42 17
26 28 36 14 1 30
45 37 50 22 58 2
12 39 52 3 6 9
48 46 47 19 43 10
13 27 38 49 44 33
20 40 7 16 8 4
57 18 22 28 41 29
42 30 35 58 32 51
24 23 15 14 53 54
21 25 55 45 31 1
5 11 26 34 56 37
36 16 43 17 18 52
13 4 48 42 51 22
12 30 32 8 10 15
57 55 58 46 20 3
25 23 39 37 28 40
54 35 17 26 49 50
11 47 53 21 36 27
24 56 5 31 33 7
44 1 34 41 45 6
19 9 29 38 2 14
49 10 37 55 18 51
3 11 13 16 28 48
52 58 26 23 33 8
50 41 20 36 39 24
7 17 9 53 32 25
47 57 35 40 31 14
21 15 2 38 56 6
29 42 12 44 45 54
27 19 34 30 43 22
1 4 23 46 5 32
13 36 8 9 24 10
33 17 37 47 41 3
49 29 31 50 11 39
53 22 21 35 12 43
1 57 42 27 5 16
40 55 2 54 34 52
45 14 18 20 30 48
25 51 46 38 15 26
19 28 44 58 7 56
6 43 31 4 29 36
8 39 53 22 5 1
23 10 13 35 34 45
41 14 27 32 38 55
9 54 46 33 20 28
30 50 56 4 3 25
11 18 19 12 26 57
48 40 58 17 6 21
2 44 16 51 24 47
15 52 49 7 37 42
39 32 56 55 46 36
31 3 10 9 26 27
4 40 38 53 12 58
47 21 44 18 50 23
54 57 7 37 13 30
2 33 41 43 48 42
6 20 19 5 49 25
29 35 24 1 17 28
52 45 22 15 51 11
14 8 37 34 16 21
43 54 18 39 7 38
6 26 53 42 50 55
30 58 5 47 13 29
32 24 45 40 19 57
34 4 33 35 25 15
17 27 11 8 2 46
56 22 16 9 23 49
10 48 1 52 44 20
51 14 28 41 12 31
36 34 32 3 29 33
58 21 4 26 54 24
15 19 17 55 13 39
18 42 40 1 9 11
51 48 23 25 27 57
28 38 5 10 52 50
43 8 41 56 49 45
31 16 30 46 53 44
35 36 20 2 37 12
7 22 3 6 47 14
