32 35 22 8 2 9
33 14 16 10 27 42
18 36 25 21 29 31
37 24 40 7 12 39
19 3 15 44 45 11
26 28 20 43 23 30
38 34 41 6 1 4
17 5 12 25 13 21
45 3 31 27 24 8
42 35 44 29 20 22
15 33 26 18 4 41
30 36 1 14 40 23
11 9 13 10 38 39
16 43 19 2 17 6
5 37 7 34 32 28
20 30 10 1 15 24
31 14 8 17 40 33
4 32 16 28 44 13
6 29 18 42 12 11
3 7 23 38 2 21
35 43 5 45 41 36
37 39 34 22 25 26
15 27 28 19 9 29
13 6 42 1 3 40
12 20 4 31 22 2
27 38 35 17 18 37
24 19 10 34 25 43
41 21 30 11 8 32
33 39 9 36 23 5
45 7 14 26 16 44
40 31 15 43 22 38
24 23 29 32 41 17
6 33 35 30 13 26
39 4 19 12 14 3
8 28 18 44 10 36
37 1 11 20 5 16
25 42 45 7 9 27
2 44 15 34 21 33
22 17 10 5 6 3
41 13 23 19 37 31
8 29 1 4 7 43
11 26 2 25 27 40
21 42 28 35 39 24
9 16 34 18 12 30
36 38 14 20 45 32
23 31 4 10 35 7
43 21 3 16 30 37
27 36 17 44 34 6
5 26 38 42 19 8
13 2 12 15 41 14
1 18 20 39 32 25
28 40 22 29 33 45
24 11 17 9 4 36
32 1 5 26 31 27
22 30 7 13 19 18
9 10 41 40 20 21
39 42 29 2 37 45
3 11 34 14 28 35
23 8 25 16 15 6
33 44 38 12 24 43

