21 30 57 47 15 5
31 42 40 20 27 24
56 28 36 19 2 23
16 17 61 32 6 46
8 3 26 45 50 13
54 10 34 39 1 33
37 41 59 35 55 12
4 14 7 58 22 53
29 49 18 9 48 44
60 43 11 25 62 52
39 38 32 51 50 19
1 20 5 47 61 56
16 33 58 40 36 13
8 30 34 44 57 23
6 25 10 35 26 42
62 53 48 59 27 9
49 22 15 52 43 17
11 46 29 12 41 14
51 55 7 24 3 21
2 37 45 60 4 54
28 30 38 10 18 31
26 5 43 8 59 58
35 48 15 23 34 36
33 53 24 22 29 20
60 17 19 13 51 1
4 61 55 16 9 11
27 7 25 44 41 47
32 56 3 57 49 14
52 39 50 6 37 31
28 46 18 21 40 45
12 42 62 2 54 38
19 4 59 29 44 60
26 25 30 16 14 56
37 51 48 61 6 22
23 1 41 58 40 52
15 28 12 18 5 24
31 57 45 43 7 10
62 2 8 46 21 20
47 42 55 49 39 35
36 9 33 27 50 17
38 13 11 53 32 54
34 52 31 3 5 16
21 12 19 43 4 25
30 60 48 51 8 39
27 6 2 45 49 23
61 57 9 42 13 59
50 10 29 54 11 15
35 44 28 53 26 1
14 24 46 33 47 38
56 62 18 41 58 3
36 17 37 32 7 20
34 40 2 55 22 43
4 12 50 23 30 13
15 51 46 53 42 44
58 11 35 8 19 24
14 20 3 59 48 28
22 16 54 47 60 27
26 45 41 5 33 37
1 32 52 7 29 21
6 34 17 56 38 40
61 10 36 31 49 62
25 57 39 55 18 9
43 20 54 51 23 16
22 33 44 28 11 21
5 19 7 48 40 50
41 13 4 49 24 6
10 59 46 34 37 25
45 18 60 14 36 32
9 2 42 30 1 31
26 58 47 17 15 55
61 53 8 38 3 12
57 35 56 62 39 29
24 52 10 14 48 27
13 21 22 36 5 42
49 11 4 34 26 51
23 31 8 41 25 17
29 32 47 6 55 62
43 27 57 28 50 61
18 35 53 33 52 2
54 56 58 46 9 60
38 16 1 15 7 59
40 44 20 39 45 12
30 19 27 37 3 55
2 13 61 41 51 10
46 54 49 5 52 28
15 23 33 59 31 32
42 29 56 8 45 16
17 1 48 57 4 37
20 62 19 22 18 26
44 24 39 3 36 25
9 38 14 40 43 35
58 6 7 11 12 30
50 21 47 53 34 60
54 27 41 32 26 57
48 24 16 44 2 56
62 15 3 33 40 4
13 46 43 30 20 35
55 23 5 10 60 38
59 29 6 7 28 49
11 17 53 42 39 18
45 22 51 50 58 1
9 8 12 36 47 52
21 34 14 31 19 61
25 16 13 37 28 62
5 35 32 17 44 4
39 23 26 7 46 22
12 60 51 27 56 33
55 31 53 48 54 8
1 36 29 3 43 30
42 14 50 18 41 34
20 9 6 19 10 15
57 47 40 11 59 2
38 58 37 25 21 49
52 45 30 24 61 62
4 31 36 46 56 55
12 32 43 48 34 22
2 47 39 13 15 26
40 25 5 29 53 51
52 38 44 20 58 57
3 23 9 24 37 11
60 33 28 7 61 42
18 14 6 1 8 27
17 59 49 19 54 45
50 35 41 10 16 21
