48 30 20 2 13 69
28 29 17 4 79 24
63 62 51 55 38 83
3 49 56 14 33 80
77 76 64 41 61 18
65 25 40 34 53 78
44 46 45 57 39 84
6 35 16 73 67 60
71 42 70 59 10 85
36 5 7 19 43 37
22 8 9 27 58 12
75 52 54 74 26 66
11 72 47 86 1 50
21 15 82 68 31 32
23 20 28 40 73 81
45 30 51 77 29 56
78 57 55 48 61 37
35 71 3 58 44 18
12 59 69 60 84 5
49 63 70 52 39 72
62 11 36 42 22 76
32 43 10 65 1 46
66 8 21 38 86 25
7 50 80 85 16 53
26 47 4 33 2 68
81 24 15 83 13 6
82 54 23 75 67 17
74 19 79 64 9 14
31 34 73 41 29 27
28 1 59 45 35 78 1 52
43 1 53 39 86 3 1 60
51 18 7 20 46 25
58 15 63 85 37 77
38 32 67 12 50 76
30 81 62 64 71 47
10 41 57 68 80 75
2 6 74 55 27 8
26 11 31 23 49 19
69 61 42 14 44 21
83 33 17 34 36 48
82 79 84 24 56 65
4 22 1 70 16 54
9 5 13 40 72 66
86 75 2 71 51 15
18 10 30 6 28 31
43 21 76 26 45 80
42 55 81 46 50 33
53 82 83 8 35 11
69 41 74 56 39 16
17 77 14 84 22 47
38 52 61 73 7 79
5 85 78 20 24 27
19 62 3 25 12 54
13 32 4 44 63 34
36 64 70 67 40 58
48 57 49 59 66 1
37 68 23 60 72 65
29 86 81 61 7 9
71 74 55 20 76 82
80 84 15 52 28 42
83 12 78 39 21 47
34 58 26 51 5 50
24 38 22 10 45 33
66 19 68 77 70 6
59 65 11 3 4 41
60 25 36 2 44 31
73 54 57 30 9 72
16 8 29 43 23 18
79 1 40 69 35 63
48 56 75 64 32 46
37 14 67 53 27 62
17 85 55 65 49 13
39 42 24 7 2 58
72 19 20 44 15 10
82 6 43 41 51 12
68 30 34 11 74 38
35 33 5 54 86 64
28 77 57 21 53 71
49 78 76 29 69 75
70 26 81 84 3 37
1 56 14 18 73 36
50 52 62 8 17 40
25 4 67 45 9 48
46 63 59 61 31 16
47 13 60 79 80 27
32 66 22 23 83 85
55 75 43 72 21 35
29 82 58 81 57 19
40 26 41 15 14 7
70 18 34 24 62 86
9 69 11 71 52 46
78 60 77 49 42 38
3 45 6 5 23 63
31 20 39 80 54 65
51 68 44 22 53 48
13 76 59 47 73 8
16 25 37 79 83 30
10 2 12 61 17 56
27 66 4 50 84 64
33 74 85 1 67 28
36 77 86 32 3 52
54 48 41 63 60 71
76 24 35 57 15 23
47 55 25 11 29 5
80 40 22 30 82 46
53 75 84 62 58 13
39 73 4 51 37 10
72 27 28 26 69 32
66 65 14 81 16 45
8 79 44 70 78 33
9 31 56 85 38 43
21 34 2 67 59 19
1 64 83 7 68 17
49 61 50 6 36 20
18 12 53 42 74 72
46 60 58 76 66 28
27 48 16 77 10 82
84 33 73 63 43 25
69 70 65 15 47 38
5 8 67 56 81 68
79 39 36 59 55 26
18 40 45 54 83 49
57 51 3 31 17 42
13 50 29 22 21 74
62 35 2 9 41 32
1 71 61 24 80 19
85 7 44 75 6 11
14 23 86 78 4 30
52 64 12 20 37 34
10 54 53 76 81 79
17 46 21 5 70 73
67 65 26 57 63 22
16 72 38 2 3 40
15 27 61 43 11 66
74 80 35 78 36 51
19 85 60 4 18 52
28 47 9 82 34 49
50 68 71 25 14 39
44 30 41 12 55 24
58 20 86 56 83 59
37 31 1 45 75 8
33 23 69 62 7 77
84 42 6 32 48 29
64 28 43 13 78 3
