33 81 70 48 67 72
5 80 75 22 71 74
79 50 4 91 13 88
65 58 86 31 23 53
14 56 24 16 37 6
76 10 8 25 45 40
49 73 41 68 55 35
46 89 57 69 43 21
30 59 11 1 90 64
52 63 12 39 32 28
66 7 3 54 83 42
82 2 84 9 15 92
77 18 51 60 47 34
85 17 36 78 87 20
19 38 27 26 44 62
69 13 29 22 61 33
11 76 35 67 88 37
40 23 4 30 57 52
54 24 12 73 72 5
81 16 7 31 10 71
83 65 82 1 79 68
77 50 55 43 20 63
91 47 49 86 6 8
56 61 15 32 66 48
38 39 74 89 29 90
26 41 60 17 21 70
2 85 53 75 62 64
28 92 25 78 27 18
59 9 42 51 19 87
34 44 45 80 3 84
58 81 36 46 14 52
1 1 30 66 13 8 1 67
71 1 55 20 29 1 82 40
7 33 12 57 65 38
41 32 79 62 24 89
43 90 72 47 28 53
48 73 25 16 77 87
83 50 80 86 17 9
31 49 3 92 70 37
6 61 64 46 10 44
63 35 58 21 78 34
26 51 5 45 36 4
75 54 23 84 60 59
19 74 2 91 76 18
27 39 69 56 85 11
68 22 15 88 42 14
37 25 81 38 86 32
53 50 92 89 1 7
64 34 72 40 79 31
5 6 66 51 70 63
23 87 82 8 46 41
21 19 62 12 48 80
4 69 54 58 74 20
17 42 56 77 35 57
71 18 67 90 52 68
47 85 22 24 3 26
29 28 83 30 75 88
16 13 76 39 59 15
44 49 9 36 65 11
73 60 45 14 61 78
27 33 10 2 43 91
87 57 84 55 5 1
90 51 32 50 23 21
20 66 37 53 79 46
8 48 38 83 69 35
42 92 62 71 63 47
24 68 39 70 34 19
76 89 30 14 12 9
28 16 2 58 44 17
7 91 22 82 52 85
10 88 59 73 3 74
41 11 77 54 29 45
55 27 61 72 4 80
60 40 6 81 26 65
78 86 84 56 64 33
36 18 43 75 31 13
46 15 67 79 25 49
47 17 23 68 38 66
20 21 44 59 7 8
34 30 16 92 11 91
12 45 55 42 2 69
28 57 51 76 80 24
88 84 29 81 63 90
65 52 43 61 41 5
40 53 36 83 27 73
10 75 14 86 4 48
39 62 1 3 58 60
15 64 54 35 70 50
87 32 22 18 72 49
74 9 26 25 56 13
37 71 85 89 33 77
78 67 31 6 82 19
65 51 69 84 17 30
48 7 63 24 45 27
66 39 88 44 43 92
79 21 76 29 47 73
11 62 46 70 83 22
81 8 18 12 4 56
3 25 89 36 64 55
40 14 77 2 38 49
34 86 28 87 54 13
59 32 68 33 5 31
74 35 61 53 82 16
42 72 58 50 6 41
90 78 91 37 26 80
10 60 57 9 67 85
1 20 19 15 52 75
23 14 70 71 69 25
63 89 17 22 8 54
18 55 65 66 76 62
4 92 33 87 83 24
64 5 88 82 49 27
29 68 72 3 2 46
67 53 26 59 12 34
13 11 78 32 42 10
1 28 81 61 77 23
19 16 41 57 90 86
9 58 43 7 40 37
45 21 6 85 74 15
44 75 71 51 91 73
80 31 38 20 30 56
50 36 47 84 48 39
52 60 2 35 79 59
5 29 34 62 25 17
3 8 16 27 67 32
4 1 76 49 43 78
45 87 69 88 19 53
72 66 21 9 75 77
86 68 51 12 40 61
64 22 57 39 20 81
82 10 50 18 37 30
63 31 74 33 41 14
38 24 91 15 42 60
52 13 83 55 47 44
85 46 90 92 54 48
26 84 79 11 71 58
6 80 35 23 36 7
73 56 70 65 28 89
62 30 86 72 45 20
67 29 87 43 64 14
41 37 2 51 22 1
8 78 52 74 24 50
25 4 44 60 63 82
61 91 58 57 59 83
17 71 79 6 12 27
48 31 42 23 26 76
69 90 75 49 34 7
70 9 38 16 88 55
89 15 47 5 81 11
80 46 33 18 73 39
35 85 40 66 84 28
21 54 56 68 53 10
13 92 3 19 77 65
32 8 71 36 1 29
