60 13 29 4 73 37
57 41 44 71 12 55
14 28 20 68 22 39
74 67 75 19 54 36
56 66 5 77 38 3
80 8 2 78 30 9
40 16 46 64 49 7
34 24 15 53 79 63
43 6 42 70 25 31
1 69 35 52 50 45
33 27 18 65 26 11
58 10 59 17 23 47
61 32 51 62 21 72
76 22 77 67 48 60
40 73 78 36 3 24
39 55 16 43 2 4
71 20 13 7 5 74
79 75 35 80 18 38
49 37 10 19 1 57
33 14 61 15 45 23
66 47 26 12 42 8
31 46 58 41 48 69
68 72 34 25 50 54
76 32 64 29 65 70
63 27 62 21 44 9
6 59 30 52 53 11
56 51 43 28 73 17
22 1 7 18 3 1 78 55
8 36 14 5 16 57
67 72 15 26 39 58
19 80 33 50 71 70
63 29 75 2 46 48
42 60 44 59 32 79
49 24 52 21 56 68
34 65 45 30 20 17
69 25 27 28 10 64
47 31 4 53 61 74
1 6 23 54 51 66
13 11 12 77 62 35
9 40 38 37 41 76
48 26 7 44 24 19
78 17 50 79 57 67
20 72 52 75 27 46
55 61 68 60 80 63
73 21 30 47 64 14
35 51 74 16 42 22
43 58 71 32 34 40
8 11 6 38 39 69
45 29 66 10 18 31
65 15 54 37 28 12
23 70 77 9 4 49
3 33 53 25 13 41
2 62 36 56 76 59
27 5 80 1 34 73
35 64 21 26 17 6
78 38 48 71 45 42
31 19 72 22 55 8
4 67 46 14 12 32
77 28 33 79 40 47
52 36 7 10 65 63
61 44 49 13 66 75
11 50 2 74 43 23
41 1 39 24 30 56
62 3 20 54 69 29
70 68 37 51 59 5
58 18 53 9 60 16
57 76 80 21 25 15
17 4 36 46 66 71
42 19 28 61 52 2
13 10 50 55 6 32
41 78 65 75 14 77
69 70 56 72 74 44
48 49 59 34 8 18
16 23 26 68 79 3
11 9 54 45 57 73
37 5 25 24 58 22
76 47 1 20 35 43
39 64 12 31 63 33
60 38 30 7 15 62
27 67 40 51 53 29
23 19 21 46 34 78
73 74 79 8 52 65
44 45 58 80 77 6
59 71 24 28 35 72
18 54 13 42 63 76
32 7 25 75 9 56
51 11 31 5 15 50
22 62 4 10 26 41
3 47 39 49 60 27
2 12 68 40 17 1
30 37 55 36 33 69
53 48 57 66 43 64
38 16 67 20 61 70
29 42 34 14 56 11
73 63 25 26 77 71
3 74 10 39 46 80
45 41 79 72 2 5
17 54 32 22 33 49
30 76 19 58 4 51
12 9 48 6 36 20
50 8 37 27 7 61
16 29 52 47 44 78
35 70 60 66 14 40
69 43 21 18 68 67
24 57 65 38 31 13
55 75 28 23 53 62
64 59 22 15 1 3
