85 76 86 52 22 48
89 55 67 30 74 56
27 20 16 2 61 28
17 11 79 7 88 45
66 3 62 14 31 50
40 6 72 93 42 90
39 18 57 35 5 24
78 59 8 71 10 87
33 38 34 47 21 81
32 15 69 84 13 36
83 49 82 23 19 60
54 4 43 58 73 92
70 95 25 29 9 12
91 53 65 46 37 1
51 80 77 64 94 41
75 63 68 44 26 10
67 11 52 72 62 5
18 89 8 16 85 45
88 74 47 40 78 28
13 3 92 87 19 20
42 35 4 60 27 33
69 70 30 21 53 86
22 59 9 83 64 65
79 37 49 84 75 43
2 32 76 68 91 41
48 54 80 90 50 56
38 24 93 26 94 46
58 61 23 1 12 34
29 81 39 73 6 31
66 71 63 95 77 17
51 25 7 55 44 36
57 15 22 27 14 82
42 1 69 16 75 87 1 35
78 32 53 1 62 1 67 64
83 1 8 48 49 33 65
88 90 41 3 30 34
59 21 24 79 54 72
71 91 26 60 61 29
74 63 58 84 9 52
95 50 6 76 13 5
45 86 73 2 15 46
70 82 37 94 55 18
12 20 51 40 31 11
19 28 56 77 57 44
38 66 80 1 43 36
39 92 25 7 89 23
93 17 81 68 85 4
14 5 47 10 72 29
48 9 3 32 16 26
24 42 61 15 59 55
78 6 18 34 46 51
73 60 90 62 63 69
35 52 82 43 2 64
37 8 20 88 56 66
91 33 77 58 87 50
80 47 70 71 92 22
27 17 13 12 54 53
84 44 68 83 11 39
93 36 89 41 19 86
45 75 65 76 25 28
4 49 31 67 10 38
81 40 30 57 79 23
94 7 1 95 14 21
62 74 59 85 92 35
3 55 69 91 47 8
87 82 54 44 66 9
70 78 43 39 77 48
46 28 11 29 80 90
50 64 36 63 24 49
27 76 38 58 79 19
6 68 7 53 71 16
25 84 85 67 57 20
31 95 72 4 88 32
41 65 15 12 81 74
86 26 13 17 40 37
61 83 89 75 73 94
60 18 2 56 93 14
30 45 5 1 33 22
42 51 21 10 23 52
34 36 57 59 11 53
72 71 19 85 54 39
25 47 41 63 48 4
15 16 62 79 91 95
64 7 29 8 13 58
9 61 40 77 18 68
93 73 49 22 30 66
5 28 84 3 94 51
56 12 92 38 82 78
20 23 45 14 43 55
37 89 81 24 76 10
21 60 88 46 87 67
90 83 44 35 32 1
17 69 33 52 70 6
31 80 42 2 65 26
74 50 75 86 27 34
4 41 66 28 39 79
53 45 3 61 38 63
8 24 71 82 62 25
68 22 87 23 29 56
91 85 90 9 78 73
16 1 44 76 49 70
26 19 30 59 58 18
31 48 46 5 27 69
72 34 35 55 65 84
11 37 64 47 15 54
75 81 60 40 80 95
50 17 94 36 42 74
83 93 7 77 20 52
10 86 32 6 12 57
33 2 14 51 67 92
43 21 89 13 88 91
24 34 85 87 45 31
62 46 19 55 4 22
26 49 58 81 25 78
28 18 71 69 38 11
36 83 27 37 30 95
20 79 64 48 68 42
9 76 94 56 86 33
8 41 57 43 50 72
6 1 84 89 47 60
66 75 29 53 51 15
14 52 40 54 59 16
13 63 67 70 35 93
23 44 17 65 73 3
5 88 12 80 2 7
74 39 32 21 82 61
92 10 55 90 77 27
49 68 94 45 57 62
15 26 87 89 72 28
31 22 79 36 60 78
76 29 67 54 69 83
4 14 91 6 24 44
38 5 85 41 23 75
35 58 53 47 20 95
52 32 61 50 92 37
34 2 48 19 66 40
51 1 9 71 93 88
82 33 10 16 13 80
73 56 59 7 84 70
25 64 18 74 17 21
12 30 77 42 8 46
63 86 3 11 43 81
65 90 20 89 39 38
49 87 40 55 5 32
50 1 2 29 4 78
72 22 58 69 44 37
62 70 54 10 34 93
64 26 6 88 27 85
9 46 47 7 57 75
36 21 12 45 35 71
80 53 39 8 14 74
16 56 79 63 51 83
19 94 25 52 31 15
77 42 73 82 3 76
11 60 13 92 41 24
43 90 33 59 95 68
30 84 91 28 48 17
65 67 23 18 66 86
61 36 14 81 70 87
57 16 74 37 29 93
56 58 75 39 62 88
22 34 42 32 7 63
60 69 10 20 9 50
24 12 43 33 51 19
44 85 53 94 79 2
95 52 55 73 41 26
92 72 66 83 45 91
80 3 15 49 6 21
65 78 61 11 4 30
28 67 27 81 8 1
86 35 54 68 25 38
46 40 84 64 71 76
5 48 59 82 89 17
23 77 31 13 90 47
18 87 62 42 53 83
