45 18 80 62 40 78
41 42 44 12 9 69
8 52 14 28 43 48
66 5 7 53 11 32
83 65 72 56 25 81
15 67 64 16 22 19
74 77 47 30 6 71
1 3 37 34 21 85
20 35 36 58 10 55
38 76 61 2 51 46
13 17 63 29 26 84
31 27 59 50 68 23
49 54 57 4 60 82
39 73 75 70 33 24
79 5 19 65 47 37
80 14 21 83 30 67
35 3 11 56 76 41
61 15 40 85 32 20
81 46 71 69 28 7
54 53 62 59 58 52
18 2 25 4 26 36
9 39 16 74 27 13
57 64 12 77 50 43
22 63 49 31 24 42
79 84 38 33 6 68
70 82 72 23 45 44
29 78 55 60 73 51
10 8 17 66 75 34
1 20 69 48 83 5
57 11 81 27 14 62
30 43 15 59 24 49
28 40 4 47 22 3
37 50 18 72 2 42
45 32 36 60 77 84
12 13 56 85 55 66
58 48 76 73 9 82
29 65 63 7 80 74
33 71 26 8 31 21
67 61 70 34 68 35
51 53 16 25 17 6
10 44 19 39 52 38
23 54 75 1 64 79
78 46 58 41 66 4
74 28 72 24 40 2
45 55 26 65 30 50
48 29 33 81 22 18
37 73 57 51 61 84
76 47 10 16 56 70
77 8 23 21 19 49
39 42 71 64 82 85
75 6 60 35 9 5
43 32 25 63 44 1
62 31 80 34 41 38
69 59 3 12 14 17
67 68 7 20 78 54
27 52 15 46 83 13
53 36 82 79 29 11
16 57 35 40 81 8
25 55 28 75 84 74
49 34 47 48 72 41
3 50 60 73 38 19
26 6 65 14 70 59
83 31 77 67 78 10
51 1 58 30 13 42
69 37 4 53 23 80
18 63 39 21 79 15
20 62 2 12 33 66
11 61 24 71 44 54
22 43 68 17 76 46
5 45 64 36 56 27
9 52 85 32 7 70
38 55 53 72 77 14
26 51 23 81 34 39
57 66 59 80 47 29
54 35 50 13 25 69
44 74 33 76 67 37
58 41 27 43 60 18
61 1 78 6 36 52
9 84 42 19 40 83
68 48 24 10 65 5
17 11 73 28 15 85
16 12 49 75 7 45
4 64 30 20 31 79
21 2 71 22 56 32
82 8 3 46 63 62
41 59 74 38 36 83
1 27 26 77 33 80
78 25 11 70 48 37
47 23 73 42 54 43
31 66 60 15 81 65
44 21 50 40 5 51
52 84 30 72 35 12
2 16 34 19 82 20
14 39 79 17 7 22
10 85 4 64 62 69
67 63 75 56 58 61
32 18 6 46 57 55
71 28 13 76 49 53
3 45 68 29 8 9
24 41 77 50 16 81
60 14 35 47 2 1
21 17 82 70 74 65
22 69 66 72 26 61
48 46 32 37 39 31
6 12 53 63 83 73
84 71 10 15 18 9
52 42 20 11 59 45
68 58 40 23 7 55
5 34 33 54 30 28
36 78 44 3 13 57
80 24 64 8 25 76
85 27 51 79 49 67
62 43 29 75 19 56
38 70 12 4 71 1
41 10 40 37 82 14
65 11 22 84 34 58
36 9 63 47 50 33
66 3 64 18 24 52
2 69 79 55 67 8
80 20 56 44 17 77
7 38 30 48 57 15
43 85 53 26 16 78
19 46 31 25 54 45
76 28 29 27 39 6
32 74 62 51 49 35
42 60 81 68 75 21
73 13 72 5 4 59
83 61 9 23 64 17
2 30 63 11 69 10
66 36 84 14 16 54
58 26 57 24 37 28
33 38 46 35 85 65
49 81 70 55 80 3
56 18 8 60 20 53
13 21 22 6 73 41
82 34 27 78 32 12
7 19 76 59 72 1
39 44 15 62 68 47
52 23 25 5 29 67
74 42 48 61 4 77
40 75 43 71 51 31
50 45 28 83 79 66
46 20 64 14 49 26
8 37 22 30 12 36
17 81 54 78 63 38
9 1 21 11 62 16
52 56 74 57 69 34
19 23 24 18 85 13
72 80 43 42 10 6
77 70 29 15 58 5
71 79 40 25 59 60
55 33 39 45 41 61
32 4 50 65 76 75
53 67 27 84 3 48
73 35 2 7 31 44
82 83 47 68 51 18
69 21 29 24 38 20
60 12 23 26 74 11
33 56 14 42 15 78
59 37 34 55 77 9
6 62 67 50 71 17
54 19 32 28 70 41
81 75 30 44 53 46
85 5 76 63 57 45
61 10 7 27 47 25
31 72 16 3 79 58
82 22 51 35 80 52
49 66 68 36 1 73
40 65 48 64 13 2
84 4 83 43 39 8
