38 1 42 25 44 28
51 2 20 47 23 17
31 48 6 41 12 27
43 46 10 35 11 9
13 22 15 16 52 26
21 37 29 18 19 33
39 4 45 49 7 5
32 50 3 8 30 24
36 40 34 54 14 53
9 22 51 55 25 41
16 17 44 21 31 11
26 42 48 20 46 49
2 37 50 3 15 1
4 8 54 28 29 35
13 34 32 43 23 7
53 40 19 24 27 38
30 10 45 12 18 52
47 33 55 6 36 39
22 5 48 37 28 14
49 15 1 8 41 43 21 1
23 25 42 1 40 1 35 3
34 17 50 26 4 1 12
39 47 52 24 9 54
44 27 2 5 46 18
31 1 7 53 55 30
19 13 29 45 36 20
14 32 38 6 16 10
4 11 24 33 51 23
41 35 39 2 21 26
27 43 47 22 42 30
18 44 13 50 54 49
48 53 25 17 45 15
33 34 37 40 10 31
11 55 12 29 3 38
36 28 46 32 52 51
5 9 8 1 19 16
7 20 24 14 25 6
10 49 21 22 53 47
54 26 43 45 3 27
44 29 41 40 30 32
15 5 35 51 12 13
38 36 2 9 31 4
19 7 42 11 48 50
20 39 28 18 16 34
55 6 46 23 8 37
14 33 17 52 43 1
25 26 31 29 47 5
30 38 54 21 48 51
7 28 12 20 9 40
3 6 19 44 4 22
8 18 14 42 13 17
15 24 23 10 1 36
52 49 55 2 35 34
11 53 27 37 39 32
33 41 16 46 50 45
42 6 9 17 54 5
8 51 26 7 10 44
40 24 29 48 2 43
47 15 30 34 38 11
27 20 52 50 4 21
3 41 53 28 13 33
12 16 25 37 49 36
46 39 23 19 14 31
1 45 18 35 32 22
55 21 40 15 42 4
