32 43 10 15 2 41
25 34 7 8 30 18
21 28 14 48 3 1
46 51 39 44 4 24
47 9 6 37 40 45
27 16 31 36 49 35
5 57 38 29 12 55
56 22 23 54 42 17
13 50 53 26 11 20
52 19 45 21 41 33
9 28 43 24 8 39
3 16 29 27 37 48
17 56 15 6 5 4
30 7 1 49 10 54
53 33 12 35 18 50
11 46 13 34 57 22
20 19 38 47 44 32
36 55 31 23 14 52
40 2 51 42 25 26
8 9 3 35 10 16
33 11 6 49 39 1
12 19 46 37 43 13
14 30 36 24 17 50
26 56 47 52 57 48
40 23 34 53 15 20
4 22 27 55 2 18
7 44 28 42 29 45
54 25 21 31 32 5
41 37 49 38 51 8
15 30 47 33 26 16
6 27 34 43 22 12
2 52 17 9 44 53
11 29 14 10 4 40
28 55 56 50 32 46
20 1 42 25 19 5
38 48 39 31 18 13
3 51 57 45 54 36
41 35 23 24 21 7
56 49 52 43 40 29
32 8 20 26 14 22
55 15 44 25 48 9
11 17 10 51 12 31
13 33 2 7 3 54
46 1 18 47 45 23
30 27 57 39 53 19
35 4 37 5 28 41
16 38 50 34 42 24
21 36 9 6 26 43
23 8 12 56 33 3
39 15 54 2 20 14
28 35 51 30 13 52
7 40 17 38 46 27
48 31 42 41 1 34
4 32 25 45 6 16
22 18 19 29 10 36
50 5 44 49 47 57
53 24 11 37 55 21
34 33 15 51 52 27
4 42 9 12 48 30
43 45 25 14 38 35
50 54 8 46 29 6
24 41 18 44 56 11
19 3 55 7 31 26
39 20 16 23 21 10
28 53 49 22 36 47
1 17 57 32 37 2
5 13 35 40 50 41
29 24 19 15 25 3
20 52 31 16 46 30
48 43 21 33 51 22
57 6 37 18 14 42
40 36 44 1 12 4
10 38 26 28 27 54
13 32 23 9 49 11
45 39 2 56 34 5
17 47 53 55 7 8
22 31 37 4 50 15
10 52 33 57 24 25
54 13 40 18 16 43
2 6 12 19 23 28
36 8 48 11 45 7
42 35 32 27 47 39
3 5 14 41 53 38
1 9 55 51 20 56
49 21 29 17 34 46
26 30 37 44 23 43
31 2 24 8 47 40
16 7 15 57 11 28
22 50 1 52 38 9
5 10 42 46 36 33
18 26 3 20 17 49
48 29 51 6 53 32
27 25 44 21 13 56
14 54 4 19 34 35
12 41 45 55 39 30
