48 54 55 23 1 28
30 9 46 21 63 52
62 56 19 12 17 25
37 61 49 24 64 4
2 51 5 41 3 50
15 29 53 20 58 22
47 34 26 69 33 14
67 31 42 10 45 6
35 36 66 32 65 13
68 43 44 27 16 57
38 60 11 59 40 8
7 56 39 26 18 20
61 33 23 17 45 46
25 2 67 29 66 34
44 63 1 58 19 3
50 11 21 28 10 12
8 32 42 22 68 48
6 14 4 54 5 38
49 52 65 59 55 62
16 39 51 64 35 53
24 27 36 47 7 9
37 15 60 43 30 69
57 40 18 31 41 13
58 59 33 23 25 10
63 26 67 51 22 54
52 5 47 11 48 20
3 21 17 39 38 15
42 28 9 18 44 37
69 29 62 24 57 31
34 8 45 35 41 12
27 55 64 30 13 56
7 4 43 40 53 65
32 2 19 49 46 6
50 1 60 36 61 16
14 66 9 68 23 11
3 56 42 54 24 34
55 31 26 4 35 25
45 65 15 2 63 64
58 41 48 21 62 7
47 12 61 67 30 44
10 69 16 52 22 18
32 29 27 1 40 39
51 13 37 19 68 38
36 59 28 46 14 53
6 43 20 17 50 8
33 49 5 60 57 66
25 18 21 61 32 54
56 68 10 40 47 15
41 16 46 11 37 29
2 23 52 44 26 27
63 13 17 5 42 59
28 24 30 33 6 51
48 64 36 31 34 43
19 14 57 8 55 7
35 58 69 50 67 49
4 9 22 39 60 12
62 45 38 66 20 1
53 30 3 65 25 11
57 6 63 34 37 36
15 19 67 27 48 59
41 4 17 69 44 32
12 20 40 42 33 2
16 21 45 14 49 56
29 52 35 60 28 68
46 26 66 3 64 10
54 53 50 9 62 13
39 5 58 55 43 24
22 7 61 38 23 31
18 8 1 65 51 47
64 17 40 67 52 14
59 34 30 4 20 68
10 48 2 57 9 35
49 54 7 11 15 44
36 69 23 56 51 21
29 38 55 18 50 33
53 27 31 5 8 37
19 39 41 66 42 61
12 6 65 26 16 58
43 47 28 45 32 63
13 46 22 1 25 24
60 3 18 62 67 23
52 15 57 42 4 51
17 10 54 30 36 29
66 59 6 55 21 47
22 11 56 43 35 33
25 38 41 63 49 27
61 58 8 13 28 2
7 12 68 64 1 69
44 62 34 5 46 40
20 31 32 9 3 16
26 60 24 53 19 45
65 37 39 48 50 14
