4 28 17 33 11 18
8 1 16 42 36 3
15 14 10 2 25 21
12 30 38 5 27 20
9 41 13 22 23 32
35 39 7 6 34 43
26 31 19 37 29 24
40 42 32 12 14 27
21 33 22 7 6 5
41 34 28 8 2 4
15 11 29 9 24 35
40 36 26 18 30 23
3 19 1 10 17 39
37 25 16 38 20 13
31 23 36 43 2 12
10 21 1 26 11 1 41 17
5 40 13 34 15 3
16 39 33 30 22 14
7 18 31 19 32 20
8 29 6 9 27 25
38 43 24 4 42 1
35 28 2 37 5 32
33 23 10 20 9 8
22 27 34 43 26 15
31 3 6 11 38 36
30 4 37 21 1 29
12 24 18 39 13 14
25 17 19 35 16 40
41 15 42 1 7 28
29 18 34 10 6 38
23 43 8 14 37 19
41 16 21 39 27 24
28 5 36 20 7 26
11 22 4 25 12 3
42 31 9 30 35 17
13 32 2 40 33 29
39 12 37 3 10 18
6 35 22 30 28 8
13 19 27 42 26 11
23 1 24 34 5 25
16 7 38 40 9 4
32 33 36 31 21 15
17 43 14 2 20 41
28 9 11 1 39 40
19 24 34 36 12 22
38 37 27 17 13 33
21 20 42 18 8 25
14 35 5 10 4 31
29 30 3 41 43 7
32 15 6 16 23 26
2 10 40 24 42 22
43 31 30 13 18 28
20 25 11 33 37 34
27 3 21 9 19 2
14 41 1 6 36 16
12 7 29 17 15 23
8 32 39 26 4 38
5 9 18 35 37 41
20 33 43 24 3 40
1 22 25 27 32 31
34 21 12 29 16 28
14 26 2 7 11 30
17 42 8 15 5 39
4 6 13 36 10 19
38 35 3 23 21 14
18 20 39 29 2 22
5 10 11 43 16 32
23 34 4 42 30 27
36 17 9 28 24 25
26 12 35 33 38 1
15 40 37 19 41 6
7 8 21 13 11 31

