81 69 48 51 58 67
44 56 71 87 54 3
32 73 43 12 59 13
2 84 45 18 61 46
53 24 1 31 4 28
68 55 40 62 37 75
26 34 52 50 9 42
22 11 10 70 76 16
72 47 27 49 57 14
85 78 65 39 7 80
74 63 38 21 66 83
33 77 41 36 29 60
86 79 20 30 17 8
25 64 35 19 6 88
82 23 53 5 15 44
48 24 70 47 54 9
39 51 27 4 34 59
16 78 14 74 46 81
80 63 61 62 87 33
1 86 32 38 85 72
7 21 12 28 10 25
6 58 42 43 55 79
18 3 19 49 22 5
76 13 82 26 30 88
17 60 15 52 84 66
64 50 69 41 56 68
29 45 31 73 75 57
20 40 65 71 67 36
11 77 83 2 8 37
62 39 35 24 79 23
42 85 21 1 49 87 76 1
19 51 54 33 43 53
58 59 38 82 6 16
5 1 64 66 10 48
57 67 50 3 28 17
68 34 2 14 73 20
88 52 70 83 69 40
12 41 71 23 30 31
60 61 13 78 27 22
46 37 7 29 9 81
4 75 18 32 36 26
55 25 44 72 65 8
15 47 35 86 45 63
77 80 56 84 11 74
12 20 33 69 57 85
38 40 28 76 64 61
82 43 22 2 41 9
58 14 32 10 39 54
65 3 66 70 68 79
26 44 49 78 31 63
11 53 48 52 18 27
21 75 15 6 77 67
35 50 72 46 4 73
71 83 7 59 47 19
36 80 55 86 23 29
56 62 60 25 1 51
42 5 30 16 84 37
45 88 24 8 74 34
87 17 11 13 65 81
57 9 78 53 76 6
2 67 4 66 71 58
54 31 18 50 79 15
1 61 49 82 70 20
62 32 28 69 29 30
14 52 23 19 21 56
22 48 45 40 44 12
59 80 51 64 72 17
34 86 43 16 7 77
81 85 75 83 35 60
84 27 3 73 25 26
8 46 10 63 41 87
88 39 47 33 5 55
13 38 42 24 36 68
37 12 65 74 18 82
30 70 50 7 14 45
29 83 61 51 16 44
19 77 66 78 40 73
48 3 76 80 35 2
17 21 55 27 1 41
79 87 34 75 38 53
11 26 47 68 28 58
60 59 67 10 31 86
43 71 74 85 62 52
4 6 8 56 33 13
84 88 9 23 49 32
63 37 36 54 57 64
20 81 5 72 22 24
69 15 46 25 42 39
47 58 77 61 17 31
74 26 51 41 86 70
85 8 29 59 66 18
83 27 73 9 65 87
34 64 78 84 62 12
1 54 30 75 2 88
76 56 5 67 45 43
28 72 39 60 16 71
20 32 21 11 44 35
52 49 24 36 6 46
40 82 63 3 42 7
37 33 14 48 15 38
22 68 23 57 25 4
13 19 50 79 80 69
81 10 2 55 53 56
67 70 73 44 64 85
59 26 76 77 20 62
6 5 41 54 28 34
15 72 87 40 74 29
17 23 78 33 42 83
88 61 65 48 50 86
49 60 4 79 11 12
27 36 10 35 43 30
45 37 52 58 13 25
63 51 18 68 71 1
47 66 75 46 82 80
53 22 69 7 38 84
16 55 57 24 32 19
8 31 3 21 81 39
5 9 40 4 14 17
23 2 6 27 74 50
41 83 62 13 48 72
70 75 59 28 56 63
85 51 79 37 10 47
44 46 57 38 30 77
43 29 88 3 78 11
18 76 69 55 73 24
9 20 36 45 39 66
61 19 81 15 12 26
86 33 84 71 82 21
58 1 22 65 35 34
87 68 7 32 52 31
25 16 54 80 67 49
42 53 8 14 60 64
30 18 11 9 63 72
28 15 55 51 20 78
43 4 21 61 69 37
57 79 84 40 41 59
39 12 52 38 2 70
50 76 33 44 81 1
73 7 58 5 8 62
64 23 16 75 13 3
10 26 6 83 45 80
56 49 29 35 71 17
67 42 74 47 32 22
31 19 36 34 48 82
66 87 25 14 24 86
27 53 68 77 88 85
65 21 54 60 46 76
