27 70 16 25 12 76
7 41 23 67 86 5
46 33 68 34 40 18
30 43 84 59 9 42
73 8 22 62 45 50
60 15 13 81 11 14
17 10 78 66 37 77
44 83 85 53 36 24
38 39 54 19 69 72
55 75 61 65 20 80
6 2 21 29 64 47
4 63 74 3 58 35
26 32 31 82 48 71
28 56 52 1 51 79
78 14 57 59 49 34
15 66 8 33 7 69
19 80 30 37 60 70
18 45 54 12 42 17
84 27 3 5 75 21
43 35 44 86 71 2
74 62 24 81 67 26
20 85 6 10 56 25
51 65 49 9 73 53
83 82 40 11 23 63
72 79 76 13 32 29
57 38 16 28 58 47
31 4 61 50 36 46
39 41 64 52 55 68
1 6 48 22 77 59
24 1 25 19 18 1 35 51
74 8 75 1 10 1 44 70
33 84 12 49 20 32
45 37 15 65 67 28
61 26 58 2 34 69
4 73 56 47 43 60
42 68 78 79 3 71
31 83 27 54 1 55
11 29 86 22 85 57
50 76 38 14 41 82
64 81 9 48 40 36
63 13 52 17 30 5
46 53 66 23 21 72
77 62 80 16 7 39
68 19 59 12 15 2
32 47 86 8 55 42
54 33 82 57 43 74
69 44 31 18 56 76
71 49 81 85 30 45
23 13 3 38 24 20
35 72 73 84 61 48
40 52 27 37 26 7
22 25 60 34 79 41
75 17 11 53 16 6
21 70 14 58 77 67
80 51 50 63 78 64
39 28 66 83 4 9
65 1 29 5 46 10
36 72 12 62 82 52
61 30 15 47 25 44
2 60 17 33 24 55
16 18 41 48 3 85
21 37 81 68 57 63
71 14 51 23 27 22
10 53 79 19 40 43
77 86 83 64 84 65
70 5 26 42 49 50
9 20 7 31 11 45
80 69 74 29 28 59
67 1 35 13 39 8
56 38 62 78 46 32
36 58 73 54 66 75
76 34 51 6 4 37
81 47 33 3 83 19
24 52 42 21 22 61
20 79 18 70 63 86
26 59 44 41 65 11
45 64 25 69 57 32
58 39 53 78 31 30
9 85 34 82 35 75
60 71 77 72 50 40
7 76 36 49 17 1
6 5 28 68 54 62
16 23 4 15 29 84
2 10 67 73 27 38
12 55 13 66 74 56
8 48 46 14 80 43
34 47 72 24 31 63
86 45 3 60 36 39
5 9 37 44 22 58
32 53 77 35 54 15
75 59 64 76 62 33
41 57 10 13 61 83
80 12 1 26 21 38
55 18 11 71 28 73
29 48 20 51 42 66
79 50 65 27 81 69
40 2 49 56 16 8
17 82 67 25 68 4
84 19 46 85 74 7
43 78 23 52 6 70
14 24 75 30 18 10
