2 32 54 43 64 27
6 56 45 46 63 8
5 71 7 29 69 1
39 70 34 77 4 17
20 50 58 16 73 9
19 44 21 76 57 30
47 28 12 24 37 75
49 36 13 55 72 60
52 3 62 48 18 23
53 33 40 22 51 10
14 25 79 66 15 11
67 38 65 68 59 78
31 35 26 41 42 74
61 5 63 4 19 54
69 8 39 21 55 47
17 2 24 45 73 44
77 62 33 13 28 50
57 53 48 75 70 56
59 16 1 64 46 37
71 65 11 6 26 76
43 9 14 67 36 51
72 31 61 25 3 20
78 23 30 10 12 66
52 15 74 7 38 49
29 79 34 22 41 32
18 27 60 35 40 42
71 68 55 45 58 53
73 1 47 13 4 26 1 59
77 1 25 56 2 67
5 39 3 36 76 64
14 49 28 10 54 70
62 7 30 65 24 72
32 42 21 33 17 19
46 22 75 9 61 18
52 66 68 34 60 31
69 79 11 38 57 20
78 44 40 63 58 43
23 15 37 50 8 35
16 6 74 48 27 29
51 12 25 7 41 70
18 77 65 64 47 14
1 26 2 3 53 30
56 38 28 5 42 72
17 59 76 22 43 68
50 9 19 55 78 79
29 10 20 45 52 4
32 35 48 36 12 61
15 69 54 34 40 16
11 23 39 44 46 51
60 21 8 73 74 62
13 63 41 37 66 71
58 6 75 67 49 33
27 57 5 24 31 55
70 72 22 47 43 52
69 7 35 76 77 78
42 61 45 30 14 50
62 36 68 26 16 56
40 46 3 12 13 79
28 67 23 74 71 4
2 27 66 49 20 21
63 32 53 73 39 15
57 25 9 17 6 37
19 75 64 60 11 29
59 18 41 54 44 33
8 48 51 58 31 65
34 10 24 38 1 76
4 46 2 14 22 62
40 55 32 23 77 16
63 47 36 25 7 28
70 30 73 68 27 69
9 52 64 57 35 41
66 29 5 58 18 17
65 60 33 79 56 61
44 50 12 38 53 6
21 67 10 15 13 31
43 24 26 75 20 8
51 71 34 3 59 42
11 1 72 74 54 78
37 49 45 39 19 48
46 58 69 27 17 52
70 65 66 44 5 9
30 64 55 28 73 22
76 56 20 62 32 15
42 29 63 3 77 57
59 12 54 60 50 26
19 74 10 25 68 2
75 78 38 51 14 13
61 41 49 1 23 53
21 24 6 4 40 36
72 48 7 8 79 67
11 37 34 31 45 18
35 39 16 43 33 71
47 74 57 32 10 46
3 60 76 9 70 28
65 55 17 41 20 1
53 5 77 62 21 59
64 4 50 66 69 56
12 14 58 72 34 19
54 7 73 35 45 75
37 33 31 2 29 38
23 13 43 6 47 68
26 40 67 39 61 52
27 36 44 8 78 71
24 22 42 48 11 25
16 49 18 79 51 63
15 41 77 30 60 46
56 55 35 59 29 70
28 43 57 73 65 50
66 19 6 1 62 39
20 53 64 13 34 7
71 76 2 72 75 40
42 68 44 12 9 49
16 17 3 11 67 47
26 45 22 21 51 27
79 54 58 74 37 36
14 63 24 23 31 69
33 48 52 15 78 5
25 4 38 32 30 18
10 8 73 61 66 77
7 16 60 39 2 57
20 22 44 35 19 67
50 72 29 68 21 46
56 62 27 41 11 12
55 76 14 33 63 74
70 26 38 58 64 23
18 51 15 71 61 24
13 30 8 54 5 17
37 79 4 53 42 43
31 52 59 6 28 32
9 1 47 40 45 48
36 3 69 10 75 65
78 34 73 49 25 26
