16 61 65 22 83 14
18 10 50 37 36 41
78 28 45 2 26 11
58 32 13 12 34 79
30 67 42 56 1 44
71 3 9 53 69 66
70 59 8 31 64 72
35 57 75 29 21 19
4 39 55 81 17 63
15 60 68 47 46 7
23 25 73 24 5 77
6 40 20 62 74 49
43 52 76 48 33 80
27 54 82 38 51 79
3 32 22 19 13 30
29 65 56 45 72 2
75 67 70 69 61 47
17 1 34 16 37 10
26 71 64 46 12 14
77 74 57 43 48 59
20 83 68 41 6 24
42 81 8 52 82 23
15 58 54 78 33 40
80 31 39 66 51 50
36 7 63 35 62 27
21 9 28 49 18 5
38 4 53 11 76 25
55 44 12 41 60 73
20 59 3 56 43 47
61 71 6 23 29 37
74 64 1 32 75 66
10 27 48 46 19 31
40 81 83 57 63 9
65 22 28 38 68 36
53 8 67 26 80 7
78 82 24 4 30 70
17 18 45 42 76 35
72 5 34 33 79 39
25 16 55 13 50 69
49 54 52 15 44 77
2 62 21 51 58 60
11 57 31 73 14 67
81 1 70 12 27 20
82 66 18 23 56 75
30 61 36 45 48 8
37 46 34 55 65 53
76 39 78 7 52 79
44 19 69 72 28 15
50 68 21 17 32 11
77 6 25 3 10 58
74 51 71 60 49 4
38 59 41 40 16 29
26 43 42 83 73 54
47 9 33 22 64 35
5 13 2 14 80 63
79 62 57 24 69 65
39 52 28 32 53 20
66 37 21 7 8 77
34 27 36 74 6 67
49 31 78 68 42 61
48 29 12 18 3 54
2 41 43 70 19 23
60 35 30 14 81 25
9 55 38 26 72 58
40 24 64 17 22 44
4 45 46 1 13 59
83 10 80 56 11 82
47 50 73 71 63 62
5 75 76 16 15 51
6 18 32 33 2 81
70 53 14 54 74 68
8 26 37 58 79 22
19 60 61 52 34 59
9 20 4 80 65 77
35 69 56 40 31 38
12 17 71 5 15 82
7 64 51 83 48 16
45 44 63 33 62 43
23 57 46 36 72 78
1 24 3 76 21 55
73 49 27 50 30 75
29 42 13 28 11 10
67 41 47 25 66 39
22 54 34 59 71 83
74 81 37 80 38 45
63 79 6 44 31 48
55 56 19 8 5 62
61 24 35 53 15 50
32 73 7 46 69 82
3 75 68 2 9 52
65 23 64 51 67 13
78 16 20 21 12 18
25 49 43 39 29 1
33 66 4 57 26 10
28 14 58 27 47 17
77 72 30 76 40 41
70 42 11 60 36 9
83 35 23 55 68 48
52 46 22 31 67 5
13 43 7 18 38 61
82 20 26 63 25 29
1 12 8 28 57 6
64 77 81 34 50 56
79 11 30 66 16 74
14 41 15 62 4 3
24 58 75 80 54 36
42 47 51 37 32 72
69 17 33 59 2 49
60 45 53 73 10 40
71 78 44 27 76 65
19 39 38 21 70 83
11 15 18 63 22 1
66 23 43 12 35 4
57 30 5 54 7 31
48 49 26 32 41 56
13 17 62 72 53 52
68 47 29 81 44 80
77 71 27 24 2 16
39 6 69 60 42 64
46 33 65 8 3 74
25 36 59 37 78 55
19 50 79 9 45 67
34 76 51 73 70 58
82 28 40 61 14 21
10 38 72 75 20 71
69 41 26 5 1 35
7 12 24 56 74 52
62 80 59 27 18 39
15 29 46 30 83 9
50 70 17 57 44 3
48 22 53 58 4 42
64 36 2 79 21 25
19 73 66 68 65 81
54 28 32 63 23 76
67 78 60 43 82 16
51 77 14 6 55 45
20 37 33 31 75 13
8 40 49 34 47 11
10 39 74 61 26 15
52 58 19 18 30 71
21 23 44 59 66 46
35 80 16 28 3 73
51 56 6 9 78 17
65 25 41 75 7 42
13 63 37 49 70 24
53 79 31 47 77 12
69 14 76 20 8 29
62 11 72 81 61 48
68 45 27 64 34 57
67 2 22 54 55 10
36 40 5 4 43 32
50 33 60 1 38 83
82 35 58 39 65 49
59 63 69 30 51 12
21 73 80 6 15 70
41 52 11 64 27 37
61 55 2 42 20 57
75 22 81 43 46 28
16 56 33 36 53 19
14 48 38 66 34 78
31 24 23 3 60 26
79 1 18 71 68 40
72 4 54 45 7 50
29 83 62 67 77 17
47 5 74 76 82 13
10 25 32 44 9 8
