1 22 3 29 2 13
14 64 42 70 66 75
44 61 7 28 23 24
46 15 9 52 34 81
41 43 62 69 4 57
35 19 77 26 20 40
17 78 63 55 16 39
50 79 65 45 80 5
25 31 76 51 54 73
18 27 10 53 36 67
21 58 47 32 37 59
71 12 11 8 48 68
82 38 30 49 74 33
6 81 60 72 56 20
41 3 28 66 9 55
43 42 44 35 29 39
16 1 61 79 51 53
37 2 4 17 23 15
57 73 19 34 77 80
59 46 70 10 40 22
13 21 72 7 12 82
67 68 52 33 32 45
78 60 74 18 25 58
38 63 71 5 54 64
56 31 36 30 11 14
8 69 49 26 24 47
65 27 75 50 76 62
48 4 39 6 77 51
80 1 72 32 44 1 15 2
12 58 1 23 53 1 42 34
61 9 37 63 33 43
10 45 21 3 73 71
28 8 67 81 78 46
13 56 7 76 70 47
79 29 52 75 82 57
22 64 68 65 19 60
30 6 27 69 17 14
36 35 25 41 5 1
74 38 26 66 16 59
48 49 40 31 62 55
18 50 11 24 20 54
80 76 23 52 10 43
7 51 72 57 22 45
2 73 6 82 37 8
77 60 29 70 30 28
47 53 81 68 39 5
34 59 48 61 41 78
58 1 27 55 11 15
40 75 16 21 69 25
67 63 26 31 13 42
44 54 19 46 62 66
33 14 71 49 35 50
12 79 3 4 18 38
36 17 32 20 65 64
74 24 80 9 56 27
68 34 7 43 2 39
69 42 82 61 11 5
77 75 59 8 53 54
16 35 23 57 67 60
81 41 76 21 18 14
64 62 51 33 79 55
73 45 24 58 70 74
46 30 72 48 26 65
6 78 66 15 31 12
1 28 50 38 10 17
32 44 56 40 3 63
4 13 20 52 71 25
29 37 49 19 36 9
54 22 67 82 47 41
53 45 61 76 64 30
65 23 18 11 26 6
17 70 34 79 68 35
40 69 51 74 7 66
27 20 48 73 28 13
56 25 2 59 29 62
57 46 33 42 58 36
14 49 63 22 52 12
19 15 16 50 47 3
24 10 37 77 72 78
9 5 44 21 1 4
43 55 81 75 32 71
39 60 8 31 80 38
64 48 58 67 7 29
49 68 6 54 28 42
62 20 14 3 61 74
25 50 34 22 26 37
45 47 46 35 27 63
32 9 82 16 53 18
69 73 31 23 59 79
78 43 70 44 36 65
33 1 76 12 81 77
71 40 15 60 41 80
38 21 52 56 51 11
75 5 19 24 30 2
10 8 66 39 13 57
55 17 29 4 72 54
50 63 36 68 82 23
64 81 59 27 44 49
60 76 61 46 32 69
31 43 16 20 58 45
7 33 75 26 15 80
42 21 74 1 19 48
38 24 79 41 6 22
53 2 40 78 28 57
30 52 73 39 18 12
13 65 35 37 55 56
3 25 72 70 71 8
62 34 11 47 66 77
51 14 5 67 17 9
4 22 31 10 75 68
15 69 29 53 63 20
39 6 21 74 46 50
2 48 33 60 44 16
42 65 52 27 7 38
28 71 18 34 37 1
51 13 30 59 80 78
23 55 77 45 14 25
5 66 58 76 49 10
11 9 64 73 72 35
54 57 41 26 32 70
8 47 40 36 4 61
81 24 17 62 82 3
19 12 56 79 67 43
27 33 78 22 23 21
20 76 44 55 34 30
15 38 53 14 74 13
72 59 41 68 16 42
5 26 73 29 61 6
63 45 2 81 11 4
12 35 28 51 75 36
65 57 31 9 71 47
19 82 10 25 48 32
18 77 46 49 7 17
54 39 79 58 40 24
37 67 64 80 3 69
60 70 1 62 52 8
66 50 53 43 56 73
47 55 20 2 21 12
82 14 4 59 65 28
15 57 68 61 25 49
71 29 24 23 46 51
34 58 75 3 6 13
52 74 44 37 31 41
80 66 35 63 18 48
5 43 32 77 8 27
11 39 69 70 33 19
36 10 54 7 16 81
72 40 62 76 67 38
30 60 79 9 42 50
56 78 26 1 64 45
58 80 22 17 44 53
