47 16 52 39 24 14
19 54 5 38 55 40
57 2 36 15 3 53
23 21 13 7 49 56
10 12 33 30 42 43
18 22 34 46 26 4
48 20 11 45 32 41
9 35 27 28 58 37
8 44 25 29 50 51
2 17 6 1 31 39
55 19 16 36 22 21
13 46 45 40 33 3
37 23 24 12 48 4
15 41 47 50 27 44
1 49 26 51 38 32
10 5 56 57 34 8
25 30 54 11 9 6
18 53 7 28 52 42
14 29 20 17 35 58
31 22 24 43 44 45
47 1 23 38 41 8 1 46
49 48 1 40 9 1 10 50
2 27 42 16 25 5
7 20 39 56 37 29
53 11 1 33 15 55
32 35 36 12 34 54
51 18 17 43 19 6
31 13 57 14 4 28
30 21 3 26 52 58
56 46 15 24 16 9
12 1 35 41 7 22
20 17 34 47 53 25
11 39 19 44 28 5
58 55 51 33 2 4
40 37 32 57 30 18
14 10 42 23 50 3
38 43 49 52 36 48
54 29 21 27 45 31
6 8 47 26 13 2
9 33 22 32 5 20
23 15 39 34 51 30
58 53 46 19 48 10
52 4 43 25 41 40
38 57 24 17 42 21
3 6 49 44 12 29
1 37 16 8 54 13
27 28 26 56 55 14
36 11 7 31 50 18
4 45 38 35 47 10
6 25 57 22 58 23
42 19 15 13 32 29
24 2 28 54 20 49
41 14 33 21 18 8
37 27 52 11 17 46
50 43 35 3 39 55
53 16 12 51 40 31
5 36 30 45 56 1
44 26 34 9 7 48
22 29 38 2 14 11
55 52 20 6 10 15
25 31 37 49 47 33
50 56 58 32 54 53
26 9 45 39 57 12
34 41 28 16 30 17
35 48 18 5 51 13
3 8 27 24 7 19
46 40 44 42 1 36
4 23 11 21 43 9
33 45 50 34 6 16
39 56 25 18 38 12
29 5 41 53 24 26
17 40 8 58 15 49
28 3 48 22 1 47
13 4 30 20 36 27
19 31 52 35 57 23
7 51 43 46 14 54
21 32 10 37 44 2
48 47 55 42 8 9
