22 8 62 28 51 2
3 7 59 13 16 30
56 6 18 23 50 35
46 49 47 33 5 9
57 53 24 60 21 58
34 12 27 41 55 11
17 64 37 38 36 4
40 1 20 42 10 39
54 63 19 29 15 44
14 48 52 32 26 45
61 12 31 7 43 25
55 33 24 2 3 22
1 27 21 38 13 50
35 34 30 4 44 8
51 23 10 60 48 57
32 29 49 25 37 6
39 53 41 56 16 63
64 61 58 17 52 46
47 14 9 15 28 59
62 31 45 40 36 54
5 11 43 42 18 26
19 7 27 20 35 60
8 46 55 37 32 21
23 4 25 63 50 59
54 17 12 39 9 48
56 52 58 47 29 10
43 36 22 44 5 53
3 57 19 49 45 34
2 14 13 41 42 61
62 1 18 64 15 33
31 26 6 30 24 38
16 40 28 51 20 11
45 25 5 60 8 39
50 49 12 61 22 46
34 42 63 52 18 37
33 58 2 48 6 7
28 29 26 41 4 3
53 43 15 27 32 40
16 1 36 19 24 47
59 56 30 21 54 20
13 11 62 35 57 17
10 38 44 14 55 23
64 9 3 63 31 51
48 2 29 46 43 1
58 15 50 20 26 36
4 37 40 5 41 7
62 61 60 44 6 34
13 23 22 52 31 39
27 24 11 9 25 56
38 59 42 12 45 33
51 55 32 35 47 54
53 64 30 14 28 19
18 21 16 10 17 49
8 41 43 23 9 57
34 20 5 29 38 31
22 63 35 59 58 40
26 37 1 53 61 51
3 50 48 47 42 62
25 60 17 30 2 15
16 54 52 6 8 14
18 46 28 27 44 57
10 13 32 24 12 36
21 39 4 11 19 33
7 49 64 45 56 55
6 47 41 43 17 20
9 27 60 29 22 16
57 52 12 5 30 1
21 35 25 36 14 3
39 46 63 7 62 38
26 34 2 40 56 64
55 19 4 58 31 18
45 54 13 37 10 28
15 48 61 59 11 8
24 51 42 49 53 23
44 33 17 50 32 56
25 55 26 57 62 16
30 39 14 43 58 37
6 5 10 27 59 64
8 47 53 12 18 13
19 51 50 52 41 38
42 21 7 15 22 34
11 46 23 1 3 54
36 28 48 63 60 49
33 40 35 24 61 29
2 20 44 4 45 9
32 57 42 31 64 16
50 10 52 11 7 53
37 60 15 12 3 56
36 59 29 18 39 51
9 19 6 55 13 40
22 44 41 1 25 48
49 35 38 54 2 43
31 33 8 26 17 27
58 23 5 28 34 32
20 4 24 46 62 14
61 63 45 47 30 21
