12 34 43 67 28 64
53 50 14 32 62 36
19 6 61 30 44 68
51 52 49 57 45 63
20 21 59 38 27 25
16 23 65 37 2 39
60 15 18 13 41 40
47 1 54 55 3 56
58 42 29 24 66 5
11 35 7 22 4 10
46 9 33 31 26 8
62 16 17 48 18 30
21 41 39 34 40 67
52 66 1 37 60 14
12 27 44 35 56 29
63 50 38 58 31 55
54 19 13 48 9 4
59 6 47 28 57 36
68 26 11 65 5 45
46 7 24 17 43 53
3 2 10 51 33 20
8 25 22 15 49 32
23 42 27 41 61 64
65 14 55 19 58 59
5 43 28 31 52 18
56 13 9 50 57 11
47 53 32 4 67 45
68 15 48 38 2 24
33 44 26 17 34 22
51 66 42 54 36 30
29 46 3 40 64 23
61 1 49 12 20 16
6 8 63 35 25 10
39 60 7 62 21 37
65 11 56 30 51 15
9 67 57 66 44 38
4 23 33 50 16 28
46 54 49 18 5 27
59 25 31 61 3 34
7 48 2 6 32 41
39 42 68 14 13 8
64 52 22 17 24 55
45 40 37 36 63 12
1 58 62 43 26 35
10 29 20 60 47 19
21 57 15 53 31 3
67 6 23 54 52 56
64 11 66 33 63 59
65 38 42 34 4 32
27 37 50 47 24 26
36 41 43 5 19 68
8 20 49 62 29 7
2 51 35 61 13 60
10 30 55 18 46 14
16 58 48 25 9 45
53 1 22 40 39 28
21 5 12 44 17 50
3 7 36 67 11 61
43 55 63 42 59 13
41 14 48 33 49 37
32 68 57 18 35 64
21 38 51 22 6 46
25 30 60 23 24 12
16 45 53 8 19 34
29 66 47 15 17 1
2 28 52 27 39 9
44 10 31 62 65 54
4 20 40 26 58 56
64 53 5 38 48 61
25 37 13 67 19 46
9 18 1 23 7 51
57 29 54 16 33 68
40 26 60 55 32 59
45 27 24 31 65 6
14 21 36 20 35 15
50 62 4 66 22 2
39 56 17 42 10 43
3 28 44 49 63 30
52 12 8 41 47 58
34 20 57 11 55 23
6 18 33 59 37 53
5 13 32 27 10 1
56 2 45 7 14 25
35 40 30 48 50 31
51 60 17 58 68 67
19 4 12 39 15 63
9 64 65 49 47 21
11 22 62 42 46 41
28 61 26 8 54 66
44 36 16 24 3 52
29 43 14 38 34 6
7 55 47 30 5 39
22 63 67 20 23 9
19 18 26 2 42 21
36 31 17 49 60 4
28 15 38 10 50 52
24 37 34 57 56 62
29 25 64 54 51 53
48 59 46 1 68 12
13 33 58 32 44 61
43 11 40 27 8 16
3 45 41 66 35 65
5 15 6 60 64 62
55 36 67 29 48 21
32 17 37 28 54 20
63 68 23 26 27 53
34 30 59 9 49 2
35 24 19 11 38 18
1 39 50 25 41 44
33 65 7 42 12 40
13 31 66 22 16 47
45 61 58 10 46 57
43 8 4 3 14 51
24 56 32 52 21 19
6 9 35 40 17 5
68 34 31 20 7 66
23 62 13 45 38 33
37 12 51 53 55 42
63 48 28 46 65 60
58 49 39 15 54 11
14 30 27 57 22 3
4 47 25 18 44 43
41 67 16 26 59 10
64 36 2 56 1 8
52 61 46 50 29 34
66 23 19 49 40 6
55 62 25 68 28 27
26 3 20 13 39 48
14 16 24 63 51 5
61 10 15 37 43 9
44 59 54 7 45 50
2 32 11 31 12 29
17 57 18 36 8 65
42 33 35 47 67 52
30 4 58 1 64 21
56 53 38 60 22 41
