36 45 2 21 23 47
58 3 15 6 48 12
65 1 64 41 66 32
9 16 69 38 17 7
26 57 56 34 43 51
5 11 22 33 55 44
28 19 31 18 54 20
30 39 53 4 13 67
50 10 46 63 29 52
61 49 62 40 59 35
68 60 42 8 37 14
24 12 27 25 36 70
4 55 45 26 44 28
34 17 16 67 46 51
66 48 30 23 61 63
39 8 52 14 38 5
64 10 57 3 69 37
56 29 32 7 54 27
11 2 58 43 62 68
49 9 25 15 65 20
47 33 18 53 60 35
13 40 70 1 59 22
42 50 24 41 21 31
19 56 48 46 6 39
27 1 69 58 49 20 1 8
5 1 25 66 4 62 37 1
52 10 55 36 9 1
18 2 59 38 42 29
15 51 14 33 45 61
19 21 11 47 41 26
65 43 6 22 30 34
3 63 60 54 17 13
53 12 28 40 24 32
7 67 68 44 50 57
23 31 64 35 70 16
43 20 41 55 46 59
63 66 21 6 9 38
45 65 8 53 40 3
37 47 1 34 54 58
28 49 48 2 50 68
57 24 19 16 52 14
62 26 7 30 70 61
32 35 39 42 11 15
27 36 18 44 13 69
56 31 22 17 25 29
23 60 51 10 5 4
41 64 67 12 38 33
50 34 70 14 19 3
40 44 9 42 46 47
21 61 55 18 58 56
59 25 26 60 39 28
17 62 23 37 33 6
2 4 16 22 10 15
64 35 69 43 63 24
12 31 65 7 51 5
54 68 66 20 13 53
67 57 49 48 32 45
30 8 36 1 29 11
6 52 4 61 41 27
34 63 14 21 12 44
10 40 38 15 31 13
32 2 42 20 3 26
9 47 24 23 22 68
69 56 33 16 30 50
35 27 1 60 46 57
65 18 11 17 67 52
49 70 39 66 37 51
28 59 36 8 58 7
29 53 62 55 19 64
5 45 54 43 48 25
61 1 6 31 2 67
17 20 40 57 30 21
70 69 23 11 56 28
55 51 3 47 68 27
58 26 33 65 24 13
54 35 4 59 50 12
45 22 19 8 66 42
29 43 60 52 15 53
9 14 41 48 37 36
44 34 25 38 64 49
32 5 18 46 16 63
39 7 20 10 62 47
1 68 17 19 15 12
58 14 40 66 26 29
42 61 53 57 25 69
30 5 3 24 59 41
9 8 32 70 18 43
46 36 34 31 39 4
10 23 67 49 55 54
52 44 35 21 37 56
7 6 50 64 11 45
63 65 33 27 28 2
51 38 48 62 22 60
13 42 43 16 49 12
56 67 5 40 36 66
4 21 17 68 64 70
24 44 61 39 65 54
46 22 38 50 53 58
26 11 16 20 1 48
37 60 2 31 55 30
15 41 62 57 8 63
27 33 59 45 34 10
3 23 25 18 7 52
14 32 13 69 47 6
51 28 35 29 9 19
11 57 54 22 4 65
70 42 63 58 67 55
50 27 43 39 23 40
33 52 30 68 32 31
13 19 46 2 64 61
41 35 17 28 14 10
66 15 7 24 18 34
5 29 21 69 1 49
45 12 60 62 56 9
53 26 37 16 3 36
8 6 44 25 51 20
48 47 65 70 38 59
1 4 43 33 7 42
64 58 30 5 57 9
3 21 22 67 28 62
20 24 37 63 45 56
12 68 10 6 18 26
54 69 40 51 52 2
14 53 31 27 49 11
29 16 41 25 39 47
55 13 34 35 48 8
36 32 50 60 61 17
44 15 46 59 66 23
38 27 37 19 20 5
