54 8 64 83 70 13
7 50 40 51 16 37
56 46 92 74 73 18
10 77 95 15 45 11
63 28 65 42 87 57
49 69 47 5 21 3
93 35 33 14 32 12
94 26 6 67 59 27
17 19 81 62 53 86
4 25 71 88 58 75
52 43 78 84 39 68
91 55 31 38 66 80
90 1 23 9 36 24
30 96 85 44 48 29
2 34 22 61 72 82
76 60 89 20 79 41
12 46 65 94 49 81
19 33 3 58 67 63
87 84 56 8 47 17
88 5 14 31 50 26
6 73 95 36 86 71
57 44 51 11 80 13
53 40 9 4 85 83
72 92 25 7 52 70
39 2 30 28 76 23
34 79 38 1 32 75
24 60 37 42 78 96
77 16 82 21 91 27
22 20 61 29 43 41
59 69 62 54 35 68
10 74 66 93 90 48
64 45 89 18 55 15
12 17 57 70 67 31
13 49 95 34 28 40
83 47 72 80 6 33
39 96 14 19 87 9
32 58 92 36 43 26
68 3 4 60 30 7
66 94 71 16 79 54
59 82 55 78 41 11
20 64 63 74 1 5
84 89 62 90 37 46
51 8 53 25 42 77
27 15 38 65 85 73
24 18 22 81 52 76
44 10 88 2 69 35
86 48 75 91 56 61
29 93 23 45 50 21
80 96 41 94 74 70
4 1 14 49 43 54
92 66 42 95 20 62
85 28 11 12 36 79
58 34 39 5 65 6
81 51 30 10 72 78
9 48 32 88 68 63
76 29 13 25 86 38
18 93 61 3 59 87
8 52 69 16 53 60
7 82 19 71 57 64
45 35 22 40 84 91
75 33 17 27 46 24
31 47 77 23 89 73
90 67 50 56 21 2
15 26 44 55 83 37
25 41 18 28 6 32
86 74 12 66 3 34
61 81 1 8 39 92
93 96 43 13 16 65
84 54 53 95 88 82
38 77 59 33 5 7
35 78 87 50 89 75
23 42 67 15 71 48
24 4 44 56 31 64
52 51 94 9 29 47
46 57 79 30 45 26
14 10 83 60 62 91
55 27 36 37 2 20
69 76 90 80 85 19
58 68 73 49 22 70
11 63 21 72 40 17
43 34 24 48 7 53
32 29 42 5 54 89
52 77 50 6 64 61
16 78 83 3 12 25
44 87 27 88 86 92
69 95 9 31 33 41
75 57 15 47 59 39
72 74 28 38 8 35
68 36 1 82 51 91
70 81 40 79 93 55
71 21 76 65 84 10
19 94 56 30 37 49
73 45 17 96 4 90
66 11 18 60 23 58
26 85 2 62 63 22
13 46 67 14 80 20
8 9 3 50 27 32
69 70 87 82 6 15
35 5 57 83 81 95
71 41 44 53 68 93
43 88 59 28 56 55
19 25 10 18 36 34
74 39 48 89 33 51
4 65 78 66 29 46
37 14 45 76 61 63
30 62 52 67 40 1
21 94 20 85 24 86
23 92 80 22 17 16
90 75 49 31 7 13
47 38 54 12 2 60
79 77 84 96 72 58
91 11 64 73 42 26
45 76 56 51 6 66
36 53 15 46 61 35
70 59 89 1 88 85
27 63 93 52 4 34
81 9 7 67 95 74
29 80 37 39 71 12
17 48 94 28 14 69
79 73 62 21 78 8
72 60 86 32 49 64
43 23 33 57 25 40
41 22 54 77 90 30
68 13 55 87 10 5
58 83 38 92 24 82
84 18 31 2 42 16
11 26 20 96 75 3
47 19 91 50 65 44
51 70 21 59 46 60
40 61 27 89 66 69
62 37 34 77 9 57
76 95 72 94 55 87
35 39 25 67 24 73
42 83 6 17 2 43
36 30 88 38 64 93
85 16 68 14 58 74
3 31 1 48 65 45
20 47 28 71 26 90
54 75 80 63 23 81
7 79 29 33 44 18
41 5 12 92 15 84
13 56 32 78 53 91
4 11 8 22 19 86
10 50 96 49 52 82
37 38 70 3 95 43
55 60 35 1 17 77
48 40 80 64 87 2
81 25 66 44 14 47
36 73 84 69 57 83
41 62 7 27 58 45
68 12 72 26 23 56
20 19 6 93 31 78
34 88 96 15 8 76
21 75 74 53 30 42
61 32 85 24 51 71
82 13 50 18 94 39
46 22 28 16 9 5
33 65 52 11 90 54
29 91 49 63 92 59
67 89 79 86 4 10
26 80 60 95 93 56
6 37 21 35 81 48
83 12 45 75 68 19
1 13 58 50 42 69
3 17 85 39 41 66
65 18 88 40 20 77
57 61 90 78 38 94
33 62 36 70 76 4
82 44 5 73 9 72
55 67 49 23 32 84
64 22 53 79 27 47
86 31 51 96 54 28
46 63 8 43 7 10
87 24 16 59 30 29
89 92 14 34 71 11
74 15 2 25 91 52
60 70 9 61 13 19
42 3 36 40 44 94
48 72 50 57 20 4
65 64 23 41 35 51
56 38 39 63 69 96
77 86 93 85 84 46
32 10 59 22 83 31
89 12 58 95 21 52
26 91 74 17 54 24
53 55 2 73 14 29
92 90 79 25 15 68
87 71 81 45 34 33
5 27 43 80 18 30
37 82 67 75 66 8
6 49 16 62 11 88
78 7 28 47 1 76
