22 39 63 44 5 9
53 76 45 69 47 32
15 51 67 78 20 52
18 54 35 11 70 50
38 25 58 43 2 59
49 26 61 30 23 14
19 60 6 16 46 34
72 41 73 79 10 4
68 3 57 55 62 33
21 28 29 37 48 17
75 66 77 8 71 7
12 64 56 1 42 31
13 80 74 36 24 27
65 35 23 40 60 32
67 38 44 53 11 26
69 22 50 14 79 25
46 68 51 41 45 28
48 34 18 66 10 33
42 55 17 75 76 59
16 5 27 15 36 8
71 19 2 70 3 61
52 13 72 74 12 49
63 1 40 43 24 54
47 80 21 62 9 31
39 78 29 30 56 77
73 65 64 58 7 37
4 28 6 20 57 27
60 50 1 66 51 1 42 53
11 1 14 12 32 46 1 75
44 8 17 3 40 69
26 15 19 33 43 47
2 23 36 67 72 79
35 38 24 21 78 73
9 48 45 1 30 71
34 13 4 63 58 29
61 55 52 56 7 22
18 16 41 64 74 39
31 59 70 68 20 5
37 25 6 76 62 77
80 54 10 65 49 57
69 1 78 60 72 75
42 24 58 48 36 47
45 55 12 38 29 4
52 8 30 17 46 53
3 41 23 34 59 22
77 14 63 20 21 16
50 6 67 80 65 56
71 9 10 76 35 43
18 61 68 27 15 73
31 74 40 19 66 7
54 32 33 64 25 51
2 37 57 5 26 13
44 39 62 28 49 79
70 17 34 45 11 80
22 48 20 12 16 53
59 4 8 35 14 47
58 27 77 1 52 41
25 54 3 9 73 42
5 76 51 74 29 65
36 43 55 64 50 49
40 30 13 6 21 18
46 39 72 31 61 66
57 67 71 60 63 15
7 10 44 68 78 2
56 32 26 62 28 70
75 79 11 33 19 24
23 69 16 38 37 42
3 53 14 80 43 5
41 50 58 12 76 21
29 31 25 49 18 60
46 44 20 73 47 74
72 2 63 6 45 64
22 68 33 35 67 17
27 66 71 23 56 54
34 26 55 24 77 69
78 9 61 11 8 28
79 32 1 13 59 15
57 70 48 7 51 38
10 75 52 40 37 39
36 62 65 4 30 19
64 20 72 29 3 35
18 44 12 24 71 23
17 41 5 43 6 66
28 73 14 76 34 1
26 69 25 63 27 68
16 67 9 55 70 79
40 62 75 50 53 48
74 22 30 57 56 10
33 52 42 21 4 2
54 77 38 36 61 60
8 32 19 39 58 80
59 37 49 78 7 46
65 11 15 45 31 13
47 18 3 51 63 75
24 64 14 10 67 70
62 73 43 52 29 16
4 40 9 77 68 74
42 50 8 32 6 38
30 49 69 2 66 35
53 79 78 45 27 65
7 1 39 21 51 26
54 60 31 28 58 22
15 80 55 25 48 46
20 36 37 41 71 11
5 57 47 61 12 34
59 33 56 72 44 76
13 17 73 23 19 50
10 77 21 32 3 67
26 74 45 8 60 58
66 16 24 4 25 68
63 49 78 70 42 41
51 79 43 30 31 34
9 53 37 56 18 72
7 15 62 17 12 54
80 64 28 5 75 23
29 33 71 14 46 40
47 65 2 55 22 1
19 35 36 52 57 44
6 61 11 59 69 48
13 27 76 39 38 20
56 21 68 49 34 8
67 5 7 25 45 18
50 28 30 16 15 3
51 12 60 73 2 80
58 23 1 10 46 62
11 40 42 14 72 22
35 63 32 37 74 55
48 4 76 19 78 54
29 57 24 69 31 41
43 75 70 61 13 44
79 47 38 71 17 64
6 53 59 39 33 36
66 65 20 9 52 26
27 50 46 77 51 11
