55 70 6 59 65 78
79 43 71 81 28 9
32 52 63 40 21 23
8 7 67 31 49 33
42 27 58 19 66 37
11 34 14 53 41 45
10 13 29 15 36 77
76 38 3 16 48 72
5 57 62 46 82 74
39 12 1 68 20 30
22 54 51 35 83 50
80 44 60 26 4 2
24 25 17 69 47 75
56 73 10 61 64 18
32 38 27 70 71 36
82 48 34 7 40 59
42 78 46 30 67 13
33 76 20 51 62 55
12 6 44 19 74 11
45 47 39 22 2 79
18 8 9 69 50 4
28 49 41 77 80 64
3 1 65 52 60 43
56 72 24 31 35 63
26 66 21 68 81 54
14 16 29 73 17 5
53 75 61 83 57 37
25 51 58 15 23 18
22 49 1 48 10 32 11 1
9 40 45 77 78 44
28 62 47 1 56 67
50 66 80 7 46 12
43 4 64 38 39 42
52 5 19 61 41 59
24 68 15 76 60 53
74 31 79 37 30 26
65 36 69 20 14 54
21 33 34 3 25 70
6 63 58 57 73 81
27 23 82 13 2 17
8 35 55 75 71 16
83 11 62 72 29 43
26 42 53 52 50 56
28 51 31 36 39 60
54 37 67 70 10 40
65 74 22 38 41 18
44 81 61 48 46 33
12 5 49 13 63 69
2 24 71 34 29 20
59 80 1 15 8 17
35 77 68 73 79 27
32 55 4 3 47 66
57 30 14 7 9 23
45 25 16 82 83 6
64 78 19 72 21 75
58 74 36 43 76 56
48 52 39 80 70 69
62 26 73 24 8 38
47 53 10 71 59 51
1 22 31 81 77 34
50 16 11 20 23 28
18 14 13 33 6 66
46 83 40 41 27 15
42 17 44 68 55 57
25 76 78 29 19 63
9 54 3 64 2 12
75 45 32 58 30 65
4 61 72 49 79 82
37 7 35 5 60 21
67 52 36 66 22 24
44 43 53 16 13 31
6 69 28 46 34 38
40 64 57 1 71 76
29 26 9 48 58 55
79 63 8 14 3 83
82 19 80 10 33 35
41 68 4 37 56 78
45 15 70 49 62 50
67 20 61 60 27 25
17 7 77 18 32 72
30 81 2 51 11 5
23 59 75 74 54 39
47 21 73 65 12 42
41 69 10 76 44 79
62 3 68 6 80 22
34 58 83 4 13 52
20 37 48 64 45 8
56 82 38 55 14 77
2 59 50 57 43 25
72 5 27 9 65 33
21 31 71 17 61 11
35 36 23 78 26 12
81 67 15 19 39 32
16 24 46 49 1 51
66 40 74 53 28 73
30 29 60 54 18 47
63 70 7 75 42 22
43 55 80 27 45 21
14 64 25 62 31 52
23 6 76 4 67 5
69 33 37 2 15 16
78 20 81 17 53 38
73 3 49 36 44 30
59 18 46 63 11 26
12 75 56 51 79 48
54 28 7 61 58 24
50 32 41 29 1 82
60 77 74 71 42 83
66 72 57 34 10 8
13 19 68 47 9 70
39 65 49 11 35 40
