49 57 5 31 23 33
48 19 2 43 35 4
30 37 34 16 40 11
14 59 62 45 17 42
60 22 26 47 61 25
28 55 41 24 53 13
38 21 10 8 51 50
3 44 1 12 6 54
32 46 39 58 7 20
9 56 63 52 18 36
41 27 29 57 48 15
34 19 28 31 14 8
53 50 23 44 4 47
37 16 2 5 26 10
49 7 17 35 52 3
59 32 9 15 39 29
21 11 45 1 55 12
54 63 38 60 25 56
61 51 24 20 46 40
6 22 18 27 62 42
13 36 43 58 30 33
52 4 16 45 3 39
14 57 63 47 48 9
5 40 44 10 32 19
59 49 31 22 37 25
55 33 26 6 38 46
41 7 53 61 2 21
60 8 43 36 17 24
42 56 34 1 28 20
11 35 29 54 27 23
62 18 30 50 58 15
12 49 13 51 4 7
46 24 33 59 53 3
22 20 39 21 44 17
61 52 57 34 38 1
31 50 11 36 26 32
48 23 40 54 15 56
16 55 8 12 58 27
37 5 29 18 63 28
43 45 10 35 41 47
6 60 42 13 30 19
2 62 51 9 14 25
8 57 44 16 61 59
17 48 4 33 38 32
34 47 43 21 56 37
39 54 41 28 6 30
7 42 46 5 9 36
11 25 2 3 20 18
58 22 23 1 63 19
40 31 35 55 29 62
26 24 50 49 14 27
10 12 15 52 13 60
53 45 56 51 30 5
23 28 25 32 16 43
33 3 7 40 8 22
18 21 41 46 62 35
37 12 24 50 19 57
14 11 38 53 39 6
51 1 31 27 60 47
17 34 9 44 54 55
10 63 61 4 15 49
2 26 58 29 42 52
59 36 45 20 13 48
28 27 3 7 21 19
39 12 35 5 47 24
17 33 18 10 1 14
58 41 44 26 56 49
42 37 13 32 23 61
11 43 54 62 16 57
15 36 6 34 4 22
20 31 45 38 9 50
29 25 30 46 8 52
48 60 59 40 2 55
57 53 51 63 35 17
19 42 33 41 11 56
24 58 4 22 5 54
13 46 14 31 44 16
36 29 20 47 6 49
9 40 1 43 53 26
32 18 48 12 34 21
27 51 55 52 39 37
28 61 60 62 50 3
7 10 30 63 25 59
15 2 23 45 38 8
42 9 4 24 21 40
56 36 12 41 17 14
20 32 57 55 58 60
47 18 31 3 30 61
11 33 15 44 51 28
38 43 5 22 59 27
50 1 16 7 35 48
63 13 26 62 8 39
25 34 10 19 29 53
49 54 37 45 46 2
23 52 21 6 24 31
1 22 32 16 41 51
36 47 58 38 28 40
4 3 55 43 29 14
19 26 18 45 57 7
54 20 62 33 52 53
25 5 35 13 15 34
56 61 46 27 10 11
8 37 48 39 44 42
63 50 6 2 59 17
30 60 12 23 49 9
35 14 53 32 31 58
61 45 27 25 33 36
48 10 52 57 28 22
50 55 21 56 5 16
4 41 8 60 11 20
3 34 51 26 59 23
46 15 63 42 43 12
30 24 44 29 2 1
19 40 62 39 49 38
17 47 54 18 7 13
9 6 3 37 10 58
35 20 59 26 12 28
44 27 32 30 45 63
40 14 52 23 41 5
25 31 7 24 48 11
51 43 6 8 54 61
56 13 50 29 9 22
15 19 47 55 17 46
4 62 36 57 1 37
33 39 21 2 60 34
53 16 38 18 42 49
