86 83 46 70 1 16
3 76 49 6 17 61
42 23 34 2 79 7
37 18 14 62 12 73
72 54 44 87 58 26
25 88 64 22 21 8
84 65 31 36 63 96
50 74 19 91 69 4
85 9 40 77 92 52
27 35 24 81 47 48
32 33 53 20 43 78
59 30 10 13 75 98
66 45 41 97 82 94
39 57 95 71 89 38
55 11 60 80 68 29
28 51 5 93 90 15
67 46 4 85 56 23
50 64 72 76 36 77
3 88 78 2 96 44
87 83 12 61 62 33
16 47 94 40 6 26
63 39 86 97 57 19
8 18 58 31 68 27
82 90 52 95 1 17
21 38 92 32 13 51
59 7 91 5 84 41
45 11 71 74 73 24
56 34 75 28 29 37
14 20 10 48 55 70
54 42 15 22 60 43
65 81 79 93 67 98
49 69 30 9 53 80
51 35 66 25 89 16
23 59 78 18 95 6
68 24 52 62 46 50
1 7 37 4 31 40
10 61 21 92 29 5
57 36 27 45 54 33
19 22 75 77 55 71
60 17 72 91 30 38
96 67 25 82 26 53
85 94 90 15 98 48
13 66 34 49 93 43
47 74 32 44 8 76
65 35 86 84 64 28
39 87 70 80 41 2
12 79 20 69 88 63
11 3 42 81 9 14
89 56 58 83 73 97
30 27 52 94 31 55
62 36 6 48 4 60
71 33 34 21 91 67
8 23 75 90 92 35
65 87 47 59 19 51
77 44 25 57 68 61
11 86 22 3 20 82
78 98 49 46 73 84
81 50 58 29 66 2
43 14 63 56 72 1
80 88 13 40 45 5
83 39 37 15 79 17
9 28 54 18 41 24
96 16 76 7 10 38
26 32 95 42 85 69
53 70 74 12 93 89
55 81 97 64 33 59
44 84 14 67 30 66
75 27 82 40 63 73
43 6 91 86 25 87
83 5 18 50 22 94
71 56 80 51 48 61
4 52 39 10 54 3
76 13 20 1 28 57
29 90 31 79 24 64
96 41 89 34 69 47
92 53 98 19 72 11
97 7 70 78 77 60
88 85 74 58 65 38
9 15 26 12 95 8
36 35 2 37 32 46
68 21 62 45 23 49
20 93 17 42 16 75
90 67 22 87 89 13
39 64 44 98 91 56
70 51 69 29 27 3
79 94 58 53 10 1
52 81 78 80 8 57
24 12 59 36 25 85
38 73 23 19 43 47
15 6 97 35 34 50
83 48 77 49 28 88
31 62 74 66 95 86
30 14 93 41 4 68
60 84 9 33 37 21
17 2 92 26 71 7
82 18 55 46 76 65
63 5 11 54 32 16
61 40 96 72 45 42
35 29 53 73 85 44
25 97 23 74 52 20
34 81 36 95 30 83
4 59 90 43 80 77
69 48 19 58 64 2
41 15 21 76 75 62
91 26 8 28 46 89
98 5 42 47 82 71
3 37 68 63 66 92
18 87 84 17 10 40
31 51 12 72 78 22
57 54 13 7 6 56
94 60 86 24 14 49
55 96 93 32 9 39
27 65 88 1 61 11
79 38 67 70 50 45
16 44 28 92 33 69
77 98 29 18 89 63
85 2 20 84 68 72
51 43 62 10 82 81
12 49 97 47 91 90
42 31 46 39 59 6
95 37 93 88 19 54
41 27 79 60 13 25
56 26 24 5 78 30
66 4 87 75 9 11
64 80 94 34 38 3
52 32 65 7 83 45
61 16 8 14 53 50
73 55 1 67 36 15
17 22 96 48 74 33
58 40 57 21 70 35
71 76 30 54 86 23
87 42 41 27 49 37
47 56 92 79 18 62
29 97 84 26 13 4
6 8 45 20 51 77
94 67 28 11 12 39
33 50 82 89 7 85
38 25 9 1 48 5
22 70 66 61 52 59
35 60 93 69 31 76
98 43 36 2 75 74
16 71 83 68 78 64
63 17 19 44 21 81
24 57 53 88 34 55
72 90 73 86 10 32
96 46 80 58 14 95
91 23 40 65 15 3
26 66 69 56 22 39
70 11 18 97 85 30
64 37 61 20 47 67
89 5 36 44 49 79
82 24 84 92 93 83
78 45 63 25 34 76
68 28 10 88 42 6
13 58 35 55 62 91
14 2 54 21 65 90
75 40 46 53 38 81
15 77 31 32 71 87
7 41 72 8 3 19
4 86 80 17 98 27
9 59 73 57 94 74
51 60 1 23 50 96
48 16 43 52 12 29
95 47 68 33 39 13
38 69 54 78 61 82
90 44 36 34 20 18
53 3 62 28 97 71
37 80 89 24 72 65
2 10 91 31 83 9
81 25 56 84 70 32
5 19 12 6 96 66
49 26 55 74 63 51
93 21 7 43 94 27
64 1 45 60 75 85
29 8 59 40 86 67
33 77 16 23 58 41
98 52 14 35 87 88
73 95 79 22 76 4
50 92 48 30 42 57
46 17 47 11 15 25
74 61 7 90 39 81
89 20 64 27 62 9
75 91 70 94 96 68
38 2 33 8 24 63
13 71 43 37 44 65
6 1 32 41 29 22
93 26 48 45 86 18
54 40 98 66 55 83
19 78 85 14 79 28
67 97 10 69 80 36
72 4 88 59 82 15
30 3 21 46 77 12
95 49 50 35 11 56
76 84 42 52 58 51
73 60 34 16 92 87
23 57 31 5 53 17
