38 95 60 31 61 18
75 35 68 37 8 36
90 58 63 65 41 91
12 79 71 47 81 15
87 62 45 23 74 89
25 44 7 29 28 30
13 72 70 56 40 42
14 83 53 73 77 24
50 48 32 19 88 6
11 1 43 78 16 46
94 51 85 80 33 57
3 54 49 86 76 55
22 64 82 92 9 69
93 20 39 52 66 4
2 5 26 17 21 10
34 59 84 67 27 58
81 75 19 44 65 13
35 91 32 12 7 74
73 29 43 48 71 85
36 30 95 14 70 86
40 94 78 22 62 37
42 23 90 77 80 9
47 24 41 52 17 25
89 67 57 92 53 66
34 11 31 68 79 72
49 87 84 6 10 64
61 28 69 20 5 55
3 27 88 45 38 1
51 8 76 59 39 21
2 50 16 93 63 60
83 82 15 56 26 54
46 18 37 33 4 67
80 29 1 40 53 65 17
24 43 74 66 95 75
19 14 20 91 78 79
5 52 62 57 70 35
13 36 27 55 90 39
69 47 30 31 42 50
85 86 77 59 93 61
94 63 44 72 15 1
21 34 60 45 81 6
10 73 33 7 38 82
71 23 76 26 92 25
68 89 9 56 32 49
48 46 12 84 2 3
88 51 4 54 64 41
8 22 58 18 16 83
28 57 15 87 11 86
31 35 6 67 94 43
37 29 34 39 91 95
45 33 24 71 93 19
50 76 56 61 78 65
75 55 80 63 46 14
7 40 26 64 3 66
90 73 70 18 49 92
28 54 2 13 85 22
5 9 44 4 11 8
81 58 89 30 10 20
83 1 62 36 42 12
79 17 27 51 82 16
41 60 68 48 74 77
88 59 53 69 87 52
72 84 38 21 47 23
63 25 66 32 85 70
15 92 37 55 7 2
4 86 10 35 50 45
76 80 13 1 24 5
62 58 11 95 51 73
77 17 3 43 19 18
74 56 67 71 22 90
91 36 31 84 88 81
40 49 79 59 44 23
65 25 83 60 20 87
6 93 54 89 69 72
9 39 41 30 46 53
64 33 78 68 28 52
82 14 8 47 57 34
16 75 38 26 32 29
21 27 61 42 48 94
12 40 77 76 31 63
65 67 24 62 49 88
58 7 36 54 87 50
17 6 59 11 13 91
44 60 10 70 71 51
85 41 14 3 15 35
66 19 28 9 37 47
8 84 29 61 89 33
16 52 92 74 34 80
26 45 72 20 90 46
43 64 93 32 83 81
69 12 95 25 68 21
53 18 82 23 94 5
4 56 57 27 73 75
55 22 48 1 30 79
86 2 78 38 39 42
63 3 92 24 6 36
70 89 17 76 34 28
54 37 71 14 16 65
46 68 47 10 88 85
35 80 81 72 66 59
19 4 94 29 90 83
33 30 87 5 12 56
95 53 48 15 13 93
49 42 11 60 75 7
52 50 91 82 43 40
27 18 86 41 69 62
32 55 51 78 45 84
20 1 67 23 2 8
39 61 73 44 26 22
25 77 64 79 38 58
74 21 9 57 31 29
