29 47 4 6 48 41
45 51 12 44 2 37
3 7 16 39 17 1
28 40 9 38 50 53
11 25 43 10 24 35
18 31 22 5 27 46
23 32 42 15 34 33
52 36 54 21 30 20
49 14 8 26 13 19
45 38 9 7 35 48
2 43 27 1 25 6
16 47 17 22 15 24
44 39 23 11 50 30
36 31 32 53 8 26
41 10 37 42 40 52
29 5 13 3 21 19
33 4 46 54 12 14
34 49 28 20 51 18
15 50 1 24 45 31
23 27 7 8 41 36
21 22 44 48 53 3
12 32 19 47 52 11
2 42 39 4 38 49
35 18 25 29 54 40
20 17 28 13 37 33
51 26 6 10 46 30
14 16 43 9 34 5
24 8 21 12 41 39
53 2 52 18 42 7
19 44 15 54 28 27
17 11 35 4 36 51
38 33 3 25 30 31
22 37 29 43 9 26
14 5 10 50 20 47
46 1 48 32 13 34
45 6 49 40 23 16
41 15 18 39 11 38
31 54 2 9 17 29
37 26 50 27 35 21
5 52 8 33 1 51
19 42 24 6 3 20
23 45 34 22 4 10
13 46 47 53 16 25
48 49 12 28 36 43
7 30 44 40 14 32
50 33 41 18 19 2
34 3 26 11 54 45
46 20 38 21 23 17
8 48 4 25 37 15
13 43 40 31 39 51
7 24 53 30 49 5
42 29 36 47 1 44
35 22 6 14 28 52
27 10 12 32 9 16
26 2 40 48 20 23
17 7 25 34 19 50
30 18 47 43 8 45
51 46 14 36 3 15
10 53 33 27 29 39
37 6 54 32 38 5
16 21 11 28 31 42
24 9 4 52 44 13
1 12 22 49 35 41
