7 3 16 22 28 2
25 17 18 15 14 30
12 33 26 9 6 13
32 21 10 5 29 27
31 19 8 11 23 1
24 4 17 20 27 25
2 9 10 19 1 14
21 16 12 11 7 8
22 6 23 29 30 4
20 3 15 26 32 13
18 5 31 28 33 24
22 10 16 1 8 21 1 25
5 33 1 13 17 2 23
19 28 32 6 30 12
7 18 20 3 1 29
27 11 4 15 31 9
24 32 14 26 23 16
13 7 29 4 25 19
12 17 22 24 5 11
9 18 3 10 31 6
28 20 30 2 14 21
27 15 26 33 8 1
16 11 32 13 10 18
6 24 27 2 15 7
1 12 5 4 3 14
9 23 33 29 22 20
28 31 21 17 26 19
30 25 5 8 16 9
23 10 20 12 15 28
25 26 22 19 18 27
14 13 31 21 7 6
33 29 11 30 24 3
1 4 2 32 8 17
6 19 15 16 20 5
1 9 32 21 22 24
17 30 33 10 26 7
25 2 29 31 12 11
14 27 8 3 13 28
23 21 4 18 16 33
