51 55 4 27 49 9
39 47 15 52 13 17
10 57 6 34 50 11
40 56 18 37 33 8
25 35 28 21 22 45
14 32 38 59 53 20
12 36 46 30 54 5
42 19 24 16 2 26
58 29 48 43 31 44
1 11 3 7 23 41
49 45 37 39 34 32
9 5 57 38 18 52
36 53 25 42 6 27
8 46 16 22 48 55
28 58 12 1 20 23
43 17 30 40 10 19
26 3 35 15 44 59
54 50 13 56 4 2
33 51 7 31 21 14
47 34 41 24 29 25
6 1 52 9 16 43 1
45 11 42 48 37 17
13 19 28 53 8 44
21 58 30 18 27 59
39 26 56 5 41 51
23 31 40 2 55 15
24 35 33 20 49 36
38 47 10 46 4 3
22 7 54 32 57 29
14 12 45 50 41 44
34 25 16 13 30 56
2 20 39 9 8 21
49 43 11 26 46 28
31 59 1 57 24 4
55 6 14 47 54 18
48 7 38 27 15 19
36 22 51 37 3 58
23 29 10 52 53 33
40 5 42 35 32 50
17 8 31 12 26 34
59 9 48 28 41 54
3 20 56 19 45 55
10 18 22 24 36 15
29 1 42 30 39 14
4 13 37 5 7 43
58 25 17 50 33 38
21 16 49 47 57 40
32 44 23 6 51 46
27 52 12 11 2 35
53 30 7 45 9 24
55 38 36 1 13 26
49 56 5 10 14 58
8 59 47 23 42 43
41 27 20 57 22 31
35 18 53 51 48 34
4 15 32 33 16 12
6 3 2 17 28 29
44 39 11 54 40 25
19 37 50 46 21 52
26 14 57 30 23 48
33 5 27 45 1 47
41 6 8 15 35 58
54 43 53 3 17 49
29 40 46 20 51 13
7 50 16 18 28 39
25 37 2 59 10 55
44 34 22 4 42 52
19 32 31 11 9 36
12 24 21 56 38 6
