18 28 58 29 35 5
4 10 45 84 23 22
56 49 68 9 66 51
24 57 37 73 76 71
54 46 8 39 21 75
44 50 87 72 14 15
94 91 93 77 12 27
38 86 85 47 36 52
40 65 6 61 62 48
13 3 79 34 55 88
53 69 16 43 63 74
32 80 20 59 42 31
67 81 7 25 70 64
11 82 78 89 60 30
1 92 26 2 19 41
83 33 77 17 90 50
45 24 38 29 44 93
65 66 79 39 12 87
91 54 5 37 74 86
80 40 85 75 43 27
64 9 57 28 8 15
78 59 35 68 52 3
10 13 60 16 21 92
41 22 69 32 46 61
53 7 19 17 18 49
20 89 83 56 4 25
81 34 76 1 51 6
70 63 30 94 84 31
73 82 2 48 58 88
42 71 36 90 67 23
33 11 26 47 14 55
27 41 62 72 10 28
24 53 3 85 8 92
80 38 77 87 74 19
89 79 51 22 93 18
35 46 66 30 16 81
57 1 54 48 32 60
75 9 50 5 70 71
59 56 37 15 11 61
36 12 49 58 72 13
25 47 88 44 84 42
40 76 63 26 78 23
55 31 86 83 67 2
14 69 17 4 34 29
52 39 20 33 91 62
21 94 90 7 73 65
6 64 43 68 82 45
38 15 27 92 54 79
74 49 30 85 44 41
46 48 80 10 18 36
28 86 13 11 50 40
8 72 77 47 70 4
37 12 22 34 31 33
16 23 7 73 39 55
93 67 32 3 56 82
57 88 51 63 83 14
60 53 2 65 35 64
62 75 66 59 1 24
84 43 17 21 5 89
61 42 29 76 52 87
69 25 90 26 6 9
58 78 45 91 71 81
23 94 19 68 20 13
77 32 73 63 18 85
3 15 12 40 2 46
30 92 48 22 67 59
24 14 56 36 7 35
4 62 86 44 76 80
54 28 25 49 34 61
50 37 42 82 51 38
21 93 33 19 78 69
8 17 81 94 10 55
31 5 39 6 41 53
79 60 43 90 47 58
91 89 75 29 57 72
74 68 1 27 83 65
26 87 71 20 64 84
45 16 9 88 52 11
70 61 78 66 2 14
32 23 21 35 38 25
81 53 13 22 77 62
86 92 56 42 63 46
33 54 58 89 94 80
10 6 47 12 29 67
64 55 48 69 85 37
9 36 83 19 59 43
27 90 5 88 24 20
8 7 34 30 45 40
1 93 11 71 39 72
82 79 44 91 26 66
87 3 73 51 31 28
49 16 57 65 50 4
15 17 70 76 68 41
52 18 74 60 84 75
83 13 47 78 24 32
6 19 63 42 35 54
80 29 39 2 22 9
93 85 59 58 25 10
46 88 89 62 87 67
55 40 72 82 21 53
14 5 76 77 64 49
16 44 70 3 37 1
66 27 18 86 45 57
41 73 84 50 56 91
60 26 28 7 4 12
15 65 69 20 81 36
31 48 90 11 38 8
61 75 68 79 30 33
52 71 34 92 43 94
23 51 64 74 17 46
5 62 2 85 45 42
19 40 10 70 87 24
76 47 91 7 9 3
78 77 29 25 36 16
63 4 21 37 58 67
55 60 22 38 49 20
43 68 31 57 81 93
35 83 84 92 80 82
66 15 34 48 89 53
86 65 32 71 88 17
56 30 1 90 28 52
12 44 11 75 69 73
51 27 26 13 61 39
18 8 59 41 33 23
50 6 14 79 74 94
72 20 7 54 85 78
81 3 21 49 48 83
71 19 82 62 25 15
35 55 4 43 1 91
84 2 76 36 32 28
17 61 63 93 80 60
67 66 52 69 77 40
88 74 10 31 26 56
12 50 24 64 30 54
87 37 47 45 75 94
5 59 72 46 79 73
23 58 92 57 11 6
9 41 38 13 65 89
51 29 33 53 86 70
42 22 8 14 27 16
39 68 44 34 90 18
