31 41 32 34 25 9
20 40 36 18 12 8
22 7 24 2 16 15
1 11 19 4 10 38
21 27 33 39 37 13
23 6 26 35 42 5
17 29 14 28 30 3
32 12 11 27 8 16
42 9 39 4 18 7
38 34 22 33 24 30
19 25 40 13 14 36
10 5 6 26 28 31
21 41 15 2 17 1
29 20 3 37 35 23
24 5 27 36 19 9
30 25 16 15 4 26
6 41 29 40 7 33
1 22 14 32 23 18
17 28 37 39 11 8
42 10 12 3 21 31
34 13 2 38 35 20
30 23 19 11 17 25
7 36 37 4 32 1
26 8 14 31 27 38
21 39 20 9 15 5
2 40 3 22 33 10
16 6 13 29 18 34
24 35 12 41 28 42
9 4 21 3 22 8
14 2 32 17 39 6
16 18 10 41 37 30
7 26 25 20 19 12
5 40 34 11 38 42
28 36 15 13 33 23
35 27 29 24 31 1
37 42 8 19 6 2
40 21 28 34 30 7
10 31 17 36 16 35
23 24 38 25 39 18
12 1 26 9 14 33
13 20 11 41 4 22
15 3 27 5 29 32
38 9 16 6 36 21
11 24 10 14 20 7
18 33 28 32 19 35
15 37 22 42 31 40
23 4 17 27 12 34
8 2 5 25 1 29
30 26 39 13 3 41
37 38 6 12 15 23
33 31 4 20 17 24
8 34 41 5 14 30
35 7 28 27 22 25
19 3 39 16 1 40
29 13 42 10 32 9
36 26 18 21 2 11
33 15 35 14 16 4
1 30 27 6 42 20
18 5 13 12 7 17
39 34 36 22 29 19
31 9 2 28 11 23
40 8 32 26 21 24
25 38 41 3 10 37

