4 39 34 55 44 62
5 38 57 48 18 54
46 51 6 12 56 43
45 15 60 20 27 13
47 28 10 40 52 8
25 31 22 33 17 7
50 30 21 23 35 3
53 24 26 61 19 59
36 32 11 37 16 1
14 9 42 29 2 41
57 58 7 49 40 46
13 8 25 35 5 56
53 12 28 50 22 60
26 54 4 31 43 30
18 21 41 36 61 33
1 19 45 55 58 10
29 24 52 23 34 37
6 15 16 39 9 49
62 59 47 38 42 20
32 51 17 14 3 44
27 10 2 35 48 11
23 1 8 36 43 57 1 45
13 1 33 46 19 1 28 39
9 7 20 18 1 4
16 17 52 21 60 58
6 55 50 54 41 24
49 47 26 2 44 5
15 31 38 51 22 29
59 3 11 12 14 25
61 34 27 30 42 32
56 40 48 53 62 37
19 60 35 47 41 7
22 6 21 18 26 8
28 46 23 20 11 17
13 43 3 38 1 49
40 62 34 16 45 5
59 2 31 32 37 55
12 27 54 33 29 58
52 30 9 25 48 44
39 53 36 10 42 51
4 56 57 61 15 50
24 31 18 13 16 14
41 23 40 27 59 22
19 54 17 62 2 8
3 60 48 42 46 55
58 4 38 28 36 35
9 43 15 5 11 53
33 49 51 45 24 30
21 37 14 7 12 39
57 1 6 34 25 47
26 20 32 52 50 56
44 61 16 10 46 29
11 41 19 30 40 38
24 7 62 2 3 28
5 14 33 4 6 23
58 25 18 43 39 32
55 45 61 52 22 12
42 21 44 54 13 15
60 10 57 37 26 9
31 20 49 34 35 53
48 50 1 8 51 59
56 29 27 17 47 36
58 13 61 11 62 6
46 25 2 21 4 45
3 52 39 41 57 31
8 53 16 7 38 23
27 18 37 50 49 19
48 32 12 15 47 24
44 36 43 60 33 59
17 35 42 1 26 40
22 10 56 54 34 14
29 55 5 28 20 30
51 23 13 9 57 19
