7 1 61 17 2 37
41 5 11 64 63 48
51 12 29 62 32 40
35 18 21 33 28 10
66 8 4 20 27 24
68 56 23 16 6 25
47 57 69 44 45 58
52 22 15 14 54 46
38 36 26 49 55 42
13 34 31 59 43 39
53 50 67 9 65 19
3 60 16 30 12 17
62 5 21 8 68 44
54 23 4 38 58 64
46 15 7 34 18 11
13 39 50 56 40 52
31 22 49 20 19 28
63 35 45 42 51 60
48 27 37 67 10 57
43 61 30 29 65 33
36 47 2 6 66 9
1 24 41 26 55 59
69 14 3 25 32 53
35 31 57 15 68 62
63 67 46 43 56 38
18 12 9 61 48 49
33 13 27 45 5 54
52 64 16 53 26 47
32 19 14 65 36 59
60 11 66 69 29 28
6 41 8 17 4 3
44 24 50 30 7 22
37 40 55 21 34 23
39 1 51 10 25 42
58 20 36 43 16 2
48 46 33 8 47 62
22 29 68 3 45 13
59 50 4 37 63 18
27 38 11 40 35 53
61 58 10 6 60 15
25 28 17 57 24 52
12 19 67 55 2 1
56 20 26 54 51 44
9 14 30 31 23 41
65 21 42 69 64 34
5 39 49 7 66 32
48 2 60 52 27 68
19 43 44 11 3 15
59 53 37 45 8 30
12 24 35 14 21 47
54 42 63 66 61 23
32 56 57 64 1 18
10 17 34 38 20 29
65 55 62 39 4 28
40 25 5 9 46 26
67 7 51 36 6 13
33 16 31 22 41 69
1 49 58 50 3 34
30 64 55 15 48 20
32 68 38 61 37 24
28 53 36 23 13 12
2 44 56 35 4 33
11 54 39 8 9 57
62 60 45 25 49 43
10 65 22 40 47 7
42 52 29 41 18 67
66 21 17 58 46 59
5 16 69 14 51 50
27 6 63 31 26 19
68 30 40 47 49 54
23 67 3 18 62 24
64 44 39 36 37 46
56 59 5 22 38 60
4 32 15 16 9 45
53 21 6 29 57 1
2 34 63 28 8 14
19 7 25 33 42 58
52 69 43 61 55 27
13 17 48 26 65 35
51 10 66 50 31 11
20 41 68 53 39 12
29 15 56 24 36 5
9 62 27 42 59 64
54 28 16 48 44 1
14 17 6 11 45 55
46 10 13 19 69 30
34 61 47 67 25 4
49 38 65 57 41 51
50 26 23 2 33 32
7 52 20 21 3 63
60 58 8 18 31 40
37 66 12 43 35 22
24 14 38 39 6 48
41 19 10 34 62 54
55 44 25 63 13 32
1 45 65 5 52 31
15 40 64 67 33 66
57 46 20 50 60 61
47 18 43 51 53 17
36 11 22 4 30 21
26 69 8 12 68 7
49 59 29 16 23 35
28 37 9 58 27 56
3 57 40 2 42 5
20 11 61 13 62 1
68 33 36 17 63 65
45 38 18 16 66 19
4 64 7 60 29 14
24 49 2 69 54 53
59 9 52 44 10 12
8 48 34 23 22 51
58 67 35 26 30 39
42 28 6 46 43 32
55 3 47 37 31 56
21 50 25 27 15 41
