46 83 33 47 52 87
49 36 82 18 43 73
69 97 28 64 80 7
74 25 21 16 65 15
90 67 53 6 92 3
71 38 35 14 29 61
13 75 11 50 1 62
59 66 72 51 27 12
8 20 88 86 23 26
84 79 56 22 81 95
48 77 5 89 17 76
37 42 96 9 58 24
2 85 30 45 44 10
57 94 91 32 34 39
78 60 4 31 41 54
93 63 68 19 40 70
74 12 52 23 3 55
46 82 90 8 62 69
38 11 59 84 87 77
96 22 47 72 65 73
21 85 75 30 71 27
64 88 33 36 67 66
79 31 34 61 58 18
20 57 92 29 37 60
13 48 55 80 93 4
50 44 68 17 14 49
76 78 42 45 86 43
28 15 1 40 24 5
56 7 19 32 35 6
63 9 91 16 10 97
51 41 70 95 89 2
53 26 25 54 94 83
39 96 74 66 81 38
21 88 1 61 20 69 93
65 62 77 45 68 57
71 43 8 12 84 31
47 50 23 85 28 29
6 60 52 75 48 22
37 18 72 97 11 40
54 92 24 33 2 56
73 58 16 14 67 76
5 70 13 7 90 30
63 80 27 87 82 41
53 32 64 4 51 49
35 91 17 83 86 81
94 36 3 44 9 89
34 10 1 25 78 46
39 59 26 79 55 15
19 95 29 33 42 18
38 30 22 16 24 62
76 69 27 56 96 60
2 47 12 14 13 64
85 17 58 90 93 88
66 63 52 31 92 86
10 70 67 48 21 11
89 35 65 78 8 59
95 45 32 5 26 71
41 49 75 97 94 74
79 91 40 36 20 25
87 43 6 37 68 51
73 7 55 34 77 53
83 82 1 72 39 44
50 61 15 80 54 42
23 46 4 9 84 57
3 19 31 28 81 16
22 86 90 32 29 67
65 94 13 60 63 17
88 12 95 68 38 48
24 21 66 6 18 91
72 71 2 69 87 25
73 92 50 64 83 74
43 20 39 10 75 47
77 28 49 42 79 46
57 30 58 55 19 8
44 78 15 53 56 37
7 59 40 52 76 61
36 80 34 62 85 51
26 3 70 14 27 4
23 89 93 96 82 54
84 97 33 1 35 45
9 5 81 41 43 11
55 38 65 2 6 83
18 74 28 88 60 32
63 75 56 58 25 64
15 77 94 51 47 71
90 14 48 42 57 31
37 22 27 13 23 19
96 35 67 20 62 49
70 52 78 91 44 84
50 97 21 82 76 26
10 72 5 3 33 80
59 4 30 69 17 34
24 89 29 11 39 7
9 54 79 8 73 66
40 81 45 12 46 92
53 86 41 85 61 68
87 16 93 95 1 36
94 31 62 70 64 6
83 51 42 22 5 63
18 57 3 75 69 35
4 88 2 29 97 77
74 55 44 47 76 90
24 49 45 25 59 23
48 37 39 71 54 86
80 11 96 46 91 95
32 13 41 38 21 40
87 50 19 66 20 53
30 93 79 12 65 33
36 68 84 15 27 10
52 26 89 56 73 28
7 16 43 92 72 58
81 85 14 1 60 8
17 61 82 67 9 78
35 63 47 34 95 37
59 75 54 5 19 46
4 66 94 11 90 45
21 84 64 3 39 42
93 51 38 86 56 57
69 33 58 70 50 22
76 29 91 72 53 13
1 18 92 68 55 9
30 32 61 81 36 89
16 71 60 23 40 44
82 34 14 15 88 52
67 24 12 77 26 85
31 87 10 49 7 65
6 41 8 28 25 96
43 80 17 74 2 79
78 27 83 97 48 62
73 33 81 20 51 13
47 53 9 60 21 59
39 29 5 52 16 69
92 42 30 35 23 94
19 89 85 15 4 38
54 72 36 55 28 70
25 18 12 80 22 76
97 14 46 93 32 43
62 37 84 26 66 17
61 44 6 88 73 11
86 74 10 77 95 82
79 64 87 57 96 78
65 1 20 58 41 71
34 90 68 75 83 24
27 67 7 45 91 50
2 3 48 49 8 63
56 40 80 30 47 31
38 36 97 42 52 53
62 10 81 29 59 18
76 95 57 54 6 85
11 71 22 93 74 78
26 64 9 19 72 34
27 46 86 94 73 24
88 45 83 41 79 3
44 7 20 12 4 63
68 96 23 5 2 21
28 84 51 65 14 75
60 77 43 25 50 90
40 66 35 82 58 48
17 15 32 92 70 87
89 31 69 91 1 37
33 49 16 61 56 55
13 8 95 67 39 97
11 3 20 68 30 76
18 64 54 27 52 65
90 23 80 78 38 73
62 47 86 4 5 79
81 57 72 63 24 50
46 6 26 29 17 36
58 12 56 21 87 94
39 25 9 31 88 35
10 55 14 22 40 89
8 37 77 83 16 32
44 42 41 67 34 93
60 15 75 7 2 66
61 45 19 48 74 51
91 28 82 59 33 71
85 13 69 84 49 92
1 70 88 43 53 96
