58 16 55 49 24 12
44 27 39 26 36 62
9 18 25 31 32 46
52 19 59 10 38 40
22 11 41 33 43 13
17 7 21 14 57 23
4 53 2 45 28 47
50 48 37 34 51 30
61 5 29 60 56 54
1 6 20 3 8 35
15 38 49 14 42 7
10 32 57 47 27 55
50 51 24 26 41 52
11 17 45 40 39 18
20 12 35 62 25 29
1 44 13 5 60 19
53 31 8 43 37 16
30 36 56 3 58 9
54 46 33 48 34 4
59 21 61 28 15 6
42 23 35 2 22 26
27 1 14 18 55 1 37 29
45 1 3 32 43 1 50 38
56 57 48 16 62 40
25 58 54 10 44 59
46 13 28 8 20 24
53 49 7 11 2 5
23 34 41 36 1 61
12 33 6 19 9 17
51 47 31 39 21 42
4 15 22 52 60 30
2 14 10 50 62 18
37 20 44 41 56 16
61 40 26 13 7 25
3 31 19 45 29 48
57 58 52 5 28 42
17 53 22 38 54 1
39 46 43 55 35 15
6 4 36 51 32 49
11 60 34 24 30 21
27 33 23 8 12 47
59 57 1 9 37 52
48 38 5 25 2 39
17 42 15 13 45 16
29 50 7 28 22 36
49 61 8 19 30 62
51 40 46 44 3 12
27 6 32 23 54 11
33 26 20 31 10 21
47 34 14 56 43 58
41 35 18 9 53 60
55 24 3 4 59 17
12 2 32 39 52 61
54 30 50 19 23 20
51 25 57 22 49 45
13 21 53 29 58 27
60 42 37 6 48 46
7 43 8 18 4 44
35 14 59 36 16 33
62 41 47 38 28 31
24 1 11 56 15 10
55 9 26 34 5 40
17 52 51 27 25 60
54 13 39 14 49 3
7 45 62 33 37 58
24 22 59 18 47 61
31 44 23 57 4 11
32 19 28 35 56 26
8 38 2 34 9 15
42 29 6 30 40 41
48 36 10 53 43 12
1 16 50 21 55 46
32 5 24 20 45 14
22 19 25 37 3 11
15 2 33 44 29 51
58 39 48 41 8 57
31 18 55 52 6 13
5 62 56 46 17 36
40 9 43 20 21 54
16 35 4 27 61 38
23 60 10 49 28 34
7 26 30 47 1 53
12 42 31 50 59 56
40 54 19 36 24 2
61 11 55 58 8 51
45 52 38 46 23 29
16 14 28 25 30 1
21 41 37 4 12 5
26 48 27 15 18 20
44 47 49 35 50 17
43 3 60 42 33 57
13 59 34 62 32 53
6 10 9 7 39 22
12 41 45 54 26 14
15 24 40 37 31 35
16 5 23 18 51 3
2 61 58 43 17 1
34 46 19 57 7 27
33 56 25 6 55 53
29 13 4 39 10 50
60 20 36 38 11 47
21 62 8 32 22 42
28 52 44 48 49 9
30 27 45 59 55 43
