23 12 29 9 20 30
26 34 19 17 31 35
13 36 5 24 21 11
6 22 25 3 4 10
1 32 14 15 38 16
2 18 28 27 37 8
33 17 29 7 36 25
20 10 14 11 5 26
24 9 22 18 34 15
32 8 23 7 3 19
33 6 27 21 37 38
16 4 35 1 30 28
31 12 7 13 11 2
18 1 32 26 33 19 1 24
27 36 1 9 10 1 16 25
38 2 8 34 30 13
31 4 6 23 15 5
21 14 3 35 1 20
28 29 37 22 12 17
10 5 34 38 30 33
36 23 6 2 3 26
11 35 32 8 29 21
31 13 25 18 14 9
15 28 22 16 20 7
17 19 37 4 1 27
12 2 14 24 6 35
20 3 23 13 33 18
21 7 15 38 10 19
4 29 30 26 31 27
5 17 24 9 16 8
34 12 1 28 32 36
11 25 38 22 23 37
3 35 9 27 10 2
18 16 1 29 13 19
11 17 15 30 6 32
25 21 5 26 28 12
14 8 24 22 33 31
37 7 4 36 34 20
30 11 23 19 27 28
5 33 12 2 1 15
35 26 36 38 22 13
37 20 31 17 21 16
7 9 10 32 24 4
29 25 18 8 6 34
14 31 38 3 36 12
5 27 30 22 32 7
10 37 35 13 23 17
15 26 20 1 25 8
34 28 21 3 24 18
19 2 4 29 14 16
9 33 1 6 7 11
20 13 28 32 10 31
35 15 29 37 5 3
36 22 2 19 9 6
30 24 16 25 23 33
12 27 21 17 14 34
8 18 11 26 38 4
10 1 22 5 19 31
6 15 13 23 27 34
7 18 17 14 35 33
30 8 3 4 21 36
25 26 37 9 2 32
28 38 24 29 11 20
16 19 36 12 18 10
