81 38 42 78 32 43
4 59 15 74 18 36
20 83 52 49 19 24
72 22 85 76 44 39
29 60 27 28 65 77
75 17 53 34 13 21
3 41 40 64 1 47
35 6 89 84 82 10
87 68 45 95 56 80
51 90 26 12 54 55
8 58 9 37 66 93
50 25 63 33 16 46
70 2 30 69 31 7
88 92 11 86 23 48
61 5 94 79 57 91
73 62 19 71 67 14
15 76 13 24 78 40
54 47 6 38 44 29
34 1 49 32 8 26
59 16 20 81 9 21
22 52 56 55 50 27
77 2 89 33 87 37
70 68 11 57 43 3
18 41 60 23 5 7
12 80 85 79 10 62
74 63 53 91 83 67
36 88 72 82 64 69
30 14 17 65 42 45
66 39 51 73 86 61
46 31 35 58 48 28
75 94 4 95 84 90
25 93 3 71 92 24
15 1 34 40 62 1 87 52
70 1 26 47 50 60 59
7 82 27 13 81 8
78 33 49 36 5 9
16 56 73 29 30 74
45 76 12 41 61 2
43 83 44 31 51 1
38 72 94 65 92 37
32 89 95 55 86 67
53 10 14 57 93 48
19 54 28 66 85 75
69 68 77 90 18 21
71 35 23 42 63 39
84 91 80 17 88 25
6 11 64 20 46 22
45 4 24 79 58 60
12 9 56 94 31 82
13 33 83 72 26 3
37 32 10 75 40 16
48 15 41 30 44 19
78 23 93 77 74 34
50 7 90 61 14 36
39 8 91 59 11 89
67 80 5 66 38 4
87 25 6 42 49 57
86 58 29 52 53 43
92 73 22 28 81 68
21 55 1 88 71 46
84 20 76 47 79 69
18 95 2 62 35 65
85 70 51 27 64 17
54 8 10 63 61 78
59 77 66 83 6 7
16 3 19 5 89 34
90 57 86 31 13 38
82 24 74 11 37 1
72 71 58 80 75 20
4 2 14 88 29 49
93 42 18 94 70 76
48 21 79 52 67 39
81 95 30 60 12 64
63 17 87 92 55 36
35 47 33 56 53 85
73 9 43 41 91 54
68 32 65 15 84 50
26 46 23 40 27 44
25 69 62 28 51 45
22 34 82 86 4 70
39 37 78 64 14 83
87 74 8 90 20 88
55 47 5 58 30 11
63 75 79 2 93 73
9 77 13 48 85 32
17 38 12 52 59 35
7 76 29 51 19 68
42 84 61 56 62 72
67 50 28 18 24 44
54 95 31 49 40 92
91 60 69 1 22 33
53 3 65 80 23 6
27 66 25 10 21 15
16 45 26 43 94 71
89 36 46 41 57 81
19 39 84 58 87 38
44 79 32 7 56 64
5 86 75 62 50 8
51 37 13 4 20 30
82 29 78 17 3 95
68 34 88 47 12 42
1 6 52 63 85 18
31 81 77 14 11 25
36 45 23 10 70 91
49 41 66 74 94 55
24 46 59 69 54 53
40 43 61 93 35 60
92 72 67 2 27 16
9 28 71 83 15 90
65 21 57 76 33 73
89 48 80 26 29 22
30 75 18 39 25 82
62 78 58 6 88 41
3 69 63 14 66 32
19 11 50 94 13 35
67 1 81 93 45 54
83 61 55 23 16 4
46 43 15 5 77 12
57 7 74 47 28 17
44 90 33 34 10 92
56 36 86 40 65 20
95 71 38 8 22 79
27 49 37 76 80 59
60 52 51 9 84 2
48 73 87 24 72 70
85 42 31 21 26 91
53 64 94 68 89 25
33 67 15 23 82 58
83 40 50 29 69 57
13 18 92 46 45 66
30 79 54 35 27 34
32 93 5 22 59 51
49 90 81 70 63 56
14 91 16 6 28 95
64 48 76 43 74 62
60 55 37 3 73 31
8 52 42 80 36 77
10 4 72 41 17 68
61 65 75 26 9 87
21 19 86 2 78 47
85 24 38 89 7 88
44 12 84 11 53 71
20 39 62 1 15 70
