17 44 10 25 35 14
13 4 46 42 39 26
30 9 43 33 7 38
31 19 34 20 8 22
32 28 41 23 36 18
6 3 15 5 45 11
1 37 29 12 16 21
27 24 33 2 34 40
17 15 39 41 20 30
10 8 43 28 6 21
14 29 36 46 24 19
40 1 44 9 26 32
2 25 23 7 16 3
45 31 27 12 11 4
37 38 42 22 18 5
3 35 36 7 39 13
6 1 33 31 14 1 1 28
4 9 42 15 2 8
11 24 30 37 10 13
20 45 46 44 32 16
18 25 17 27 43 22
34 5 12 19 26 41
40 38 23 29 21 35
39 10 2 43 15 32
42 22 28 7 12 44
38 19 45 25 13 1
24 20 37 26 6 4
18 29 27 31 3 9
16 8 36 30 5 40
46 34 11 35 17 23
21 41 3 4 14 33
39 28 19 37 40 9
45 7 1 8 17 29
32 31 30 6 42 25
14 43 5 13 34 20
41 46 16 38 27 10
21 11 26 36 22 2
18 33 35 24 12 15
23 13 8 44 37 27
42 41 11 1 16 43
10 40 7 34 18 45
44 33 2 29 6 39
19 32 22 4 30 35
25 21 24 46 28 5
9 36 12 20 3 17
26 15 38 14 23 31
16 27 6 21 19 7
5 13 17 33 32 29
9 23 20 10 42 24
35 41 31 45 2 37
8 12 25 11 14 39
36 4 1 43 44 18
28 26 34 3 30 38
22 40 6 15 46 14

