58 32 63 61 30 25
57 1 42 36 20 49
72 53 88 78 48 29
9 92 46 70 34 66
80 21 67 5 10 73
90 12 19 76 24 74
8 85 79 96 6 86
69 75 37 87 43 39
44 89 3 38 33 77
18 11 64 68 26 27
14 97 84 23 13 47
59 50 35 52 65 45
91 95 4 93 62 98
16 51 31 83 56 82
41 71 15 60 22 40
94 81 54 55 2 17
6 7 30 28 29 86
78 8 3 64 20 9
53 87 24 97 68 80
21 48 52 32 11 37
69 10 89 1 23 46
66 58 36 79 51 74
83 44 4 5 12 27
54 40 43 94 98 84
50 70 31 2 62 72
17 90 16 67 88 41
42 75 65 47 81 63
22 61 38 55 59 85
71 26 76 56 14 96
39 91 35 15 49 77
73 95 82 13 18 92
33 25 57 93 19 28
34 45 27 23 7 60
74 1 17 58 29 1 4 6
32 51 41 54 42 64
2 97 43 90 65 83
50 12 63 79 71 10
70 15 24 98 56 88
94 68 38 39 46 21
33 30 16 62 53 92
13 5 22 35 75 36
60 81 87 20 11 77
55 9 86 89 37 59
69 31 93 80 76 48
7 47 52 3 19 26
8 73 66 40 91 45
25 78 14 95 49 85
61 82 18 44 57 34
28 67 72 84 1 96
35 60 24 10 16 58
21 36 87 63 59 90
37 83 80 46 50 29
53 39 98 71 19 55
30 76 13 66 7 20
26 4 78 15 94 69
2 41 82 75 23 11
27 47 73 1 25 79
97 12 33 67 61 40
56 57 62 8 74 32
51 49 72 6 38 43
89 18 91 48 28 14
92 88 96 81 52 44
65 85 54 70 3 5
77 42 68 9 95 84
93 86 45 64 22 17
34 71 35 21 31 30
58 90 23 33 94 7
51 60 47 76 40 87
26 66 25 72 82 97
73 59 88 69 14 62
27 6 70 91 80 43
77 46 61 54 13 96
10 4 57 22 37 53
98 44 9 85 16 2
45 20 29 68 32 95
74 5 15 42 89 17
49 55 11 65 93 12
38 64 52 24 63 1
79 28 81 34 31 41
39 67 50 3 86 18
84 36 19 83 48 8
75 92 44 56 78 91
29 77 94 70 25 51
85 32 73 46 72 90
96 23 62 35 20 55
24 11 6 89 54 71
49 74 80 41 26 59
86 52 15 53 2 66
82 27 33 50 36 69
13 21 56 4 40 81
12 87 7 64 92 57
31 97 9 88 45 75
84 78 76 58 37 5
95 63 22 28 16 39
98 38 79 60 30 18
14 65 67 19 42 8
48 43 10 47 17 34
68 61 1 83 93 3
66 6 50 87 44 32
13 85 80 64 88 71
26 86 58 73 57 70
95 96 97 51 69 21
78 18 40 54 62 36
9 65 39 4 41 30
91 22 46 60 84 12
63 56 34 90 29 49
72 47 83 33 74 35
10 38 81 15 93 82
67 94 89 52 27 75
48 3 55 25 16 45
31 98 68 5 7 14
1 92 37 19 2 77
11 76 42 43 79 59
53 17 28 61 8 23
34 50 20 24 91 85
87 54 9 82 35 29
52 84 71 51 73 4
18 80 94 47 96 22
75 58 68 15 62 12
48 1 86 40 74 13
78 27 65 66 21 33
92 79 19 45 89 49
16 61 70 7 69 42
23 24 3 43 31 95
30 64 55 97 10 56
63 2 46 57 6 76
36 26 53 67 93 60
37 44 20 41 72 14
77 83 59 17 98 32
25 5 90 81 8 39
88 38 47 11 28 91
75 49 24 86 66 61
80 54 56 65 33 1
97 3 71 35 27 92
74 96 78 50 68 16
46 15 64 14 36 95
29 52 41 76 18 85
6 23 37 81 73 98
20 90 48 4 70 38
88 55 57 84 79 21
11 69 17 19 63 13
59 10 44 31 94 8
42 39 93 58 72 87
43 60 28 32 9 5
62 77 22 7 82 67
12 45 51 2 30 26
40 53 89 25 34 83
14 4 79 80 3 61
49 17 70 36 37 68
6 55 31 18 33 15
74 71 91 23 87 65
29 19 16 38 73 75
8 54 21 72 60 92
62 85 66 39 84 11
30 46 48 42 24 27
41 96 93 43 63 89
1 32 7 81 53 12
86 5 94 77 97 34
98 13 51 57 78 67
28 83 10 20 52 26
90 64 40 44 35 69
76 22 25 9 88 50
59 95 2 56 58 47
45 14 60 82 39 6
18 72 7 17 24 65
5 41 62 86 87 38
85 15 23 92 48 51
93 79 20 16 46 97
29 42 33 91 13 26
74 67 64 37 25 31
36 43 56 12 77 52
95 75 1 55 90 50
32 35 2 89 80 78
4 66 63 88 68 54
57 81 69 71 9 83
40 82 19 96 59 30
11 34 58 22 98 8
21 47 53 45 70 44
3 76 73 49 28 94
27 84 74 10 29 61
