11 21 36 35 10 30
31 25 23 17 28 19
9 29 14 39 12 26
13 15 24 1 27 3
20 32 37 2 34 4
7 18 6 33 38 5
8 40 27 22 16 31
37 14 1 36 17 23
13 6 35 4 26 7
12 20 33 8 32 39
29 24 5 11 19 10
40 30 3 9 22 2
38 34 15 21 28 25
16 29 11 18 37 31
35 1 23 26 24 1 12 8
33 1 22 32 15 1 28 1
5 19 34 27 36 13
40 38 4 3 9 10
7 16 17 2 39 21
30 20 6 18 14 25
5 37 12 38 3 26
35 4 16 1 19 24
31 39 33 34 30 21
8 28 13 9 17 18
32 2 7 14 27 10
6 36 25 40 22 29
15 11 35 23 20 9
18 1 32 37 21 19
22 39 17 24 10 33
27 2 11 25 13 12
30 5 7 28 40 20
36 14 38 4 8 15
3 23 16 6 34 29
10 31 1 26 25 9
19 12 4 17 33 40
28 27 39 6 11 37
2 24 18 36 15 31
13 23 30 38 16 32
21 7 20 29 3 8
14 26 5 34 35 22
10 37 15 12 31 30
24 6 40 32 13 21
25 4 22 23 18 39
27 17 38 20 35 29
3 33 28 26 36 16
14 8 2 11 5 1
30 9 19 34 7 24
22 10 12 16 13 20
15 18 3 35 8 17
29 31 28 4 32 14
33 21 9 23 5 27
26 1 34 7 40 11
19 2 36 39 6 38
25 33 35 28 24 37

