1 53 43 11 21 13
28 51 32 14 61 26
56 33 10 48 23 25
57 40 24 47 52 49
6 12 34 44 58 30
60 37 18 35 29 42
59 9 16 7 19 50
46 4 8 5 17 55
41 39 31 27 20 36
45 3 15 22 2 38
54 61 40 35 11 56
26 16 51 23 53 60
47 18 8 25 1 52
42 33 55 20 57 44
15 48 24 37 7 3
39 17 32 21 2 6
45 36 9 13 54 58
41 10 5 12 49 38
29 22 4 46 34 31
50 27 43 30 19 14
17 42 28 47 59 53
35 8 1 7 26 32 11
60 55 2 40 58 10
16 33 52 3 46 41
31 37 25 57 30 5
15 18 20 6 43 61
38 21 23 19 9 28
44 45 51 56 50 39
49 29 13 4 27 14
54 12 59 22 48 1
58 36 34 17 24 7
53 2 5 61 19 57
47 20 11 45 8 21
25 6 3 13 23 35
60 26 15 27 12 46
43 37 55 33 32 9
10 44 54 59 28 41
51 52 31 16 34 49
39 14 22 56 4 24
40 38 30 29 18 48
1 50 12 42 36 3
41 13 27 23 32 47
9 34 11 2 25 33
22 37 8 10 39 53
44 21 5 24 16 58
51 40 42 31 15 43
29 1 56 19 20 26
59 30 48 55 14 35
50 38 61 52 60 4
49 57 17 18 54 45
36 7 28 37 46 6
39 3 40 9 5 26
24 1 42 30 16 2
19 35 60 44 13 47
23 41 54 55 34 15
36 49 21 33 8 29
20 28 4 7 52 48
14 45 6 61 10 31
18 50 32 12 53 56
22 17 27 43 25 51
58 59 46 11 38 57
15 47 33 30 4 26
48 31 44 7 13 9
2 56 14 36 60 41
34 24 19 32 8 10
23 57 12 29 39 45
16 55 1 61 25 22
49 50 40 37 17 20
18 59 21 5 51 3
58 53 35 52 46 43
54 6 11 38 42 27
25 15 30 28 60 45
24 9 29 17 41 61
31 47 2 50 48 37
8 13 36 51 22 57
27 5 35 53 20 33
28 43 38 34 1 39
26 56 49 6 59 55
10 3 52 32 46 44
54 7 21 40 14 12
19 23 16 11 4 18
42 48 39 41 29 58
60 9 51 6 33 1
3 43 57 27 56 28
14 5 7 55 45 47
38 35 10 16 36 17
52 11 59 37 15 13
4 61 2 8 44 12
32 58 20 30 22 23
24 26 18 50 31 54
46 25 49 21 42 19
53 45 27 34 40 59
43 41 48 8 6 60
12 47 37 38 16 56
55 28 29 11 51 24
20 14 46 2 18 9
32 35 1 58 49 15
57 10 34 21 26 50
25 44 4 36 40 53
13 31 19 33 54 17
5 52 23 42 7 22
61 11 39 49 3 30
8 57 16 9 15 6
4 41 45 51 35 37
33 58 50 40 28 18
43 47 7 2 10 29
34 26 13 56 5 42
20 60 25 59 24 32
46 21 22 48 27 61
52 55 19 12 39 36
17 31 14 1 44 23
53 30 8 3 54 38
