15 27 42 37 10 46
9 11 28 39 36 41
25 21 34 4 31 32
45 17 33 7 35 20
43 29 5 18 26 8
30 22 44 12 14 13
38 16 24 1 6 23
19 40 45 2 29 3
17 21 26 14 42 44
12 8 20 16 41 4
3 34 30 38 5 37
27 7 23 35 28 43
18 24 25 11 13 39
22 9 15 1 31 2
10 6 40 46 19 33
32 30 38 36 24 17
7 3 1 42 44 1 31 18
41 35 13 28 19 37
5 1 11 32 33 39
22 2 6 27 43 36
14 23 26 40 34 4
9 21 12 10 25 45
20 15 46 8 29 16
19 43 4 11 30 31
6 45 18 41 22 32
39 14 35 12 42 46
26 28 7 25 1 8
44 3 23 16 10 27
20 5 13 21 38 40
33 37 24 9 36 29
35 17 34 15 2 25
42 41 11 13 40 1
19 14 31 24 27 20
4 15 12 6 33 28
46 18 36 34 44 45
37 16 21 26 43 2
30 23 29 7 32 9
17 3 38 8 39 22
10 36 1 5 18 35
41 12 28 34 24 43
20 4 2 15 39 7
14 11 33 23 45 16
6 38 27 42 25 29
44 21 19 5 17 22
13 32 26 3 46 9
31 10 8 40 37 30
28 2 21 18 11 38
5 9 41 3 15 14
40 44 39 32 37 45
24 13 42 36 7 4
22 23 10 26 20 6
33 34 1 27 8 30
16 46 43 17 25 19
29 35 11 31 12 22
8 4 13 45 2 27
37 18 1 23 46 17
36 5 32 31 20 16
7 19 12 38 26 9
29 39 10 34 41 14
25 44 43 33 40 15
3 6 24 21 30 35
28 32 16 42 22 19
37 25 36 1 20 14
11 8 34 44 9 6
4 45 35 43 38 10
39 27 26 30 15 18
46 7 40 21 3 41
2 42 5 24 12 23
29 33 31 13 28 17
18 39 9 35 16 40
22 46 25 24 30 5
31 38 41 44 26 33
17 27 37 11 12 6
45 20 3 28 42 34
8 19 15 23 36 21
14 10 32 2 13 7
43 1 3 29 4 44

