12 17 81 10 18 77
47 34 36 64 44 25
24 65 26 5 48 80
42 74 11 27 72 54
16 19 33 14 50 9
35 82 62 66 70 78
49 23 57 53 79 51
76 21 69 52 41 61
58 43 6 4 59 45
55 39 46 30 68 32
83 31 63 2 37 28
40 13 8 38 71 15
7 60 22 84 1 67
73 75 29 3 56 20
64 26 49 16 74 35
41 59 5 62 34 52
79 30 76 70 42 43
28 19 66 25 58 46
23 80 2 15 78 47
53 63 9 82 17 84
20 8 6 12 54 37
7 57 29 68 83 4
32 38 77 22 27 48
10 3 50 39 44 40
55 24 56 33 1 72
81 71 11 51 69 60
73 13 21 36 31 45
67 75 61 65 18 14
80 52 57 43 63 74
32 83 42 5 35 38
77 66 7 49 6 44
19 55 10 53 54 76
2 84 59 29 20 64
21 37 47 60 70 24
48 30 67 17 78 51
68 40 41 9 11 1
46 34 81 23 71 73
62 39 25 61 72 8
56 14 82 4 36 69
26 58 33 13 75 22
50 28 79 12 45 65
15 27 31 3 16 18
51 66 74 76 29 37
67 70 38 11 46 63
20 23 17 19 44 32
64 21 40 4 81 5
84 68 26 25 10 52
35 65 1 36 12 58
31 77 69 30 9 34
56 50 61 83 47 49
3 6 78 22 42 14
2 55 60 79 16 13
71 28 80 27 7 39
48 62 18 45 33 54
72 15 75 82 43 41
59 8 73 57 24 53
9 12 32 26 56 70
14 5 58 23 63 68
34 4 6 74 19 13
78 52 65 71 55 20
61 22 79 11 64 31
62 72 60 17 80 36
42 49 10 8 46 48
59 7 76 75 81 16
82 3 57 37 38 30
44 51 27 41 45 2
54 35 15 50 73 84
66 69 53 40 28 24
77 67 47 29 39 33
1 43 83 18 21 25
46 13 5 22 76 56
17 31 52 58 49 38
75 60 68 42 62 19
20 4 35 80 79 9
24 61 78 36 57 54
72 51 3 63 77 59
83 15 39 48 69 64
37 25 40 65 27 33
81 14 53 70 2 1
43 12 16 47 73 66
45 11 23 26 7 30
84 18 44 8 74 55
32 41 29 6 10 71
34 82 50 28 67 21
78 9 59 46 60 27
81 52 72 13 53 83
16 62 22 69 65 63
38 25 4 24 76 77
51 33 36 43 20 7
58 10 56 15 61 30
54 1 66 39 17 34
50 42 71 18 26 2
68 64 70 8 45 3
75 35 84 6 23 21
47 40 79 74 32 82
44 48 14 31 57 12
41 37 73 80 67 55
49 29 19 28 5 11
27 20 50 62 30 24
71 22 45 83 59 17
54 16 70 52 77 23
6 68 65 38 47 53
72 18 35 57 40 46
37 48 84 56 79 34
5 36 66 9 2 75
1 64 10 73 51 82
31 8 43 67 26 19
69 7 13 29 25 78
63 4 12 61 55 42
60 49 74 14 41 39
44 15 28 33 32 81
76 11 80 21 3 58
45 38 16 10 5 72
70 36 27 19 84 83
18 24 64 52 9 7
13 61 23 59 66 48
39 56 51 40 6 31
34 22 43 35 2 68
79 46 26 41 54 3
25 67 20 57 81 42
78 32 37 11 50 75
21 29 17 55 14 15
65 73 30 60 4 44
33 80 12 69 82 49
74 53 71 77 58 62
63 47 28 1 76 8
