3 13 50 22 26 49
28 59 55 20 27 12
30 37 4 44 36 10
52 41 33 46 48 7
35 47 62 32 57 61
40 6 17 15 51 19
39 5 60 53 34 45
23 14 1 56 24 43
21 42 58 16 29 11
2 25 8 31 54 18
59 9 3 10 38 15
47 28 7 60 22 51
48 49 24 30 39 34
1 17 45 50 37 27
58 41 20 14 4 53
62 56 13 55 6 54
9 43 16 57 2 44
11 26 46 36 38 35
42 52 40 25 61 5
33 12 29 8 31 32
21 19 49 18 23 20
27 24 1 53 7 1 3 2
17 10 28 41 56 57
39 11 45 13 9 46
42 62 30 1 58 22
23 25 32 50 51 59
52 8 34 37 15 6
36 43 61 31 16 21
5 44 19 33 55 26
54 38 48 60 40 14
12 18 35 4 29 47
62 3 15 7 45 20
22 11 36 17 39 24
37 52 9 28 33 21
27 60 30 19 32 50
10 46 25 29 14 61
4 31 23 40 5 13
59 58 43 51 26 35
12 44 38 34 56 54
48 6 53 18 57 42
55 16 8 49 1 47
60 41 19 2 62 31
20 5 9 58 27 36
34 40 23 35 29 22
54 15 57 24 18 33
53 10 50 43 52 47
26 39 16 41 25 28
2 49 11 6 61 56
45 59 32 1 42 48
38 37 7 30 13 12
17 21 14 55 4 3
46 51 27 8 44 62
49 35 5 10 60 9
56 29 39 20 26 15
50 24 38 6 31 58
48 23 19 11 37 47
32 41 54 36 55 45
43 30 28 8 3 40
18 14 13 16 17 42
22 46 52 59 57 12
44 61 4 1 7 25
33 34 51 53 2 21
23 50 6 41 39 9
20 10 42 38 8 17
58 55 46 18 60 37
61 19 26 24 4 54
57 21 5 59 30 2
56 22 48 27 16 35
14 7 52 32 34 11
51 36 13 33 1 3
31 53 29 44 45 28
43 15 12 62 49 25
47 24 2 40 20 37
6 10 26 7 60 21
14 8 59 19 36 39
44 1 31 52 35 17
32 62 18 28 23 38
3 25 57 34 55 41
45 61 40 58 33 56
47 30 50 42 54 46
29 48 27 13 43 49
4 22 16 9 53 15
11 18 5 51 12 41
39 2 55 35 7 10
52 54 44 3 23 58
25 45 29 6 47 36
37 32 49 26 40 53
13 28 1 19 46 34
24 62 60 16 33 59
4 20 8 11 50 48
21 22 43 5 56 38
27 57 31 15 42 14
9 12 61 17 51 30
39 18 40 60 52 1
3 20 6 46 32 16
35 13 24 8 21 41
15 58 2 48 28 36
7 34 43 47 59 17
26 50 44 12 14 62
54 11 33 22 27 10
37 19 56 25 9 42
51 45 4 38 49 57
61 31 30 23 53 55
29 17 3 5 48 62
40 15 32 13 21 44
41 47 26 9 1 27
24 12 22 45 2 10
57 7 58 49 8 23
16 38 51 29 19 52
25 33 60 30 20 11
36 59 34 61 50 18
28 35 6 5 54 14
55 42 37 43 4 39
56 53 7 31 46 24
