75 68 26 10 69 79
2 73 36 41 29 66
59 50 56 34 65 77
58 39 11 20 12 4
40 27 25 51 23 37
48 78 19 33 17 53
57 72 70 14 46 63
13 3 9 38 62 15
61 1 80 44 55 49
32 71 6 22 30 54
52 21 74 8 16 60
31 18 64 35 67 5
24 42 76 43 45 28
79 2 47 57 7 40
73 17 27 46 75 9
29 68 70 62 51 48
26 11 4 71 1 13
58 59 16 60 44 53
34 41 52 10 37 12
28 3 8 18 33 54
20 6 35 77 55 45
19 30 72 80 7 42
23 43 31 50 66 63
36 78 25 64 74 32
38 61 65 67 21 22
24 49 69 39 14 56
52 47 76 15 5 3
35 28 17 1 59 27 29 1
6 18 19 12 73 68
20 48 45 9 31 1
2 64 37 11 44 8
61 53 72 75 10 13
63 32 7 80 77 39
51 38 16 14 50 36
65 42 67 78 26 24
30 15 47 25 66 69
60 57 34 62 33 49
54 43 5 74 40 4
76 79 22 55 70 46
71 41 21 23 58 56
50 38 45 7 73 10
29 14 53 32 27 11
1 69 72 12 16 25
62 60 66 39 78 18
37 24 33 59 5 17
15 54 42 34 31 61
22 46 23 4 52 67
70 77 3 41 74 2
20 40 63 75 28 30
49 13 80 43 21 68
71 56 44 36 79 48
57 19 8 76 65 35
55 51 6 9 26 47
58 22 33 64 16 7
39 12 61 77 46 78
3 20 10 17 60 14
53 23 28 68 34 2
63 62 25 42 56 41
71 38 74 27 76 69
9 32 59 18 43 1
4 47 35 26 73 44
45 80 29 40 8 15
48 49 64 65 52 75
5 72 55 54 19 21
51 11 36 57 31 58
13 37 67 66 6 79
50 24 12 53 70 30
17 39 76 61 23 47
16 4 9 63 80 2
28 49 29 64 71 77
35 15 74 42 68 1
7 22 62 11 5 75
33 10 51 56 20 43
69 67 30 21 57 59
73 31 65 40 32 70
3 36 26 45 19 37
6 13 46 60 25 50
78 79 41 52 54 14
34 72 44 38 24 18
66 55 27 8 48 58
53 39 57 29 9 15
75 76 56 32 12 35
73 61 43 3 64 11
36 63 19 22 40 10
77 33 14 67 68 71
79 16 46 62 65 28
70 44 20 69 42 23
55 60 78 31 2 72
13 45 51 74 30 18
8 59 7 25 48 4
58 37 38 47 1 54
5 26 27 41 50 49
17 6 34 80 66 52
21 3 12 24 63 79
11 35 10 16 78 23
68 9 60 76 40 61
14 15 43 55 7 65
48 28 32 69 13 58
41 38 53 46 8 20
42 5 34 36 27 6
4 37 29 50 18 21
47 24 75 80 71 31
26 77 62 72 52 22
56 30 57 1 64 17
67 66 33 74 45 44
73 54 39 59 2 51
19 70 11 49 25 9
5 79 23 43 29 38
10 4 42 3 32 55
72 65 68 37 47 20
15 18 17 16 71 50
7 28 66 12 57 26
13 39 22 44 41 31
6 58 78 49 63 59
69 8 77 19 51 24
76 80 62 54 53 64
56 2 52 45 61 27
60 67 1 70 36 75
14 74 48 30 34 73
21 25 46 33 35 40
49 17 31 79 4 38
23 3 57 16 77 6
64 41 51 32 15 24
44 52 50 28 9 19
18 36 55 7 53 69
12 60 45 22 48 80
1 33 65 63 76 13
11 59 40 42 72 66
46 54 74 56 29 26
78 20 34 47 21 73
2 75 67 25 58 43
8 10 5 39 70 71
30 14 37 35 61 62
24 64 68 27 4 60
40 42 77 48 13 38
54 45 41 65 11 17
31 69 52 33 29 73
74 9 50 72 58 79
46 7 71 51 34 3
15 75 59 23 19 14
47 8 12 67 62 36
5 25 18 61 20 57
27 43 16 30 26 39
70 80 78 37 56 28
66 35 49 53 22 32
21 10 2 1 6 76
44 63 29 68 17 55
