29 9 18 85 72 20
73 88 26 81 44 45
39 31 17 62 82 66
83 78 54 35 61 8
28 90 65 30 48 14
49 63 70 87 47 15
40 64 92 13 16 86
79 37 12 4 50 33
71 42 38 21 34 32
52 76 25 27 56 77
10 46 5 57 60 53
91 1 69 74 55 58
24 23 3 36 11 89
68 84 75 6 59 41
43 7 2 67 22 51
31 19 50 80 70 64
62 34 30 61 72 13
37 28 40 76 38 83
16 12 14 81 32 5
90 85 53 71 1 82
60 74 77 49 20 44
15 42 55 92 26 41
59 22 79 54 86 10
36 48 66 47 9 67
88 75 25 91 23 46
17 18 11 45 7 78
84 87 19 43 69 29
89 73 35 68 65 27
8 58 51 4 52 6
57 21 2 39 3 80
32 63 33 41 24 56
28 81 50 1 54 60 42 1
76 1 23 49 16 1 55 62
82 36 22 44 75 70
11 83 86 69 47 88
18 77 68 66 79 34
38 65 87 6 64 12
61 45 85 89 2 46
48 29 71 24 17 4
33 51 84 1 30 31
7 40 39 15 91 27
72 53 80 63 25 26
58 73 20 19 5 37
9 56 21 8 90 59
78 43 92 52 10 3
35 57 67 14 13 74
82 77 23 69 28 2
32 44 62 68 64 11
16 54 24 84 38 85
88 33 72 42 6 48
51 45 19 65 49 53
86 12 15 60 71 56
58 80 30 75 27 78
26 74 37 10 21 18
3 87 61 20 67 55
46 66 1 63 14 73
25 4 9 5 39 83
29 59 36 7 92 50
81 8 91 31 43 57
41 35 52 40 70 79
34 47 22 90 17 76
13 15 69 89 80 32
26 54 64 30 67 23
71 20 75 65 16 10
14 6 60 61 37 82
56 4 42 53 74 7
63 50 58 86 48 68
72 35 51 77 91 87
46 81 11 52 19 90
2 5 38 66 27 29
83 92 21 22 31 49
34 89 25 70 8 1
12 41 17 88 57 36
78 79 44 47 85 39
45 62 9 84 3 40
59 76 13 33 43 18
55 24 52 73 28 72
90 10 42 77 61 63
32 46 31 37 35 48
56 11 6 22 26 29
27 69 20 51 36 81
75 19 85 12 66 83
53 15 88 58 54 34
80 16 43 74 68 45
73 13 82 25 79 87
5 86 7 3 49 28
92 39 8 23 71 84
44 59 30 38 17 89
1 60 4 2 18 40
50 14 91 62 41 47
76 67 65 70 21 24
64 33 57 55 78 9
48 34 56 87 83 16
5 52 13 42 22 45
72 36 43 39 46 54
31 6 10 15 25 28
3 29 74 79 88 63
23 32 90 50 51 73
80 66 41 65 4 44
64 82 76 20 7 35
78 89 86 21 53 91
8 40 49 24 30 12
26 57 47 19 77 71
69 68 61 38 33 92
55 70 27 18 84 14
67 62 59 85 58 60
9 37 81 17 2 75
1 50 16 11 76 42
