16 11 28 24 18 31
23 34 15 7 30 2
32 29 1 22 13 12
6 27 33 35 9 14
36 19 10 8 21 5
20 25 3 17 4 37
35 13 7 31 26 14
28 6 18 1 30 34
12 9 11 23 36 25
24 17 32 2 4 8
26 33 22 10 20 15
5 27 19 29 3 16
2 28 21 37 11 35
10 1 23 6 32 15 33 1
16 30 1 36 29 1 20 26
19 17 1 25 24 1 13
8 31 34 9 3 22
18 12 37 27 21 7
4 14 23 28 5 1
33 31 20 29 2 19
7 10 11 17 35 3
30 18 9 5 22 24
37 16 8 15 6 12
26 32 21 34 25 27
13 14 30 11 36 4
20 8 18 23 29 35
26 7 28 19 32 9
3 2 10 14 16 1
15 5 17 31 12 21
27 22 36 25 6 4
33 37 13 34 24 10
12 35 32 3 19 30
20 17 2 9 28 27
34 26 5 11 8 6
1 33 4 36 37 31
21 13 16 22 7 23
25 24 29 18 14 15
31 1 11 30 32 27
4 34 9 12 10 16
14 17 22 19 37 26
8 7 29 28 25 33
6 3 24 21 23 20
35 15 2 13 36 5
10 30 17 18 33 29
