13 8 31 49 23 42
44 59 2 29 12 7
34 37 14 33 22 26
55 40 5 30 18 4
9 48 27 25 24 46
61 60 43 52 32 10
17 21 45 28 1 6
51 57 15 39 58 11
54 53 50 35 47 19
16 3 56 36 41 20
38 23 61 37 29 4
26 55 59 6 8 46
32 1 7 15 13 14
40 22 28 54 48 57
31 19 60 11 9 16
45 25 5 24 56 49
27 36 35 21 52 44
2 18 3 47 39 17
42 50 58 38 20 43
10 41 53 51 34 30
33 56 6 12 61 31
37 1 13 45 35 59 16 1
18 1 52 47 4 28 1 26
5 38 8 60 36 21
1 34 39 20 58 9
27 7 40 29 55 33
19 15 23 30 14 48
12 53 42 32 46 3
49 51 50 22 17 44
41 11 25 43 54 2
8 57 24 18 10 33
60 6 37 40 58 13
36 29 19 46 45 34
23 7 51 16 21 26
56 48 17 38 59 11
35 42 22 61 39 41
15 31 30 27 54 3
44 28 9 2 5 32
10 20 49 14 47 55
50 12 52 1 25 57
43 24 36 53 4 13
18 46 35 7 31 38
26 2 60 15 61 45
16 30 22 47 6 32
21 42 9 29 11 10
4 41 49 57 27 12
20 23 39 17 40 25
34 44 54 1 56 8
52 33 58 53 5 48
55 43 37 3 51 19
24 50 59 28 14 41
7 17 61 9 30 36
11 32 35 34 49 40
54 21 31 20 26 57
45 51 4 48 42 8
46 16 13 50 2 33
59 1 18 22 43 23
3 14 29 52 6 5
44 38 55 25 15 53
37 47 12 39 60 24
28 10 58 19 27 56
31 26 32 41 50 48
3 20 11 45 7 22
6 9 54 18 49 38
39 44 46 13 30 52
14 33 21 4 25 60
19 61 1 40 24 51
53 8 27 56 37 2
58 36 23 12 55 28
57 35 29 43 17 16
5 34 47 59 15 42
10 4 6 50 39 7
24 2 38 22 31 52
11 53 14 61 27 18
30 28 29 8 35 20
41 9 47 58 45 44
48 49 1 37 16 10
26 5 12 13 19 17
46 43 15 56 40 21
60 57 34 23 3 55
59 32 54 51 33 36
25 16 18 42 37 28
