27 20 9 3 23 34
29 28 21 33 16 26
11 2 14 7 24 1
6 31 13 22 32 10
17 4 18 8 19 15
6 5 30 28 12 25
20 14 22 11 21 24
32 16 17 23 33 7
12 18 5 27 29 13
4 8 25 2 30 31
19 1 3 34 15 26
7 4 10 9 5 28
31 1 24 17 13 1 34 30
22 27 1 15 14 1 19 33
32 11 12 18 10 16
20 1 29 25 9 3
2 23 8 21 26 6
29 34 7 10 30 27
26 32 23 24 12 4
33 20 6 18 31 19
13 28 2 15 11 9
16 22 3 14 8 5
13 25 1 21 17 33
10 14 29 32 19 20
31 16 21 34 9 12
3 15 24 7 25 6
27 26 11 17 8 28
30 18 23 1 2 22
4 20 16 5 17 13
15 6 23 30 29 11
21 7 27 1 10 31
25 5 19 8 9 32
22 33 12 4 3 2
14 24 34 26 28 18
2 17 7 29 32 31
28 10 34 23 22 25
24 30 19 16 11 5
9 6 14 33 27 4
26 1 8 12 13 20
30 15 21 18 3 32
19 12 2 20 7 28
9 26 17 6 22 18
8 3 33 24 13 10
31 25 11 14 27 16
5 4 29 34 21 1
23 31 27 15 13 14
