36 32 16 17 28 14
7 20 15 21 26 19
25 5 31 18 3 4
2 8 23 24 29 11
22 33 10 6 12 13
38 27 37 34 30 39
8 28 35 1 19 9
33 17 7 31 15 23
11 3 12 37 18 39
34 6 16 26 9 36
22 29 27 13 35 4
24 32 30 20 5 10
2 38 21 1 25 14
26 31 18 39 9 29
20 4 28 5 11 33
3 37 7 6 22 2
1 21 13 30 17 36
19 23 25 27 10 16
24 15 14 35 12 34
21 20 8 32 38 6
10 39 3 36 1 29
17 16 31 35 37 24
26 25 38 27 7 28
2 34 19 32 18 22
5 14 9 13 33 23
12 4 15 11 30 8
17 3 35 20 38 18
32 29 34 33 16 25
5 24 36 27 4 19
14 10 11 31 6 7
13 26 22 37 8 1
23 39 28 15 2 30
9 12 27 21 17 29
33 19 24 11 1 26
4 16 38 15 37 10
28 13 34 3 31 21
18 36 12 23 7 32
6 8 5 39 2 35
14 30 20 9 22 25
10 18 24 28 21 33
4 32 26 3 23 38
25 39 6 19 13 17
16 2 1 12 31 20
30 35 9 7 34 11
22 36 37 29 15 5
8 27 3 14 33 32
9 34 17 4 10 2
12 25 21 35 5 26
7 13 39 16 24 20
36 11 31 38 22 8
29 14 37 28 19 30
15 6 1 18 23 27
