23 37 74 9 78 83
92 80 63 25 22 6
98 49 94 96 88 4
29 45 50 24 39 47
66 20 11 84 67 93
38 81 82 48 19 100
64 60 28 42 36 12
8 55 90 10 1 71
51 26 87 89 46 13
35 21 70 53 79 7
56 27 33 61 31 57
95 15 59 32 14 5
77 65 30 17 76 86
40 97 34 43 75 62
68 99 58 69 41 52
16 54 44 3 73 2
18 85 20 38 72 91
35 66 88 51 9 8
83 49 89 79 100 92
10 59 96 67 29 31
11 61 65 74 47 36
86 19 21 78 56 14
80 82 34 42 26 76
75 57 3 64 94 68
4 55 39 2 52 43
87 62 30 23 28 1
16 91 98 71 27 99
70 58 85 60 84 5
50 69 37 7 6 97
12 73 18 15 41 13
54 17 93 33 95 22
45 25 32 81 90 53
46 77 24 72 48 63
40 51 23 44 64 21
26 2 1 27 83 19
10 94 9 61 92 99
43 6 68 86 49 84
39 8 98 41 59 82
58 80 95 55 30 12
53 38 47 56 22 89
46 17 16 96 79 69
78 67 71 60 81 73
90 91 34 70 57 48
4 25 31 75 28 76
45 72 7 15 93 65
77 44 36 5 50 66
74 85 33 87 100 40
52 13 35 54 63 97
29 62 11 18 37 32
14 24 3 20 42 88
68 60 53 17 27 55
28 92 8 81 69 91
12 47 48 49 76 9
66 89 86 34 45 59
40 65 70 19 50 94
1 13 38 74 98 6
67 37 41 57 30 46
22 71 4 5 3 87
79 75 29 15 63 56
36 54 99 25 21 82
58 32 16 20 33 39
84 88 64 90 7 78
52 93 100 31 42 77
85 24 51 11 80 43
95 96 61 44 83 62
14 23 72 26 35 73
18 97 49 2 10 28
8 45 48 60 40 37
94 56 54 81 1 58
20 7 19 99 30 5
13 31 53 71 82 84
69 93 51 70 86 25
6 9 52 75 36 87
46 15 23 88 43 38
78 10 33 24 65 26
73 17 74 97 4 59
72 92 55 11 98 57
76 21 63 39 95 27
100 64 22 67 35 61
68 29 42 91 44 89
50 16 83 90 18 80
32 34 79 12 85 77
14 2 41 62 66 47
3 84 19 96 52 45
57 43 7 13 28 17
6 48 21 93 71 30
73 99 55 63 64 70
91 26 15 49 74 54
40 61 76 24 68 18
97 83 46 36 32 8
9 79 44 31 20 60
75 39 14 77 96 89
33 35 82 94 86 11
59 100 69 62 3 56
27 90 58 37 38 51
53 66 42 85 10 95
88 2 72 25 87 67
50 98 81 22 12 23
47 5 78 92 34 16
65 29 1 41 4 80
84 89 17 94 8 18
83 99 14 48 11 31
54 20 61 86 46 28
79 62 6 64 91 45
71 77 88 33 68 97
76 22 69 85 55 15
47 57 10 58 73 25
19 41 60 95 87 43
27 30 74 29 70 81
13 56 67 16 40 9
100 5 12 21 90 26
80 36 37 2 98 35
63 7 32 51 96 42
39 3 65 49 23 66
1 52 92 44 82 24
59 78 50 72 53 75
93 4 60 34 38 83
76 11 56 88 6 73
31 86 64 97 5 41
21 81 17 37 87 10
57 40 2 89 69 95
43 25 27 8 20 77
22 51 49 52 14 29
9 68 96 30 50 85
36 24 94 55 16 59
67 39 18 48 53 92
45 70 100 98 78 46
35 3 91 1 12 93
99 47 15 28 33 80
82 66 90 4 72 79
34 74 44 7 58 71
19 32 75 23 61 13
42 84 62 65 54 38
63 88 81 26 16 57
83 76 20 98 51 10
85 94 27 6 46 14
87 12 78 99 97 39
5 43 73 82 69 45
37 95 52 47 70 72
32 71 64 80 17 66
92 77 40 7 54 29
38 33 75 55 44 49
86 63 67 91 23 36
13 11 96 100 60 25
59 42 22 1 18 79
41 48 84 56 74 50
28 89 24 93 9 90
62 15 4 19 58 35
21 31 2 65 34 68
30 53 26 61 8 3
