27 55 43 2 48 45
25 56 17 26 41 15
24 10 11 12 64 67
3 57 23 37 18 53
9 40 22 50 16 30
19 14 31 8 46 60
65 51 5 62 28 34
29 4 38 58 32 63
1 7 6 20 68 61
42 49 52 13 66 33
47 36 39 35 44 21
11 59 50 54 51 8
16 37 5 67 38 30
68 26 19 14 48 9
34 6 12 33 55 53
63 57 21 23 20 27
64 40 49 56 31 59
54 25 28 10 42 47
44 22 66 4 60 62
13 58 52 24 43 1
18 45 65 61 39 41
36 46 2 17 32 3
15 35 48 7 12 29
20 37 1 67 51 1 4 19
55 62 13 64 26 60
21 31 45 68 25 16
40 53 65 58 1 46
59 61 44 23 15 11
6 17 10 9 8 49
43 54 7 18 30 32
29 47 5 41 33 14
34 39 63 52 3 22
36 42 28 50 38 27
24 56 66 35 57 2
25 65 32 13 19 11
12 46 44 9 6 51
49 29 33 18 23 16
3 41 48 28 31 1
35 17 50 60 37 57
61 45 30 2 64 52
4 24 40 62 68 8
59 21 43 7 34 67
55 20 36 5 42 39
66 53 63 26 56 54
10 14 58 22 15 27
47 61 9 38 48 24
51 67 57 45 40 13
1 30 29 34 44 42
7 8 26 36 5 64
21 27 54 6 56 65
37 25 15 63 46 52
17 20 38 66 14 59
50 19 23 47 62 43
68 2 22 53 28 11
49 41 18 35 55 4
39 32 10 33 60 31
58 54 3 16 12 17
62 45 1 8 63 36
11 40 37 20 47 53
46 64 23 42 68 41
52 44 38 19 7 55
15 31 16 65 27 35
67 48 66 58 50 25
39 57 33 9 28 59
6 43 30 3 10 26
51 22 60 21 24 29
5 34 61 32 4 49
2 18 14 56 13 12
62 16 42 17 52 41
53 30 68 15 36 19
55 24 22 31 54 37
60 44 3 27 67 61
63 7 47 49 51 13
8 58 18 28 21 20
65 11 9 45 29 66
57 6 59 48 32 5
38 1 12 26 39 23
40 14 35 43 34 25
4 50 46 10 2 56
44 8 64 33 3 65
53 41 13 30 59 27
66 19 61 28 12 63
24 51 32 14 39 16
31 52 7 50 26 67
46 62 56 20 29 34
68 38 57 22 49 25
42 60 15 47 2 6
23 5 58 54 35 45
11 1 55 21 33 17
37 64 4 43 9 36
48 63 10 40 18 44
26 59 20 16 28 24
13 60 2 38 23 34
12 8 55 25 30 57
33 50 54 45 15 4
43 29 53 61 17 31
67 58 41 6 36 14
42 3 21 19 5 40
32 7 56 1 9 37
39 49 62 11 27 48
64 22 47 46 66 18
51 52 35 65 10 68
41 12 20 44 50 43
14 4 42 57 53 7
30 33 62 38 21 58
34 16 48 66 11 64
5 9 25 1 18 51
27 2 8 29 37 26
59 35 19 45 22 6
32 23 28 15 55 40
60 65 24 49 63 3
61 13 36 46 10 54
67 17 39 56 68 47
31 6 18 52 11 62
53 38 15 51 43 64
28 45 14 37 49 44
25 27 46 7 33 24
48 23 4 30 65 17
54 16 2 39 19 1
31 26 34 57 47 58
32 13 9 3 20 35
29 63 68 55 5 50
22 67 56 8 61 42
12 52 60 59 36 40
41 66 37 10 21 51
