37 18 24 25 26 36
6 20 32 5 3 9
27 4 35 16 31 8
13 23 21 30 33 19
7 22 12 38 2 17
28 15 29 10 14 34
27 11 31 23 1 18
36 8 30 37 3 2
34 32 33 20 35 24
17 15 4 19 6 7
26 9 28 12 16 1
5 21 29 11 22 38
13 14 6 25 23 10
15 27 9 1 24 3 1 28
32 1 29 37 21 31
2 5 7 22 13 35
38 26 8 14 17 20
19 12 34 18 16 10
36 33 11 30 25 4
20 37 27 22 23 15
12 3 26 24 2 19
31 38 1 29 6 9
13 33 17 28 11 34
7 36 16 8 5 32
18 14 25 35 21 10
4 9 31 13 12 30
16 2 22 6 24 23
33 38 5 1 27 17
21 28 18 29 25 3
8 10 15 35 36 32
34 20 26 11 7 30
14 37 1 19 4 13
3 35 23 25 17 9
6 21 12 28 20 8
34 24 16 4 29 38
15 5 36 22 26 18
10 30 37 33 7 31
27 19 14 2 11 32
23 5 26 35 8 34
36 17 21 1 13 24
10 11 4 28 22 37
12 32 15 33 2 6
18 30 3 14 38 16
25 19 20 7 29 27
9 24 11 31 15 35
32 18 13 12 38 23
6 37 16 27 34 21
5 1 20 4 36 14
9 19 22 8 33 25
29 30 2 17 10 28
3 31 6 26 7 13
1 35 25 15 16 20
30 24 38 5 10 19
8 4 2 11 18 29
17 31 22 32 3 14
7 34 37 9 36 12
23 28 27 33 26 21
19 18 35 22 30 6
17 8 24 15 13 37
23 32 7 1 28 4
11 12 14 3 27 36
21 25 2 31 34 5
26 29 10 9 20 33
16 23 11 38 6 15
3 8 22 34 1 30
24 14 33 18 9 7
20 31 36 16 19 17
35 28 5 29 37 12
38 25 13 32 27 26
2 10 9 21 4 3
