5 8 25 13 33 23
12 29 27 14 28 22
31 21 20 2 19 11
6 16 7 1 17 24
3 30 4 18 10 15
26 9 17 32 1 20
2 18 13 8 28 21
10 29 26 23 7 15
5 4 12 30 16 31
24 25 27 11 9 6
3 32 14 33 19 22
18 7 24 9 13 5
19 27 1 33 30 29
26 22 11 4 15 17
25 32 23 3 8 16
31 14 10 20 6 2
28 12 7 21 32 22
31 6 8 25 9 30
19 12 21 24 14 4
29 17 20 5 15 3
23 18 27 2 1 26
13 16 10 11 33 28
31 22 24 27 3 26
30 19 7 13 4 1
32 2 15 14 33 17
6 5 10 18 21 25
16 11 23 20 28 9
8 29 2 13 3 12
25 11 31 4 32 18
28 27 5 21 15 24
22 23 6 1 7 29
8 17 30 16 12 20
33 9 10 26 14 19
15 8 1 24 2 16
10 21 23 32 31 29
5 18 33 11 17 7
20 26 4 19 13 6
28 3 25 14 27 9
12 22 2 10 30 11
26 33 32 29 18 28
1 5 14 20 8 22
16 4 27 9 23 12
15 25 19 7 31 3
6 24 30 17 13 21
11 1 3 7 14 8
15 28 31 30 13 32
18 19 9 17 23 2
4 25 29 12 24 33
21 6 26 22 16 5
10 20 19 27 11 8
1 6 33 12 31 18
15 29 14 16 26 25
9 22 3 23 30 5
4 2 21 7 27 32
24 20 13 17 10 28
9 15 16 29 5 19
2 3 33 28 4 6
22 7 13 14 20 25
27 31 17 12 26 8
30 1 18 32 24 10
21 11 14 23 26 31
8 24 9 7 10 4
19 23 28 6 12 15
29 11 13 27 2 30
17 5 32 22 25 1
33 21 16 3 20 18
