47 25 18 15 28 26
5 38 16 54 45 52
8 2 6 49 7 22
3 30 10 27 50 51
43 11 40 9 53 33
37 17 35 12 41 32
39 31 55 34 4 48
21 20 23 14 1 46
24 36 44 42 29 13
30 19 7 28 16 43
26 22 47 17 41 10
4 51 18 32 53 49
52 2 9 23 39 25
36 45 3 11 20 55
5 48 33 35 13 34
44 46 19 38 37 24
21 42 27 31 6 54
40 15 29 14 50 8
12 51 45 1 7 43
49 34 1 10 36 9 1 20
37 1 2 23 24 55 13
32 28 52 33 54 44
47 46 30 25 42 4
11 27 29 48 15 19
17 50 31 8 35 16
41 3 14 6 38 53
22 18 12 5 39 21
1 40 49 26 44 52
32 7 20 47 23 29
19 33 31 46 51 55
25 28 53 50 45 42
16 18 27 35 9 14
54 13 41 40 34 12
2 22 30 43 48 36
3 24 5 8 39 26
10 11 38 21 1 37
6 15 9 17 4 28
34 44 20 12 16 25
7 29 54 55 30 18
35 3 32 49 43 46
38 13 1 27 8 22
39 6 50 37 19 47
10 33 40 45 4 24
48 42 17 51 14 5
23 26 41 31 21 11
53 52 46 2 36 15
6 55 43 44 18 50
54 9 34 3 22 19
45 40 38 29 17 39
26 37 33 7 14 48
53 12 42 16 49 23
13 11 8 10 32 25
15 31 1 30 5 36
51 24 21 52 47 35
20 41 4 28 27 2
48 23 45 18 6 3
53 44 17 39 10 7
42 1 32 55 34 15
50 46 13 51 26 9
4 16 11 22 43 24
19 52 8 20 35 30
28 33 49 29 21 38
12 54 14 2 47 31
27 5 37 40 25 36
41 24 50 18 48 1
46 35 6 11 53 34
42 43 26 38 20 39
31 14 22 45 32 44
36 37 51 28 8 54
55 47 17 13 49 27
52 25 21 4 3 7
33 30 15 9 23 12
29 10 19 41 5 2
16 32 51 40 26 6
20 37 13 18 31 53
14 34 27 24 52 11
9 8 48 44 12 47
43 54 39 15 49 41
1 3 2 33 17 16
7 55 28 46 40 5
25 29 35 22 10 42
23 36 4 19 38 50
34 21 45 30 9 37
