43 18 4 39 20 46
10 45 15 8 21 38
2 29 47 11 12 1
36 37 16 27 26 19
24 33 14 32 3 41
52 28 42 22 25 34
30 7 31 51 44 53
17 35 48 6 50 40
9 49 23 13 5 45
8 42 14 11 2 24
28 22 10 26 46 31
53 16 47 15 39 50
48 37 49 21 17 4
44 6 34 36 29 43
40 27 3 52 32 18
23 7 13 41 30 20
51 33 38 35 5 25
19 6 1 12 45 9
8 50 32 42 16 4
43 10 20 49 47 22
48 30 2 37 27 5
53 17 34 40 19 23
15 46 18 41 51 25
36 21 28 35 24 12
3 29 39 31 9 52
14 13 11 26 7 44
1 37 33 38 22 46
5 43 17 16 12 10
47 48 8 24 42 41
15 27 34 9 50 7
35 38 32 26 53 29
33 13 40 28 4 1
6 31 18 11 19 49
51 36 23 2 14 39
3 44 52 21 20 45
24 25 17 30 29 27
12 28 7 50 35 10
4 31 41 38 34 9
47 45 26 14 52 51
32 16 15 2 23 21
33 18 48 44 43 13
39 19 30 22 6 8
5 53 3 36 46 42
25 49 20 37 40 11
1 21 35 31 14 10
32 34 12 16 51 22
17 39 42 15 33 30
41 40 44 29 37 50
23 48 53 28 11 3
7 36 19 4 47 25
9 1 26 18 49 8
20 5 38 13 2 52
46 24 27 6 45 43
17 7 47 31 32 33
29 9 15 48 26 36
40 34 21 5 10 39
45 52 41 42 53 43
23 24 44 46 1 8
3 6 51 37 22 13
14 19 38 27 20 50
30 11 4 16 35 28
25 18 53 49 12 2
10 24 13 52 15 37
14 47 9 40 46 17
20 51 28 27 1 36
44 39 16 49 3 35
45 8 31 48 25 12
30 38 50 11 43 32
6 2 26 34 41 33
4 22 29 18 23 5
19 3 42 21 15 7
25 44 9 32 10 51
46 48 11 34 16 52
13 4 6 53 14 27
18 30 21 50 47 36
8 33 28 49 38 29
37 42 31 1 43 23
22 5 7 17 2 45
12 26 20 39 40 24
51 11 35 19 41 46
21 25 16 53 9 6
10 8 2 3 30 36
52 27 12 4 23 33
45 35 37 18 34 47
50 13 19 5 31 24
39 1 49 7 32 48
43 15 22 29 40 14
41 28 26 20 17 44
38 10 18 42 23 6
34 49 30 47 12 3
43 52 40 7 8 51
9 32 39 28 14 37
35 4 27 26 42 15
46 50 2 13 21 29
16 41 5 25 31 1
19 53 22 44 38 48
45 36 24 33 11 17
20 13 32 34 8 35
29 12 46 42 51 49
47 15 6 28 44 5
50 26 43 23 3 25
27 41 11 22 39 21
1 17 14 53 52 30
2 36 31 40 4 45
10 9 33 20 48 19
24 38 37 7 18 16
