38 46 9 49 24 13
14 10 27 12 31 41
51 45 2 39 32 1
40 21 15 36 37 43
6 52 20 19 42 53
44 28 33 35 7 48
34 23 50 8 47 26
29 11 30 3 4 18
9 17 25 5 22 16
39 14 53 46 1 28
40 8 38 10 44 52
47 32 3 42 26 24
13 20 17 25 4 12
5 37 33 23 41 6
7 11 18 16 43 2
31 27 49 30 19 15
22 36 45 50 51 35
48 29 40 13 21 34
42 46 37 1 28 10 25 1
44 1 18 14 19 1 24 5
32 4 6 27 50 15
41 38 34 1 35 11
52 16 23 12 48 51
31 47 22 53 43 49
20 3 36 2 17 39
30 26 45 21 7 9
29 5 8 33 32 38
53 48 16 42 15 41
37 3 13 51 18 49
46 50 11 21 20 27
4 39 7 8 23 19
26 22 28 44 1 30
12 6 14 45 35 43
34 2 52 33 10 9
24 47 29 31 40 17
36 51 30 8 53 25
43 22 38 20 48 19
35 34 27 37 18 39
10 16 13 47 50 44
24 33 11 45 49 12
15 2 25 14 26 21
36 41 46 6 28 29
3 17 7 52 31 32
4 42 40 1 9 5
35 15 10 23 20 24
18 8 43 26 53 46
41 32 30 52 13 22
9 14 11 17 36 48
5 51 4 2 27 47
23 39 44 49 25 29
37 12 50 7 38 42
28 40 19 45 33 34
3 31 1 21 16 6
26 52 4 22 35 14
32 27 24 48 25 23
49 5 20 7 28 36
12 53 3 34 40 37
43 21 44 9 51 41
33 46 2 38 30 31
19 45 10 16 15 17
13 8 39 11 6 42
18 50 29 47 1 52
23 7 22 46 3 40
32 5 21 34 19 12
10 31 26 11 36 4
27 45 53 2 38 13
47 9 48 15 39 6
25 43 1 8 49 35
51 24 17 50 41 28
29 20 16 14 30 37
44 12 42 18 33 36
35 52 46 15 11 32
53 10 50 48 5 3
19 49 41 40 2 26
17 23 42 30 34 43
1 18 45 20 44 31
37 27 28 22 9 8
6 13 51 14 29 7
24 39 21 16 4 33
41 25 47 38 45 3
22 15 48 2 12 8
26 6 37 17 30 10
49 44 40 50 14 32
43 13 31 39 52 5
25 19 35 9 29 53
16 34 51 4 46 20
7 33 47 27 36 1
38 21 23 28 42 18
11 37 19 24 25 44

