33 27 28 40 3 29
1 9 36 11 32 19
18 34 44 48 21 30
8 23 38 39 35 42
6 13 47 37 31 49
22 17 26 43 24 14
20 7 4 15 45 41
5 25 16 12 10 2
46 37 18 49 11 28
29 13 36 23 3 24
35 43 32 30 40 27
19 5 48 8 6 20
31 10 7 9 45 42
21 14 22 16 1 33
39 44 15 34 46 12
17 38 25 4 26 47
27 24 2 10 41 19
29 1 20 35 32 1 31 14
44 9 16 13 42 49
11 33 25 34 38 5
3 26 1 30 4 18
12 43 40 2 37 8
22 45 28 48 41 6
17 21 15 36 39 47
23 35 14 26 7 46
3 38 10 49 44 32
42 41 29 30 12 37
9 48 31 4 2 39
24 7 19 47 28 34
36 20 21 13 25 46
18 40 1 5 17 45
27 15 23 8 22 33
39 43 16 6 11 7
46 47 21 32 3 2
40 19 49 25 37 4
42 27 34 26 14 5
41 8 44 31 29 1
43 48 18 24 15 35
6 12 22 9 13 20
11 17 30 33 23 10
38 36 45 40 16 28
19 8 4 14 18 29
7 9 37 3 25 27
11 2 42 15 22 13
5 44 31 32 28 23
41 35 46 47 16 17
48 49 26 12 36 33
43 10 6 1 21 38
34 30 24 45 39 20
47 27 31 18 16 11
35 44 12 22 19 36
42 33 5 4 46 43
45 13 32 25 30 39
49 38 7 20 24 1
37 40 14 10 15 48
28 29 8 2 26 21
9 34 3 17 23 41
6 4 42 36 32 27
5 46 10 24 31 22
13 18 39 7 33 40
16 37 23 19 20 17
26 11 41 44 48 3
28 30 6 8 14 25
45 47 43 29 12 9
15 2 34 35 1 49
21 3 31 38 22 40
33 4 24 37 6 44
14 36 41 43 5 13
47 1 25 23 42 48
46 30 15 38 19 9
32 12 8 7 34 17
20 10 16 28 39 26
21 49 45 35 27 11
2 29 23 18 6 38
1 8 30 36 46 24
26 32 40 41 47 9
10 28 13 34 4 35
7 22 39 29 5 37
14 2 17 44 45 11
20 42 12 27 18 21
33 49 3 31 19 43
25 48 32 16 15 29

