51 45 53 71 56 75
7 73 10 59 48 36
4 79 31 62 30 74
58 49 32 77 42 24
63 23 27 55 64 89
65 15 43 72 44 29
3 16 18 28 57 33
78 76 70 41 2 20
67 6 40 86 80 37
83 54 12 61 66 39
17 84 13 68 8 26
25 34 69 38 50 14
87 81 46 88 47 1
21 9 19 52 85 5
22 60 11 35 3 82
75 74 24 78 43 23
80 59 44 32 16 53
79 33 84 2 27 10
36 26 50 72 6 42
68 29 70 45 54 48
12 31 71 8 87 25
35 7 62 13 20 58
56 61 89 67 52 34
64 39 28 85 49 40
66 22 86 46 15 73
76 38 30 65 88 60
47 5 37 41 63 83
69 18 77 4 82 19
57 14 11 81 17 9
59 21 55 8 1 51
28 2 1 45 23 1 31 32
85 10 22 54 89 16
43 58 50 64 46 61
53 3 49 79 68 47
35 83 24 67 87 84
44 77 36 70 17 12
34 82 42 57 62 39
5 51 88 27 25 15
33 48 63 6 30 56
20 19 74 72 37 71
41 1 9 7 66 69
80 26 52 60 73 14
38 75 13 29 4 81
65 21 78 40 11 18
47 55 86 76 77 35
3 31 54 43 84 6
10 72 83 49 57 25
17 62 89 50 41 48
23 15 87 82 33 59
80 64 1 19 79 34
42 37 18 38 27 52
39 63 14 24 76 68
26 66 85 75 65 58
70 4 71 61 9 28
53 88 36 86 11 13
2 7 44 55 5 56
32 78 8 22 69 67
16 40 60 51 74 81
20 30 45 21 12 73
27 46 59 29 41 31
19 38 61 6 10 17
15 49 75 18 9 50
76 58 33 1 36 5
11 43 55 4 32 37
87 70 80 39 3 72
48 8 79 14 44 20
53 28 83 26 34 7
82 67 85 74 29 63
89 68 35 78 42 46
30 71 66 16 47 64
60 86 84 25 56 21
40 88 54 73 69 2
62 65 81 24 45 22
57 13 52 77 23 51
49 29 19 12 76 26
58 11 68 59 83 38
18 67 39 31 53 17
63 50 32 60 79 7
6 87 27 44 4 78
66 35 48 28 81 5
69 85 57 30 46 80
45 55 41 13 16 15
36 34 65 37 54 23
1 40 3 77 71 62
73 61 25 33 75 42
84 12 72 9 89 51
24 82 88 56 20 64
14 47 2 74 22 21
70 10 43 52 86 8
31 57 78 48 38 85
17 7 76 40 45 87
54 63 46 26 25 62
9 27 68 34 60 77
23 41 73 71 44 35
36 56 74 15 83 80
79 24 6 12 18 59
37 2 8 30 58 3
32 5 72 13 14 64
81 69 49 89 33 43
50 39 29 11 51 47
42 19 22 88 70 55
16 1 61 86 65 82
20 52 4 84 53 66
21 67 44 10 28 75
37 35 26 45 59 57
5 17 30 54 78 49
51 32 41 85 18 34
8 40 9 33 24 47
56 72 16 23 68 69
2 12 15 48 60 4
46 71 7 84 39 38
73 62 67 11 70 27
42 28 20 63 43 1
88 80 77 61 21 31
52 64 6 75 22 76
14 53 29 58 89 87
25 55 82 66 36 79
74 13 65 10 50 3
81 86 23 83 19 2
