31 15 11 19 25 8
9 2 27 5 22 21
28 6 4 29 17 7
30 13 3 26 10 20
34 18 24 14 23 32
33 31 12 16 1 2
11 25 29 14 34 19
12 24 22 13 4 26
20 28 7 32 16 21
23 30 5 15 6 33
27 1 8 17 18 3
10 14 11 9 22 25
28 32 2 23 26 34
3 33 16 8 29 13
1 4 18 30 9 10
6 5 17 12 21 19
7 31 24 15 20 27
22 11 30 3 21 28
20 25 1 2 29 24
26 16 19 18 10 12
13 14 17 4 5 15
23 7 9 34 8 31
6 29 27 32 33 13
21 2 18 8 3 14
15 12 34 10 27 28
19 31 9 24 26 30
20 5 16 6 11 23
7 32 25 33 1 22
4 3 10 31 23 17
2 19 33 24 28 13
34 6 9 17 22 20
1 15 26 4 8 21
32 18 29 5 11 12
25 30 14 7 27 16
2 8 10 24 32 5
14 33 7 20 12 3
27 4 23 11 19 1
25 13 6 18 9 28
22 26 29 17 16 15
21 34 13 31 30 6
8 20 23 27 19 22
33 24 17 18 7 11
9 12 32 30 2 15
5 3 26 25 34 4
10 1 31 28 14 29
21 17 30 16 24 25
22 15 18 29 20 31
19 13 5 1 7 34
11 28 8 12 2 6
26 21 14 23 10 33
16 9 4 3 27 32
