22 36 23 21 45 61
49 10 53 66 78 62
27 74 13 9 64 30
32 16 77 70 3 33
4 75 40 35 31 72
15 48 11 63 12 20
51 79 50 28 37 7
59 71 58 24 41 43
76 54 57 73 47 25
26 2 34 18 52 60
46 29 65 42 5 39
69 38 55 8 68 17
1 19 67 14 56 44
33 27 22 6 48 75
37 21 12 41 40 49
7 20 36 43 73 31
35 79 9 3 58 45
64 66 65 2 76 11
50 24 38 5 18 62
47 8 39 63 77 13
57 28 26 29 55 44
51 56 10 42 69 32
6 53 60 59 25 19
34 1 54 16 15 46
70 14 68 4 30 61
71 17 23 52 78 74
67 27 7 72 77 11
73 3 1 64 21 1 49 58
10 26 79 47 5 1 2
59 62 55 48 51 45
56 16 13 22 6 24
9 42 18 25 37 14
38 53 36 39 28 41
78 19 15 57 35 30
75 44 23 40 8 70
43 67 63 32 4 17
46 12 31 68 50 71
52 72 76 69 1 33
74 60 66 29 61 54
20 34 14 65 10 22
62 15 26 39 9 21
13 25 70 11 35 38
58 5 17 53 44 16
41 6 67 8 73 51
27 46 49 76 79 18
12 45 74 7 69 57
32 61 37 31 2 48
30 36 66 55 3 71
77 56 52 40 59 29
24 54 65 63 23 72
28 64 75 42 60 1
19 33 43 34 68 47
78 50 41 26 20 4
48 74 32 8 46 14
30 31 22 67 18 53
55 61 76 10 40 58
54 71 21 77 7 6
15 37 60 38 27 73
1 43 5 23 13 12
2 17 3 72 20 42
62 70 52 36 65 57
68 75 63 44 9 59
64 29 19 33 51 4
69 47 24 35 28 66
34 39 25 79 78 56
11 50 45 16 49 1
5 30 8 60 76 43
3 10 46 52 67 37
72 58 68 26 48 36
4 7 59 22 38 42
57 24 9 33 53 2
44 39 35 54 12 73
79 14 77 64 23 15
11 40 69 78 18 6
74 63 55 19 70 50
20 66 51 16 75 21
45 29 49 13 34 32
25 61 28 27 62 71
56 47 41 17 65 31
30 58 42 12 22 52
3 4 48 39 76 24
37 70 69 26 54 19
21 55 73 1 2 78
68 32 20 5 57 79
53 35 8 50 29 27
23 60 9 46 11 56
75 45 77 38 25 10
7 33 44 66 41 13
61 49 15 65 67 59
31 63 6 62 34 64
43 72 18 74 16 28
40 14 51 17 36 47
71 22 1 9 32 29
56 26 12 53 3 75
66 73 5 70 77 48
67 69 2 23 41 25
49 52 31 24 19 8
6 43 35 65 55 79
47 44 38 20 30 46
61 57 39 50 64 72
21 17 34 28 59 76
60 7 78 14 63 16
58 62 33 74 11 37
18 13 4 36 15 10
45 42 40 54 68 27
71 38 30 51 65 26
44 22 77 49 43 69
21 52 47 75 32 50
41 9 72 55 5 34
2 46 28 58 6 70
17 1 18 61 7 35
48 13 40 60 57 3
25 51 68 15 24 74
19 23 16 10 39 27
79 42 63 73 71 53
29 76 20 12 62 67
36 59 78 54 33 64
37 66 8 45 4 56
31 11 3 14 21 5
