44 67 76 85 12 3
78 18 57 62 28 45
80 82 75 59 66 2
40 54 68 35 37 22
23 36 39 10 26 46
52 29 79 53 31 9
33 63 47 7 69 64
74 81 27 58 41 11
49 8 38 14 48 55
72 5 16 34 83 6
84 17 24 42 61 21
15 51 13 4 1 56
19 70 25 65 77 30
71 43 20 73 32 60
67 9 10 64 41 50
46 58 78 47 49 59
54 80 69 28 74 48
62 24 76 38 40 66
21 56 7 83 2 27
6 42 23 55 77 44
43 17 31 70 37 3
57 22 53 50 71 51
30 29 34 39 20 4
13 18 61 81 60 5
11 16 19 68 63 14
79 75 84 25 26 1
65 33 32 12 15 52
82 73 36 72 85 35
8 50 58 45 17 54
56 67 22 1 6 1 30 47
4 74 21 1 59 1 5 37
53 55 41 13 1 43 19
42 7 14 81 79 20
66 31 28 83 12 23
69 65 1 36 62 68
29 72 64 27 15 80
46 8 40 70 85 18
77 38 51 32 2 35
82 84 52 60 57 16
48 71 39 75 24 33
25 44 78 61 34 63
45 49 26 76 11 9
3 68 55 7 10 73
47 72 81 66 8 43
37 6 28 14 64 53
5 30 82 79 46 38
12 19 42 48 4 62
39 83 70 22 63 84
27 32 75 85 45 13
31 57 10 49 25 56
24 59 50 44 69 26
73 80 41 52 78 17
71 58 35 18 65 34
29 40 60 67 36 77
2 61 11 3 33 1
23 54 16 9 21 15
20 74 31 51 76 64
10 28 22 75 42 8
26 7 72 78 12 70
14 35 17 13 44 47
69 56 85 19 79 37
63 3 59 60 53 65
62 55 61 16 50 80
52 11 83 54 20 46
29 21 81 1 76 71
36 30 45 84 48 2
77 82 49 33 34 27
57 6 24 43 68 74
58 39 73 38 15 67
25 40 5 41 23 51
4 9 32 18 66 69
28 60 85 55 47 21
50 37 83 78 13 30
76 79 48 16 27 22
46 35 12 24 45 81
59 64 11 17 62 56
2 23 53 34 73 8
20 80 6 9 19 36
63 43 42 40 52 58
15 66 71 5 49 70
61 75 4 57 14 77
51 84 65 44 10 29
41 68 33 26 38 18
1 7 54 82 31 67
74 3 25 32 39 72
45 59 83 79 55 40
64 16 12 36 13 71
17 81 85 22 4 49
73 27 66 50 84 6
35 78 69 23 75 29
21 53 77 68 20 58
43 25 15 11 28 7
80 14 34 31 46 60
41 32 44 30 54 57
26 2 62 5 52 67
61 65 76 8 39 82
37 48 63 10 1 72
3 47 18 19 51 24
56 9 33 42 70 74
38 22 59 6 21 13
