4 20 16 30 27 15
14 25 21 5 28 23
18 24 2 31 7 9
35 12 1 8 33 6
22 11 19 3 29 26
34 32 13 37 36 10
16 8 27 17 18 23
24 31 29 33 35 30
6 19 15 32 12 9
14 4 11 26 13 22
1 2 17 34 36 25
3 37 21 7 5 10
28 22 35 20 27 32
2 1 9 8 6 29 14 1
18 13 37 21 17 12
36 3 19 23 24 15
30 10 26 20 1 7
28 34 11 33 5 16
31 25 37 4 24 35
13 27 36 29 7 8
17 3 14 33 34 19
15 26 9 28 16 25
23 11 21 1 32 30
22 6 2 10 31 18
5 17 4 12 20 24
37 1 29 14 15 28
13 3 6 16 35 34
7 23 12 31 11 20
25 10 33 22 9 27
18 30 36 5 26 32
21 2 4 8 19 14
24 22 3 9 25 1
36 15 35 11 7 18
27 17 6 29 4 13
19 16 10 8 21 5
26 20 33 2 37 32
30 23 34 12 28 31
6 1 21 11 27 24
15 5 29 10 4 22
25 8 20 18 34 26
28 30 3 2 19 35
23 32 31 9 13 17
36 16 7 37 33 14
12 10 29 24 26 25
32 18 4 3 8 1
16 14 31 20 36 28
30 12 11 27 2 33
5 35 37 9 6 23
15 21 7 17 22 34
13 1 33 19 18 20
10 9 28 4 36 12
27 14 5 15 3 31
26 23 2 13 21 24
34 37 8 29 22 30
19 7 25 11 6 16
32 17 24 35 14 18
9 30 5 2 15 13
34 31 27 19 26 37
8 28 17 11 10 3
7 33 32 25 23 4
35 6 20 21 29 36
16 12 2 1 14 22
