31 55 19 63 48 39
20 11 7 37 29 54
44 46 43 66 34 27
68 5 51 69 62 10
40 3 53 6 33 2
13 1 4 42 9 32
18 38 24 67 58 23
35 28 26 22 49 41
14 21 30 25 50 61
16 47 56 17 57 12
65 64 45 52 60 36
15 27 33 59 8 48
66 37 11 41 24 31
5 26 2 1 39 18
62 25 19 56 28 32
35 44 23 30 55 29
42 54 10 12 15 60
22 64 17 6 51 45
43 16 14 47 58 49
68 53 4 21 36 46
13 52 69 20 38 57
50 65 8 34 40 59
63 7 61 9 3 67
56 1 19 1 23 1 54 66
17 62 37 48 1 44 64
38 29 22 43 4 15
33 52 34 11 18 21
27 10 47 36 20 3
39 68 6 67 7 50
14 24 65 42 63 26
57 45 5 9 30 28
60 69 16 25 40 13
51 32 49 12 8 46
53 59 31 58 35 61
2 67 41 55 43 42
24 21 62 30 54 38
45 40 1 34 10 68
22 27 37 32 33 47
29 17 48 52 9 14
8 55 57 60 66 3
64 41 63 23 5 25
46 50 11 36 35 56
20 58 13 28 51 2
18 15 16 19 65 53
4 12 59 31 26 6
49 61 69 44 39 7
67 60 29 62 5 33
8 13 68 47 24 35
34 50 38 2 19 64
41 27 16 1 31 51
57 42 58 55 36 22
23 3 39 32 37 43
12 28 53 48 69 40
10 26 4 7 30 17
6 9 44 25 65 11
56 61 66 15 52 63
59 54 20 45 46 14
49 37 18 21 42 40
28 1 36 8 67 17
69 64 39 3 16 24
52 4 11 43 60 62
15 20 31 9 68 50
41 47 19 53 45 44
13 57 23 48 26 34
63 14 35 2 32 12
10 66 25 29 49 27
33 51 54 38 61 65
46 30 6 55 18 58
21 59 7 5 56 22
63 45 69 8 4 37
48 42 3 35 16 66
53 50 52 51 23 27
29 62 12 36 34 61
32 39 58 54 64 9
7 41 14 46 57 33
24 56 20 1 43 6
2 31 21 60 44 26
55 28 25 59 68 18
5 49 15 17 11 13
30 19 67 40 47 22
10 38 46 65 16 37
42 53 8 64 56 7
54 48 58 50 41 4
57 35 1 51 39 15
44 32 52 24 67 59
26 40 9 47 36 62
27 6 63 28 13 21
69 2 66 11 10 30
65 22 60 14 68 23
61 20 29 17 19 18
3 34 49 38 31 5
45 25 43 33 12 55
39 4 47 66 52 28
26 23 8 67 11 16
36 2 9 37 59 51
68 60 42 44 63 38
41 21 12 3 13 19
32 29 10 50 6 57
34 14 55 56 27 69
15 58 1 45 7 62
48 46 5 61 24 40
43 17 54 35 25 53
65 33 30 64 49 20
31 18 9 22 69 8
51 34 67 3 14 15
66 48 32 26 38 45
19 37 68 58 6 52
40 30 60 39 56 41
33 23 17 46 31 42
13 36 43 7 18 54
64 21 55 47 1 29
27 25 24 57 2 65
5 12 35 4 20 44
62 59 50 16 63 49
11 22 28 61 53 10
7 51 47 18 48 60
31 67 56 29 13 45
6 15 36 23 69 41
58 66 65 21 17 5
19 9 35 10 33 24
30 63 32 16 53 34
39 8 25 20 62 42
54 3 46 52 22 26
61 43 59 68 57 64
40 12 38 27 11 55
37 44 28 1 14 50
49 2 56 4 23 48
