16 46 50 14 4 15
11 30 41 24 45 12
17 32 37 43 39 26
38 29 48 27 22 9
21 19 8 18 20 10
34 28 33 3 44 23
6 13 40 2 42 36
7 25 1 31 35 5
24 49 18 47 50 17
37 9 28 32 4 46
6 27 42 8 12 39
19 31 10 14 7 38
30 47 15 29 1 44
33 11 16 5 25 49
36 45 41 48 3 22
2 35 20 40 23 26
34 13 15 21 43 12
17 8 42 29 5 11
22 7 4 33 49 44
18 26 37 39 3 25
20 41 19 16 43 6
34 14 2 38 30 36
31 24 13 27 28 40
9 46 35 21 10 47
1 23 32 48 50 45
4 19 43 8 30 22
14 37 13 7 41 29
36 18 9 15 42 35
2 31 33 10 48 12
40 20 34 1 49 11
3 26 47 50 5 27
25 45 32 17 6 21
44 28 38 39 16 24
46 22 11 13 35 23
41 3 2 31 4 9
27 45 15 10 17 33
30 48 25 5 20 28
44 24 21 42 1 14
29 36 46 19 50 39
26 38 6 43 7 47
49 8 40 12 23 37
18 32 27 16 34 30
20 29 22 10 2 45
25 36 4 9 7 24
21 13 50 5 33 6
17 40 19 42 47 28
37 35 8 31 44 34
11 23 39 3 14 43
41 12 1 46 18 38
49 15 16 32 48 26
50 6 4 35 27 34
36 24 10 23 25 43
1 39 5 41 22 28
16 48 21 40 12 7
42 38 3 32 30 49
47 33 18 20 14 31
44 37 19 2 13 17
45 11 8 15 26 46
34 29 43 9 16 25
39 28 30 49 10 35
47 24 20 36 3 13
8 18 7 45 38 17
6 1 48 26 19 14
32 40 29 41 46 33
42 44 12 50 9 23
11 27 31 22 21 2
15 5 38 4 37 20
1 47 16 33 36 8
35 39 45 13 9 19
10 6 3 11 40 44
28 26 4 12 29 18
43 17 49 48 2 46
23 27 41 15 21 7
30 42 50 25 31 37
14 5 22 24 34 32
29 10 9 28 13 1
27 8 44 48 36 49
39 4 17 23 31 21
7 20 3 46 34 42
24 33 30 37 15 6
40 43 5 45 14 18
12 2 25 19 32 47
35 11 50 38 16 41
13 22 49 26 9 30
23 15 29 18 6 31
44 43 32 20 1 27
7 34 48 47 39 2
3 50 24 8 10 16
37 21 45 28 11 36
19 46 5 38 40 33
12 17 14 22 25 35
26 42 10 4 41 34
45 16 23 37 47 27
49 21 3 6 19 29
28 2 7 50 8 1
35 33 26 43 24 42
46 12 31 5 44 36
4 18 48 13 32 11
9 41 14 30 17 20
22 38 39 25 15 40

