2 19 7 16 40 34
27 26 28 4 5 15
30 14 1 38 32 23
20 37 21 35 24 8
13 39 29 10 36 6
31 42 9 18 22 41
25 12 17 33 3 11
19 34 29 14 15 39
8 4 1 41 42 10
2 37 36 32 5 3
27 11 22 33 18 38
9 12 16 17 6 24
7 13 35 28 30 23
25 31 21 40 20 26
27 3 9 1 34 37
5 39 18 8 23 12
15 32 40 4 17 10
6 26 13 2 22 42
19 41 33 30 7 20
36 16 11 21 14 28
35 31 38 29 25 24
40 6 7 37 18 3
22 23 14 8 19 27
25 9 34 36 13 4
10 15 28 24 30 12
38 41 17 21 5 2
29 35 16 26 1 33
32 11 42 39 20 31
23 10 5 6 9 21
26 18 4 14 37 33
41 1 40 11 34 12
15 17 20 22 7 36
3 42 29 19 28 24
39 25 2 35 27 30
16 38 8 31 32 13
24 41 23 36 40 14
6 2 35 11 4 19
7 12 27 20 29 32
42 33 5 34 31 15
17 21 1 13 28 18
10 39 37 22 16 25
3 38 30 26 8 9
18 24 20 4 29 2
13 23 15 37 11 41
42 8 30 17 27 16
3 22 34 21 35 32
14 6 5 1 25 7
31 36 26 12 10 19
28 33 39 9 38 40
18 16 32 15 35 25
12 21 36 37 27 42
7 24 26 11 1 39
20 14 19 9 17 13
30 40 4 5 29 22
34 8 41 38 28 6
33 10 31 23 2 3

