22 27 25 23 53 17
4 54 8 50 12 31
26 33 3 5 36 30
35 42 55 21 18 44
49 20 34 10 15 19
16 39 48 40 1 2
29 51 11 7 14 37
9 41 13 47 52 38
6 43 32 46 24 45
28 21 4 5 53 44
30 15 54 40 55 27
3 35 39 34 31 23
9 49 50 1 29 37
12 14 45 2 17 32
19 38 25 36 7 6
18 11 13 41 24 48
8 26 16 52 43 20
28 22 42 51 10 47
39 33 2 21 46 50
5 1 1 19 29 17 45
12 32 48 53 7 3
43 30 23 4 20 37
16 40 18 28 41 14
31 52 24 34 42 38
6 22 51 44 49 54
47 9 46 8 55 11
27 10 35 25 13 33
17 26 36 18 15 50
53 30 41 7 39 34
24 51 21 19 12 23
45 11 9 20 3 28
2 55 5 38 35 43
37 36 31 32 44 40
1 54 47 52 10 26
22 46 13 25 16 4
6 14 8 48 33 15
49 29 28 27 42 39
11 19 44 32 50 30
20 40 26 51 38 12
10 53 22 24 18 9
35 2 47 15 17 4
52 48 34 45 21 27
55 29 14 3 6 13
43 7 33 42 23 1
25 5 8 36 16 54
37 41 49 46 31 17
50 51 52 48 30 21
34 9 10 4 6 2
15 40 38 23 11 28
19 13 53 33 54 42
36 25 14 47 43 49
31 35 20 29 26 46
55 45 32 39 8 22
3 37 24 27 16 7
44 1 12 18 41 5
54 53 21 11 43 15
36 46 23 13 10 48
55 50 33 17 52 28
42 32 16 26 38 27
12 8 37 14 34 1
20 44 41 2 25 24
39 5 6 51 9 35
40 7 4 49 45 3
22 47 18 30 19 29
31 48 43 33 28 16
17 13 21 8 32 10
38 14 20 50 39 54
44 25 51 11 3 1
46 15 12 42 30 9
24 34 40 29 47 5
6 18 52 22 31 7
23 49 2 26 55 53
19 27 36 41 4 35
45 48 38 37 44 10
17 8 50 40 5 42
30 25 47 9 39 31
32 34 33 51 49 18
24 20 7 21 36 55
41 2 3 37 54 22
13 28 43 35 6 12
15 23 29 52 45 16
53 1 27 14 46 19
4 26 39 11 24 17
48 42 7 54 5 9
10 50 41 43 3 55
2 18 29 8 23 51
38 16 30 49 35 53
21 37 19 25 28 26
44 4 46 14 52 40
47 27 6 1 32 20
33 36 11 34 12 22
15 45 53 13 31 51
54 28 24 30 8 49
39 38 46 3 19 18
5 23 52 32 47 14
9 17 44 16 34 43
12 4 29 55 48 25
31 27 11 10 2 36
42 21 26 45 6 41
7 50 1 35 22 15
13 37 40 20 33 5
