28 84 87 37 1 2
3 39 52 9 74 50
6 68 4 71 7 58
99 32 34 13 16 96
88 67 61 48 89 41
63 95 69 60 27 80
30 31 90 56 21 70
20 91 97 79 51 29
11 35 86 76 59 54
24 44 62 81 47 8
73 17 36 57 5 49
19 66 25 72 78 93
85 15 18 94 55 65
92 98 77 64 26 14
83 43 33 82 38 46
22 45 23 40 42 53
10 35 12 70 75 74
7 56 52 34 8 29
90 58 27 16 5 91
47 25 48 6 17 87
54 3 51 65 49 28
78 84 59 61 94 60
76 80 13 98 44 39
69 68 36 41 14 30
97 12 83 66 85 45
11 64 88 23 38 63
4 43 55 24 53 93
20 18 26 2 50 89
72 33 21 22 1 96
81 57 71 42 10 99
86 9 67 79 95 31
73 82 75 62 77 32
46 37 92 15 40 19
38 41 28 39 25 90
17 12 16 3 61 56
5 69 47 23 74 43
18 30 24 35 52 49
1 58 63 48 13 97
45 65 50 27 81 4
31 72 84 10 36 76
67 19 98 6 11 99
14 8 75 86 37 60
87 77 91 40 55 71
54 34 68 21 2 88
70 53 9 15 73 33
78 51 82 89 7 80
66 62 29 64 46 95
79 44 94 93 83 42
22 20 59 92 32 57
96 85 6 26 43 76
74 90 8 4 36 87
77 28 52 47 31 19
1 41 98 86 15 45
61 91 7 18 63 33
40 89 30 12 27 11
97 50 64 44 73 10
9 22 2 82 66 55
58 70 79 84 88 25
96 65 78 38 24 92
83 99 75 23 59 17
14 80 21 29 85 3
72 26 37 34 81 48
49 46 60 53 67 71
95 56 57 54 13 94
42 32 51 39 68 5
93 20 35 69 62 16
73 79 61 90 92 6
97 98 27 43 88 59
80 10 66 18 96 17
74 1 25 91 82 44
8 30 78 45 67 64
26 15 31 63 87 99
48 14 46 7 42 24
33 39 23 93 12 49
53 13 5 62 19 65
4 16 85 95 52 22
57 34 76 51 69 55
68 38 84 75 47 20
81 21 9 28 58 35
94 86 40 50 29 72
2 60 11 77 41 56
32 71 54 83 70 36
43 89 42 37 3 62
1 30 17 95 92 88
33 26 79 52 57 80
5 48 82 76 18 4
65 8 39 99 21 61
67 63 24 16 28 10
44 23 6 66 35 77
32 40 2 14 97 38
60 54 72 85 74 20
98 50 56 55 36 78
3 93 34 31 46 73
51 96 53 90 86 12
29 87 13 27 70 68
59 37 7 41 9 47
58 49 15 69 22 89
45 75 11 25 71 94
19 83 81 91 84 64
52 2 63 65 17 44
88 40 5 8 28 26
21 16 38 60 73 66
92 93 68 56 76 67
70 97 57 7 3 72
89 23 10 29 90 1
94 24 32 58 87 98
84 62 50 11 51 22
41 81 95 75 78 43
53 18 37 99 54 27
55 49 14 31 83 74
36 59 19 33 48 85
80 12 15 25 20 77
61 42 86 30 4 13
35 64 79 47 34 82
46 45 39 91 6 69
89 9 96 71 5 84
27 72 62 52 23 41
55 10 95 37 11 58
16 76 1 8 53 83
88 90 18 19 60 32
87 92 44 49 86 21
25 99 3 68 24 40
2 61 85 51 98 81
12 29 38 9 57 48
43 7 66 30 79 15
78 4 47 39 63 70
71 56 73 59 69 26
13 82 14 28 93 45
42 6 65 64 33 20
50 75 31 96 91 54
17 94 74 34 77 67
36 80 22 35 97 46
