28 40 41 31 10 73
42 32 36 56 72 17
18 5 59 54 50 7
60 3 55 37 48 21
64 45 14 29 52 19
2 15 39 35 49 57
33 69 61 65 13 46
22 4 53 30 66 67
9 63 74 47 16 27
6 25 26 68 51 11
44 23 1 70 71 12
20 38 62 34 43 24
42 58 18 31 8 28
55 73 69 36 59 64
29 2 50 67 52 17
66 40 3 14 54 15
9 57 37 51 26 30
63 4 27 21 45 38
10 70 34 48 39 11
62 12 5 68 35 33
43 65 74 1 8 19
25 71 32 13 60 20
16 44 24 61 7 72
23 58 56 6 49 53
51 46 22 41 47 3
40 42 1 33 9 1 2 45
66 10 12 36 37 65
68 31 43 70 57 69
14 17 71 5 4 8
55 56 16 62 73 18
58 22 13 63 7 64
15 67 47 1 11 21
27 20 54 6 46 29
35 19 61 28 23 34
38 49 48 32 44 41
26 39 60 50 30 24
53 25 52 72 59 74
11 13 8 73 2 37
62 67 14 57 63 42
34 15 45 46 7 55
41 29 68 66 47 19
4 51 28 36 5 1
31 3 59 49 24 71
21 65 30 43 72 40
61 70 27 32 26 33
54 35 52 58 38 60
44 56 50 64 10 25
48 69 9 74 6 17
53 23 16 39 22 20
47 12 72 13 18 67
29 57 36 70 46 42
7 19 3 2 4 62
37 44 28 56 14 27
31 1 51 48 73 52
40 5 69 22 34 25
65 11 66 18 35 16
30 68 6 15 32 64
24 41 54 8 9 23
12 26 43 59 49 63
50 71 38 33 53 55
20 17 58 21 61 10
60 36 74 39 45 44
67 31 32 25 35 14
23 68 48 2 42 65
34 51 64 54 66 72
12 6 38 16 8 70
52 5 13 27 19 15
60 9 73 4 10 43
24 11 63 46 53 17
47 37 20 57 28 33
69 50 26 58 3 45
21 40 71 7 74 39
59 1 30 41 62 56
49 55 18 22 61 29
4 11 36 23 64 52
13 14 2 53 43 70
15 17 16 26 45 37
58 34 9 3 12 67
72 20 35 73 19 50
59 62 47 61 48 44
30 18 10 27 71 68
46 38 5 74 56 31
1 24 57 25 55 54
8 51 32 29 63 40
60 33 7 42 41 6
49 39 21 69 28 66
65 70 62 22 15 9
45 43 71 56 48 35
67 64 57 74 27 23
19 68 46 40 59 58
8 72 26 47 31 4
10 36 13 3 16 49
42 20 5 63 55 66
50 41 25 14 61 65
44 21 22 73 54 6
2 53 60 51 12 69
52 34 37 24 18 32
11 28 29 38 7 30
17 39 66 33 1 56
45 48 46 5 23 67
41 74 55 26 54 13
16 42 43 15 58 51
32 6 10 24 59 2
65 27 73 3 34 53
17 64 70 28 60 47
71 29 72 37 62 22
61 52 4 12 40 39
57 38 25 19 21 18
35 69 8 20 30 44
7 1 49 68 9 14
63 36 31 11 33 50
54 16 28 71 67 2
39 47 58 32 65 5
17 22 59 38 27 51
64 21 73 46 24 12
37 70 35 52 41 7
6 66 31 45 13 62
44 14 19 55 9 11
30 74 49 34 50 42
48 53 26 36 18 40
23 33 3 43 25 29
8 56 61 57 60 68
1 72 15 10 69 63
4 67 65 20 55 51
13 42 9 59 21 35
14 36 34 71 6 47
66 73 7 38 26 23
70 30 2 25 74 58
39 54 63 19 37 31
10 33 46 52 8 22
50 32 48 12 16 57
18 43 41 5 17 44
27 62 49 11 60 40
56 29 24 69 15 4
72 68 45 28 3 20
53 64 42 9 61 1
