24 4 21 10 15 44
53 61 36 17 45 56
1 39 55 52 23 8
16 43 59 3 49 18
28 63 34 38 51 7
48 32 22 57 14 9
26 5 2 37 50 31
12 27 41 54 19 25
30 40 29 60 62 6
58 42 20 35 13 46
47 56 63 22 11 33
26 51 8 57 17 49
50 10 52 18 54 43
2 36 60 44 21 27
48 14 62 24 42 45
39 59 46 31 4 53
33 15 20 55 7 29
9 23 61 6 5 35
12 11 32 30 58 41
13 28 40 34 3 25
16 47 37 1 38 19
7 62 10 50 55 59
49 61 51 54 44 4
11 6 20 53 33 24
34 12 14 60 43 8
15 48 38 46 19 31
36 32 39 63 13 18
26 35 27 1 29 3
21 9 37 58 40 16
17 25 42 2 22 30
45 5 52 41 47 57
43 31 23 56 28 11
63 61 44 50 26 53
6 37 14 36 59 54
22 1 17 13 15 4
5 10 46 62 27 34
56 30 49 52 20 57
7 16 21 48 8 25
42 33 55 32 41 3
9 28 47 39 60 24
19 2 58 40 23 51
35 29 45 38 18 12
14 31 61 25 20 1
55 4 27 37 63 43
60 17 48 52 59 11
3 50 13 30 9 19
24 29 22 34 21 36
41 18 62 28 7 53
42 46 26 23 47 10
51 35 32 5 56 16
8 45 15 2 54 40
44 38 6 39 57 58
33 12 21 49 14 28
18 30 31 23 41 63
52 3 36 7 46 61
13 62 20 51 37 2
6 22 15 16 26 60
49 33 58 10 39 48
45 43 1 19 32 44
8 9 54 27 47 53
4 57 11 35 34 50
59 25 40 29 42 56
24 12 5 38 55 17
31 60 49 32 45 7
10 30 51 36 1 9
15 27 54 18 34 33
8 22 35 37 44 59
40 50 38 20 41 17
55 16 57 11 2 29
62 56 3 14 4 39
43 5 19 21 53 42
12 13 23 61 24 47
6 63 26 28 48 52
25 58 50 49 46 45
27 39 17 41 16 14
44 3 9 62 11 38
47 36 55 35 31 40
57 19 60 61 18 10
53 37 34 42 52 12
56 2 1 7 6 24
29 8 28 46 58 22
30 54 13 26 48 43
59 20 63 15 21 5
33 32 23 25 51 4
41 53 2 10 60 35
34 49 42 9 55 6
43 7 39 61 40 22
58 17 54 31 63 62
45 38 59 33 26 13
32 24 56 8 50 27
46 18 11 21 51 1
23 57 25 3 15 37
4 36 16 20 28 12
29 44 47 5 48 30
19 52 7 14 35 58
54 38 56 60 1 42
21 10 3 17 6 32
40 57 43 63 24 46
59 61 28 27 37 30
4 34 41 47 2 48
19 8 62 11 36 26
13 53 14 29 49 23
44 52 31 9 16 33
51 39 15 12 45 50
22 25 18 20 55 5
