76 3 63 36 6 71
21 46 28 12 55 47
59 79 34 42 19 44
66 35 69 30 33 75
61 16 86 13 60 10
7 2 32 31 62 11
83 45 54 80 85 43
4 5 1 52 56 25
9 51 82 39 38 87
81 23 26 58 50 27
40 18 15 93 8 68
24 88 57 37 22 65
14 77 53 70 20 84
48 29 73 64 92 72
90 78 91 67 41 17
89 74 21 49 45 2
6 82 4 43 60 55
27 86 30 34 28 36
11 79 3 13 54 5
35 47 23 76 59 62
69 31 80 18 1 84
88 58 46 7 9 40
12 22 8 75 83 56
93 64 91 33 51 50
53 78 48 39 63 89
67 44 14 92 25 49
42 37 74 77 17 72
32 87 90 16 68 29
20 73 24 52 38 10
61 85 81 65 41 71
57 66 70 26 19 15
23 1 51 75 45 34 11 1
58 53 13 1 78 82 62
69 86 5 44 76 54
67 80 4 88 64 79
27 89 56 17 18 32
46 50 59 20 8 92
36 31 81 14 60 90
6 91 85 70 48 68
49 65 52 83 15 77
30 71 1 40 21 22
57 72 16 9 25 55
28 73 61 63 93 26
41 10 35 19 3 37
87 24 33 84 74 7
43 39 29 47 38 66
42 12 14 78 2 13
59 52 51 86 70 89
22 80 27 46 90 77
18 81 34 49 91 20
9 75 53 1 61 6
56 16 93 35 31 58
88 10 74 85 69 23
29 63 17 82 24 19
55 65 42 92 32 39
54 36 37 38 21 64
76 68 45 25 7 66
87 83 3 2 26 30
41 28 11 8 84 43
47 15 71 50 4 72
79 44 33 57 48 62
60 5 67 73 12 40
77 39 49 61 93 19
22 13 59 29 6 18
63 27 31 52 42 85
21 91 35 53 87 69
36 17 82 65 16 8
71 14 50 37 75 7
54 15 46 41 23 24
72 80 5 38 81 30
78 47 84 3 86 45
62 43 89 67 10 9
60 32 11 33 25 83
51 92 2 28 57 4
64 26 40 79 56 20
74 58 68 73 1 44
76 34 88 70 90 12
55 48 54 81 87 66
35 72 45 63 14 18
3 9 69 8 29 77
93 85 75 38 32 59
33 47 65 27 2 67
25 46 86 91 39 71
82 84 92 5 23 64
50 90 19 74 56 73
15 30 43 16 44 12
58 70 61 37 55 79
10 49 17 28 1 48
68 21 36 11 52 80
6 66 62 31 20 88
83 24 4 13 89 34
40 41 76 53 42 57
7 26 78 60 22 51
19 81 64 32 69 12
8 67 87 23 37 86
54 49 84 30 59 9
90 93 55 2 44 43
48 61 21 82 27 14
52 45 58 71 92 33
50 89 65 11 76 46
66 17 31 3 4 53
22 28 20 5 68 35
26 38 75 91 62 16
1 29 60 15 51 79
70 72 39 10 40 83
36 73 47 18 88 42
6 77 25 85 78 24
80 74 13 63 7 41
56 57 61 34 43 87
44 45 50 17 9 22
62 14 55 93 52 30
75 4 29 58 21 76
51 27 83 5 20 37
23 71 19 18 28 60
1 91 92 89 77 88
64 66 49 46 42 16
3 65 70 25 48 80
85 13 47 73 8 57
56 67 7 39 54 6
34 90 38 69 63 15
86 24 2 81 35 40
12 41 33 68 82 31
84 79 32 10 36 78
11 26 53 59 72 74
62 18 70 21 5 50
89 87 60 42 93 80
64 17 6 83 57 14
91 13 44 28 65 45
4 7 23 61 35 90
77 55 56 68 86 63
48 88 8 30 58 51
31 40 78 75 19 49
37 85 29 84 46 2
20 36 9 15 33 73
82 71 67 59 66 11
32 22 41 72 69 52
24 43 1 26 76 39
34 54 10 47 53 25
92 12 38 74 3 27
16 81 63 21 79 83
87 19 58 65 5 6
75 68 15 17 84 89
66 37 9 23 56 91
48 69 93 13 46 36
72 30 76 78 61 20
10 77 18 4 33 26
49 62 12 80 29 86
90 7 52 79 47 82
25 31 51 43 74 22
14 40 34 85 3 28
1 32 57 50 67 54
92 11 42 81 70 24
2 59 39 16 73 41
45 27 8 55 53 64
44 35 38 60 71 88
69 6 37 26 49 47
29 30 25 23 89 31
15 80 10 56 14 76
72 12 85 87 36 1
43 33 21 17 92 13
57 52 74 46 75 81
39 64 18 90 11 58
68 59 60 24 62 27
8 70 44 4 63 32
19 20 16 45 67 48
86 83 28 88 53 7
5 9 78 71 34 93
22 42 3 91 82 61
73 84 65 51 54 35
79 2 41 77 50 66
38 55 23 40 11 13
