85 57 4 88 71 48
68 91 38 40 2 32
12 28 34 59 11 8
60 87 10 89 19 23
21 79 1 36 35 86
30 84 90 97 22 26
93 53 72 55 67 7
51 56 81 77 15 58
14 82 47 76 24 80
42 6 75 52 37 20
74 94 65 39 9 83
3 96 27 29 69 50
33 49 73 31 43 13
44 45 18 46 92 5
62 25 17 64 54 78
95 70 61 41 66 16
63 7 11 15 40 82
26 47 89 53 8 88
85 72 10 68 52 83
76 39 79 56 29 12
65 60 27 1 30 2
23 59 50 48 55 38
81 4 69 75 33 45
90 6 28 16 32 62
87 9 54 95 86 51
43 34 97 66 46 25
49 94 92 77 78 93
13 21 67 5 61 84
73 57 36 70 17 3
96 35 71 24 91 20
18 41 19 58 37 74
42 63 31 14 44 22
64 4 11 26 80 72
65 1 59 76 97 62 40 1
49 1 12 9 75 82 23
29 30 55 78 61 32
38 81 16 34 84 73
47 52 46 60 21 96
1 8 77 67 68 87
2 74 20 56 48 86
6 70 93 18 64 91
36 25 13 22 89 7
69 10 35 17 44 66
41 51 31 79 5 85
83 15 43 45 71 90
88 58 63 94 33 24
19 14 28 57 92 27
42 3 80 39 53 54
50 37 30 47 95 40
4 76 67 96 74 70
18 66 89 86 49 29
75 16 60 5 11 68
9 81 62 46 36 71
22 72 41 69 34 56
52 2 55 35 43 14
20 15 94 80 13 12
61 39 44 48 24 73
84 51 50 82 45 19
65 31 53 58 10 57
37 83 8 91 27 17
95 63 64 21 28 97
88 93 38 87 42 25
54 23 32 33 77 79
78 1 59 90 85 3
26 7 76 92 6 34
20 82 39 67 69 18
73 29 35 51 22 62
55 83 60 44 41 36
58 48 64 84 12 68
70 65 56 46 89 24
74 27 49 81 11 21
45 25 52 79 80 95
78 97 5 4 14 37
1 31 61 40 9 88
94 53 66 2 50 87
19 17 47 32 85 15
3 77 86 6 72 43
16 93 63 30 96 10
54 38 8 7 75 57
13 90 91 23 42 92
71 33 26 59 28 41
49 95 35 84 60 39
31 80 37 67 81 2
27 78 34 44 79 88
21 87 15 65 73 4
66 20 22 5 77 47
70 83 48 63 32 1
97 68 57 96 51 6
72 45 14 54 29 13
9 18 11 25 90 76
42 64 59 19 30 7
69 24 26 12 52 36
89 91 75 62 58 55
82 16 71 8 94 3
56 43 23 17 40 93
86 46 85 53 38 28
10 92 33 61 50 74
39 32 14 25 21 51
7 18 78 87 47 31
68 26 79 37 70 9
34 62 5 83 57 42
45 3 30 41 67 12
13 16 77 35 48 97
52 90 94 38 56 19
40 27 6 10 22 4
43 88 81 20 60 29
71 49 44 50 1 58
86 96 17 55 65 82
11 36 33 91 95 53
15 66 84 93 59 54
24 64 2 85 75 92
74 73 69 80 63 89
8 23 46 72 76 61
28 22 48 37 87 43
50 20 9 57 78 41
32 86 58 60 26 42
17 7 14 79 16 49
6 12 81 35 47 25
10 67 29 34 75 94
92 71 84 69 40 70
24 97 45 11 38 1
53 5 30 15 23 52
8 62 96 66 39 85
77 19 80 91 88 65
93 13 51 3 76 83
27 61 68 63 36 90
89 33 72 2 44 21
73 54 56 28 55 18
82 46 95 31 4 59
64 35 32 74 34 45
23 84 37 94 1 96
7 50 24 62 60 77
11 85 69 6 14 65
25 41 15 49 10 91
80 97 75 27 86 70
83 54 21 12 19 16
43 89 95 76 38 78
90 8 40 51 20 64
59 68 44 56 13 53
29 31 52 71 93 74
48 42 67 9 47 33
57 55 46 63 26 87
92 88 66 30 73 82
4 58 2 28 17 39
61 18 22 81 79 3
36 5 40 72 65 49
