2 32 15 28 9 21
31 11 1 47 25 35
14 51 7 22 33 37
39 30 34 52 26 53
20 56 44 6 50 27
38 12 16 36 4 45
8 48 40 54 55 5
18 49 43 10 13 24
46 42 29 17 41 3
53 23 39 19 11 2
33 30 50 9 38 31
15 40 47 22 36 52
27 21 25 7 37 10
29 41 8 34 32 35
24 54 20 4 5 42
17 44 51 49 56 16
55 3 43 1 18 23
45 13 6 28 48 26
14 31 19 12 46 15
2 24 1 27 11 1 38 41
33 17 49 8 53 32
37 1 4 40 39 44
54 22 29 50 28 43
10 55 52 12 20 45
30 42 21 56 13 47
14 9 23 16 25 48
34 51 6 5 19 3
7 18 26 35 36 46
52 54 50 1 49 41
45 37 8 30 43 2
24 39 14 21 47 55
15 51 11 29 20 38
10 44 5 36 19 33
16 40 28 31 34 18
9 56 32 3 7 35
53 4 13 46 22 25
23 12 27 6 26 17
42 2 36 48 29 14
21 11 18 50 8 51
5 31 32 37 52 56
28 20 34 47 49 38
26 41 55 19 16 22
27 17 54 13 9 39
3 30 25 44 24 12
35 40 42 23 45 33
43 6 53 4 15 7
48 46 38 1 10 56
47 14 22 18 27 5
26 8 24 44 29 31
32 25 17 40 45 50
16 3 37 15 53 28
19 35 4 21 48 49
11 43 34 42 12 9
41 36 6 51 1 39
7 52 33 55 2 13
46 10 20 30 23 54
38 50 3 26 5 14
48 22 44 11 32 12
36 15 1 24 34 17
29 52 19 25 18 37
54 45 53 31 21 51
49 46 40 2 6 9
43 33 56 41 39 20
55 4 28 35 27 30
42 10 47 8 7 16
13 5 12 23 15 29
37 24 48 50 34 46
39 2 22 20 3 31
38 35 21 43 17 52
49 7 30 11 14 40
51 55 9 4 26 10
56 28 36 25 8 23
53 47 18 41 44 45
32 1 19 27 42 13
6 16 24 33 54 11
