59 44 47 63 31 24
41 51 30 67 60 57
13 26 37 17 18 55
58 54 56 45 8 16
4 38 52 25 20 2
22 53 21 64 69 70
10 27 40 65 36 48
5 11 6 49 9 28
1 35 33 32 66 12
50 19 46 29 14 39
15 61 3 7 42 43
68 62 40 34 23 22
30 52 27 11 13 56
26 5 44 38 70 65
20 60 12 37 14 69
66 50 6 58 55 3
42 19 8 25 9 10
57 32 17 59 21 62
24 49 15 36 41 54
45 1 4 46 23 68
16 48 61 2 29 34
28 43 39 53 33 51
67 63 7 35 31 18
47 54 19 64 40 5
36 1 25 44 68 1 50 30
59 1 12 41 42 1 4 58
55 34 14 27 9 21
39 16 26 63 52 69
35 13 57 20 70 49
46 64 66 61 60 17
6 10 47 1 7 53
18 23 24 33 3 56
45 37 67 22 48 28
8 65 2 32 43 31
11 29 38 62 15 51
13 36 58 39 47 60
3 49 30 63 4 53
28 24 10 68 57 26
17 34 41 6 35 19
65 69 54 61 33 62
43 16 21 44 1 11
18 42 32 27 51 20
9 29 64 23 12 67
70 45 7 40 2 50
31 15 25 46 22 55
5 8 14 59 52 66
37 68 48 56 38 35
65 23 42 21 6 13
32 64 7 41 28 16
60 1 27 19 2 26
14 67 25 17 24 43
69 57 50 11 47 8
20 40 59 44 39 3
48 15 18 58 30 70
62 53 9 52 37 46
51 61 4 5 56 22
33 63 45 55 10 29
36 34 31 66 54 38
8 49 39 12 17 7
60 40 15 52 28 50
9 1 51 48 59 13
55 67 69 68 32 5
70 19 33 4 37 16
31 58 53 25 11 23
2 46 12 54 6 63
22 29 27 41 47 43
56 44 34 57 42 64
38 21 61 10 49 18
14 62 36 3 35 26
30 20 66 45 24 65
68 31 11 70 39 41
55 48 60 44 7 23
56 19 59 49 67 53
17 22 63 38 58 1
43 54 50 4 18 9
37 25 29 40 66 57
13 10 2 64 3 14
42 46 35 28 30 69
32 61 52 6 36 45
16 62 12 24 5 27
20 26 8 21 33 15
51 65 49 47 34 37
69 66 9 44 41 18
70 56 28 36 55 1
31 17 5 50 42 48
11 22 35 59 10 60
46 40 38 13 67 8
54 52 68 29 7 21
53 65 14 15 57 16
24 6 39 64 27 4
58 63 43 19 62 20
12 45 3 34 51 25
23 47 32 26 30 61
33 59 36 2 68 42
