4 33 36 13 5 75
81 16 42 72 74 53
15 63 31 57 84 59
69 11 35 1 6 78
73 19 40 44 29 26
8 65 82 39 2 3
50 43 71 64 27 12
46 79 83 47 52 85
22 7 49 28 20 61
38 51 60 45 62 34
54 70 41 68 24 37
76 32 67 86 30 77
21 58 66 10 14 56
25 17 9 80 48 23
1 18 82 55 79 74
65 44 42 50 35 13
84 36 61 51 46 3
53 20 39 60 4 41
12 83 69 29 16 31
68 15 86 85 22 73
52 10 27 67 75 24
5 6 30 34 47 80
56 23 71 37 49 32
66 54 62 43 33 8
78 21 18 40 59 17
76 19 25 11 81 38
77 70 2 7 72 14
48 45 58 57 55 64
63 28 16 26 9 46
10 1 23 84 50 1 29 79
24 74 62 15 39 12
27 17 44 4 68 69
18 13 3 83 66 30
14 37 82 33 53 7
56 81 36 77 78 45
51 47 9 58 43 76
80 60 64 70 11 28
71 72 22 25 8 21
34 26 2 31 61 86
75 35 85 32 57 40
55 67 5 63 19 41
49 73 65 6 48 54
38 1 59 20 52 42
33 51 69 70 18 81
43 74 78 7 84 83
79 77 68 66 26 60
47 31 36 28 37 39
4 40 72 82 34 10
58 41 25 29 61 32
75 59 48 44 46 11
86 63 35 62 49 21
13 73 14 55 71 17
67 8 38 53 50 9
56 52 15 80 76 65
16 3 1 5 54 64
42 30 57 22 2 24
23 85 45 27 6 19
12 34 70 20 75 84
10 83 63 32 44 60
9 11 29 37 4 77
82 46 43 31 73 56
59 62 55 3 80 81
26 78 49 52 14 50
39 85 61 67 21 33
35 24 5 71 53 45
38 28 57 72 68 13
74 58 20 36 69 65
41 76 6 40 22 12
64 47 86 23 7 18
2 48 15 27 1 66
8 30 19 16 17 51
42 25 56 54 79 63
81 21 52 60 13 84
11 31 68 10 71 74
22 14 29 46 5 39
24 72 80 44 86 43
6 70 53 59 36 26
51 1 57 41 77 23
19 32 7 9 12 54
45 50 75 76 82 28
8 83 4 61 42 48
18 67 37 35 2 20
65 66 34 85 78 55
64 69 73 25 62 30
79 15 33 17 3 58
49 27 38 16 40 47
84 9 72 39 56 1
50 68 61 6 81 63
74 13 46 19 86 70
66 32 20 11 24 51
48 29 71 62 82 78
83 34 28 15 67 14
73 60 16 33 35 59
79 41 75 65 38 43
12 5 10 57 26 37
30 23 55 21 4 31
52 45 40 69 7 8
53 77 44 3 25 47
49 42 85 36 64 76
54 80 27 18 58 22
17 56 50 2 41 74
43 37 13 48 63 34
78 12 79 73 28 51
5 60 23 61 65 72
46 10 81 30 20 15
7 3 26 42 71 67
29 80 68 36 8 35
2 64 4 32 38 52
21 57 27 9 82 70
31 53 1 58 49 19
17 22 47 84 45 11
86 39 6 75 66 25
14 44 76 62 18 16
24 40 33 77 55 83
59 54 50 69 85 10
