43 64 46 18 54 44
38 42 4 29 3 37
17 45 6 27 19 2
66 13 58 30 59 7
24 36 10 16 61 12
60 33 57 5 56 50
63 26 52 49 55 32
23 35 15 48 62 39
8 28 9 40 22 34
41 11 31 21 65 25
53 1 47 51 14 20
50 6 2 52 24 29
63 16 43 3 5 59
37 30 36 22 18 45
15 11 54 7 38 12
10 27 26 62 64 1
9 55 19 17 39 65
4 20 21 13 57 23
40 53 31 61 44 42
60 8 58 51 35 32
33 14 34 28 66 41
48 49 46 25 47 56
36 21 63 6 62 52
5 45 61 50 9 11
23 59 4 55 22 54
32 18 7 31 19 33
29 15 65 20 66 26
14 35 10 49 2 40
28 39 51 46 3 24
56 48 58 64 37 34
27 47 41 12 43 57
16 53 44 30 17 60
38 25 8 1 42 13
35 54 20 5 36 18
15 3 48 19 64 45
10 34 4 46 11 32
51 33 58 12 21 17
53 63 30 25 27 50
22 24 14 26 31 42
57 1 49 59 29 40
6 55 13 60 41 9
62 37 28 43 65 7
44 8 56 61 52 47
39 23 16 38 66 2
33 40 25 27 22 3
26 60 51 30 9 54
65 42 36 50 46 59
19 5 37 13 8 12
62 17 18 4 52 56
61 34 1 2 21 15
32 16 6 14 28 48
29 64 66 55 45 35
20 38 47 31 10 63
58 43 39 11 53 57
41 23 24 44 49 7
34 51 5 26 65 40
12 29 45 16 59 14
54 62 50 8 66 6
30 33 38 48 9 35
44 3 41 1 36 32
46 15 22 24 57 63
56 31 43 4 13 39
55 20 52 28 58 11
2 7 17 64 47 42
18 19 21 53 25 10
27 61 37 60 23 49
45 1 65 63 56 33
9 40 38 58 41 46
13 32 22 35 17 66
6 15 19 31 16 51
54 57 27 10 61 28
14 30 47 37 4 55
42 52 48 5 60 43
64 18 59 34 24 62
20 12 50 2 25 44
3 23 11 8 29 53
39 7 36 21 26 49
66 51 48 42 63 27
24 31 5 1 58 55
47 13 18 40 50 16
2 62 29 33 32 54
52 41 22 10 30 39
7 46 21 45 60 20
56 61 9 3 14 43
35 44 26 57 6 4
11 59 25 17 37 15
49 12 53 64 65 8
19 28 34 36 38 23
22 5 62 45 51 41
18 2 46 26 13 48
52 7 25 9 57 16
21 11 44 59 56 27
54 42 14 58 63 19
38 49 24 66 4 53
1 20 40 37 39 6
36 28 64 47 29 60
32 12 65 30 61 23
8 43 10 33 15 55
17 50 3 34 35 31
16 54 66 41 56 1
13 37 11 44 24 51
21 5 64 32 14 38
19 22 30 43 20 29
59 10 17 23 50 26
4 40 60 12 63 2
57 48 31 62 8 36
42 9 49 15 18 28
25 58 61 47 39 45
3 7 35 65 52 27
34 46 55 53 6 33
41 2 8 63 51 59
9 32 21 24 54 37
36 50 13 15 58 14
49 16 20 42 43 62
57 40 30 11 17 64
7 1 19 61 4 46
65 44 55 22 48 38
35 56 12 28 26 53
39 27 60 18 34 29
25 6 3 66 10 5
52 45 33 31 47 23
59 41 61 20 48 64
32 53 56 40 36 15
51 2 57 55 38 18
29 44 63 7 10 9
47 26 62 11 60 19
45 34 3 54 49 13
24 27 17 14 8 5
23 25 42 43 6 35
37 12 66 46 31 52
50 30 28 39 21 1
58 4 16 65 33 22
