19 8 23 27 38 7
25 42 33 20 40 13
43 47 26 32 34 18
6 28 31 24 21 15
4 35 36 5 9 10
44 14 2 29 45 12
41 11 16 22 39 30
46 1 17 37 20 3
38 6 21 26 44 4
25 41 43 19 27 12
2 36 32 8 15 17
24 14 30 34 22 33
7 3 5 37 47 39
23 29 9 11 31 40
42 13 35 1 28 45
46 10 8 33 18 16
23 27 1 5 25 4 1 32
40 1 9 19 20 26 14
16 12 37 31 15 42
39 7 45 17 21 34
36 22 38 28 29 43
44 30 3 18 24 13
47 35 11 2 46 41
6 10 27 1 29 32
4 40 3 8 37 30
7 26 31 46 35 43
17 38 18 14 11 42
34 23 15 22 41 1
44 47 16 36 28 25
24 12 10 45 20 5
19 33 39 9 2 6
37 21 14 13 43 23
40 17 44 15 5 35
26 16 1 33 2 24
9 27 8 21 42 47
45 4 46 22 19 25
38 13 31 39 10 36
6 34 12 3 18 11
28 20 7 30 32 41
16 24 46 29 4 38
18 1 27 36 40 45
47 2 20 31 37 22
29 33 21 41 3 35
12 26 9 23 17 28
15 30 25 14 39 43
5 13 8 11 6 19
42 7 34 10 32 44
28 4 18 31 39 20
35 17 26 27 16 13
32 46 22 40 12 21
3 25 34 42 38 2
33 45 11 15 36 47
43 37 9 8 44 24
1 5 6 7 41 14
10 19 29 30 23 47
13 9 15 34 46 27
11 43 44 4 33 1
14 23 40 16 3 28
18 31 29 17 25 7
32 24 37 41 36 19
21 30 2 12 5 38
22 45 10 26 8 39
20 42 36 35 6 23
27 32 31 3 14 33
12 15 2 13 7 4
45 18 41 38 16 9
1 44 42 30 19 46
40 43 22 47 17 6
29 8 20 5 34 26
21 11 28 10 25 37
39 24 4 35 27 40

