39 34 37 23 35 21
15 20 1 27 7 31
29 33 2 19 11 38
32 5 6 12 18 30
4 16 24 26 13 28
40 25 3 9 8 14
30 17 10 36 22 12
34 5 28 31 1 2
25 23 27 7 6 24
19 36 18 40 15 13
4 35 9 3 11 32
21 10 20 16 37 14
38 17 39 8 26 33
29 6 40 22 34 11
1 30 13 2 15 14
38 28 24 17 3 19
9 23 36 5 4 29
26 22 18 37 7 21
32 12 33 27 20 8
10 16 35 31 39 25
3 26 38 1 14 23
28 27 9 40 33 34
16 18 11 12 37 19
20 22 17 6 10 2
29 7 13 32 35 8
24 39 21 31 36 30
26 25 4 5 22 15
10 3 1 17 40 35
27 12 6 9 19 39
14 31 33 18 23 29
36 32 7 28 21 4
11 24 8 30 16 5
20 13 37 38 34 25
2 12 28 31 15 23
11 27 35 36 26 10
33 13 22 37 5 3
9 21 18 17 8 1
15 16 6 38 14 32
39 4 40 29 25 30
24 19 2 7 34 20
15 11 36 33 21 6
13 17 16 1 40 27
32 19 34 8 37 22
23 10 7 20 30 9
3 4 31 39 2 26
5 24 12 35 29 38
14 25 11 28 18 32
34 6 3 16 36 20
5 31 8 17 4 27
1 26 19 30 2 21
22 38 23 18 35 33
28 40 37 12 39 15
10 29 9 24 13 14
7 1 16 25 33 5
27 37 30 3 2 35
6 20 26 8 28 29
13 32 31 19 40 23
21 36 17 25 9 12
22 14 4 18 24 34
7 38 15 39 11 10
35 30 26 25 28 20
36 8 40 23 2 16
11 1 5 22 6 39
37 15 32 24 9 17
34 21 31 4 38 13
14 12 7 33 27 3
18 10 25 19 29 16
8 30 4 37 38 1
13 23 34 11 12 17
2 18 5 10 32 27
40 9 7 26 31 24
15 3 28 21 29 22
20 14 19 35 39 36
6 8 25 33 24 10
2 27 22 16 9 38
21 19 15 20 5 40
14 17 29 4 7 11
34 1 12 23 32 26
35 31 37 6 28 36
30 33 39 13 3 18

