18 32 61 16 24 70
21 82 13 26 8 81
73 47 65 62 42 11
52 78 38 57 64 58
75 2 39 50 15 56
46 23 69 12 76 41
59 19 14 37 55 43
53 10 44 17 4 28
80 85 48 71 34 25
35 27 63 84 79 20
77 74 36 3 6 9
45 5 51 54 40 68
72 33 83 7 22 49
31 60 67 30 1 66
29 12 32 81 55 47
24 42 85 23 4 59
58 48 15 84 73 16
28 35 74 13 34 38
14 63 26 77 65 75
8 36 25 54 76 2
18 9 82 30 78 7
71 50 10 69 1 45
41 56 43 51 53 52
17 57 80 67 49 27
40 33 21 64 19 46
5 6 37 72 31 62
68 22 79 29 70 66
44 3 11 83 39 20
78 73 61 60 63 74
4 45 54 1 82 1 35 12
65 1 84 25 59 41 67
76 13 32 85 77 33
18 21 72 43 42 1
36 81 71 70 5 23
69 29 31 44 75 57
64 37 68 7 48 24
39 52 34 61 14 66
2 27 19 62 26 28
11 38 55 40 80 9
3 53 47 58 50 49
6 15 22 8 20 17
51 79 16 10 60 46
30 83 13 56 64 45
76 72 44 74 68 67
77 39 31 71 18 54
42 52 7 5 32 84
69 4 37 21 2 34
50 81 28 14 9 20
1 70 51 55 27 85
43 79 58 25 61 6
60 56 3 29 65 8
80 24 46 22 75 73
33 23 57 15 11 53
17 30 40 35 59 26
83 10 19 12 63 38
41 66 47 16 36 78
49 44 62 82 48 43
51 29 4 74 64 14
46 65 45 9 61 85
75 72 27 32 60 58
25 73 50 37 18 35
63 54 59 6 80 21
34 56 70 19 17 11
26 20 69 33 66 5
15 47 7 67 71 40
1 12 22 52 13 36
82 38 23 2 77 16
68 31 10 41 42 49
53 81 76 78 83 84
57 30 48 28 3 55
8 62 39 79 45 24
66 58 71 56 46 4
40 70 75 12 37 74
44 25 27 47 52 21
36 18 51 65 38 69
23 84 64 72 50 26
82 28 59 1 83 29
48 31 79 13 9 17
5 78 53 67 8 19
20 77 41 55 7 61
63 76 42 15 3 14
16 80 33 81 39 68
85 49 6 73 2 30
32 57 34 62 10 22
35 11 54 24 43 60
48 66 8 23 75 18
47 61 5 38 17 1
84 28 77 56 21 12
27 14 53 68 69 82
52 40 73 4 72 79
20 74 2 45 32 80
81 24 30 10 15 65
22 16 55 63 25 64
46 43 3 31 34 78
54 62 9 58 41 33
39 67 6 42 51 35
76 7 70 57 59 50
36 26 37 44 85 60
49 11 13 19 71 29
83 74 17 65 16 52
61 23 56 27 31 40
9 68 43 2 47 63
33 84 75 6 82 4
70 38 54 20 46 48
34 12 8 7 51 44
78 49 15 32 1 35
14 5 13 73 41 57
21 55 50 24 36 83
10 58 29 80 26 76
59 62 64 60 69 77
37 71 42 53 30 22
25 45 3 66 19 72
11 85 81 79 67 18
28 7 73 39 43 23
55 68 6 65 13 78
4 8 41 70 80 83
9 16 12 27 59 5
20 82 56 47 37 10
24 17 71 3 51 84
66 40 77 42 44 81
74 69 19 85 54 15
45 52 60 49 28 18
26 46 1 57 25 39
48 35 72 61 53 36
38 21 62 75 76 30
22 14 2 11 58 31
34 67 29 50 33 63
64 54 65 79 32 82
