51 64 22 32 47 2
56 30 41 7 58 18
60 16 44 54 35 29
5 8 4 24 6 13
46 11 1 9 43 57
19 65 55 31 26 37
42 48 27 59 15 33
66 25 12 14 53 34
62 3 52 39 17 10
28 49 61 20 23 40
63 38 45 36 50 21
43 41 60 42 22 4
5 24 65 33 56 12
17 6 35 11 55 66
58 46 3 28 34 47
29 21 8 49 1 26
20 7 38 14 19 44
9 27 36 52 54 32
40 37 63 62 51 48
10 53 64 61 13 45
2 31 18 15 39 23
59 57 30 50 25 16
55 8 58 60 14 42
51 4 21 20 28 11
45 7 5 9 35 48
3 54 23 65 38 64
1 50 10 32 66 33
46 62 29 19 12 15
22 39 6 56 57 36
18 43 26 63 17 59
13 40 16 41 47 37
31 44 52 34 25 61
27 49 2 30 24 53
46 55 23 45 20 56
21 59 39 12 58 65
7 3 22 8 62 50
57 28 31 41 33 29
6 14 49 15 9 10
37 4 36 26 44 53
1 34 13 2 60 30
25 24 54 47 17 42
66 5 51 61 52 38
43 63 27 40 64 35
19 32 18 16 11 48
1 33 62 58 23 44
22 14 21 46 30 31
50 56 42 29 13 51
24 15 20 35 36 52
12 37 57 27 10 8
53 32 60 3 19 63
6 16 59 64 7 28
54 26 47 39 66 45
38 18 9 25 4 40
61 48 2 17 65 41
43 34 11 55 5 49
21 44 32 13 57 15
51 50 19 39 58 24
47 52 40 56 59 1
48 66 30 64 8 20
53 35 5 23 41 22
49 33 25 37 60 46
16 9 61 12 43 3
31 63 54 11 2 7
62 42 34 26 38 6
36 65 28 10 18 55
17 29 14 45 27 4
47 23 9 21 30 19
7 61 24 37 22 1
35 32 59 62 56 31
65 10 46 44 40 8
54 28 15 50 53 43
49 4 3 52 42 66
64 57 17 5 36 60
34 45 51 18 16 27
33 39 26 13 11 14
41 12 63 25 20 55
29 2 38 48 6 58
30 10 35 4 54 46
8 31 17 53 51 9
34 64 56 42 21 37
11 36 41 3 59 14
40 55 33 32 29 7
52 12 13 38 22 28
16 15 58 66 63 24
26 19 25 27 1 5
47 18 50 61 60 6
57 20 62 2 45 65
44 48 39 23 49 43
55 53 16 33 21 52
10 29 19 22 59 34
15 31 64 4 1 12
60 27 11 38 41 62
8 42 39 63 61 32
14 47 65 35 50 49
58 37 20 18 5 54
28 2 66 44 9 56
30 45 25 6 51 43
23 13 7 36 46 17
48 40 26 24 3 57
