48 15 51 7 40 17
27 42 58 9 45 41
50 20 55 2 43 49
56 21 52 36 65 32
46 38 1 18 14 19
39 47 64 35 66 37
31 59 57 61 23 60
4 62 34 26 54 8
44 24 16 28 13 6
10 3 11 30 53 22
12 63 25 33 29 5
65 49 61 23 40 27
21 41 37 15 2 54
4 44 56 46 48 39
36 11 14 45 62 3
7 5 1 42 55 16
31 6 58 63 28 29
13 47 20 22 26 10
17 35 50 57 25 66
59 53 18 52 24 64
51 19 43 12 34 32
38 8 9 60 30 33
21 65 22 29 1 39
20 31 40 14 44 17
64 16 66 52 61 63
11 4 32 58 59 41
43 3 6 9 27 46
25 36 62 48 60 38
19 15 53 47 8 50
35 26 33 2 28 18
5 45 56 30 23 51
34 57 49 37 7 10
55 54 12 13 24 42
1 41 43 60 52 25
61 17 2 39 3 18
22 40 5 62 59 28
36 16 9 37 31 53
24 58 15 34 33 65
8 57 55 44 32 6
26 13 63 49 11 51
14 30 21 50 42 4
46 12 45 20 7 64
27 66 47 56 54 38
10 23 35 48 19 29
18 44 11 5 37 43
28 58 25 8 52 30
33 50 45 40 39 41
57 1 65 12 9 26
15 20 63 4 61 36
23 6 46 34 22 66
21 38 27 55 35 53
62 19 17 64 13 56
24 2 31 42 10 48
49 60 7 32 14 47
3 29 59 54 51 16
41 18 30 20 12 57
19 22 37 58 55 61
26 25 44 53 56 42
6 17 5 47 65 2
45 49 66 31 4 3
13 48 7 59 33 21
54 46 52 35 60 11
32 38 39 16 34 15
14 10 28 27 51 64
40 29 43 8 1 36
23 63 62 24 50 9
45 37 61 6 21 26
19 34 35 41 5 31
38 7 33 4 64 65
32 55 28 17 46 29
52 3 23 15 12 44
42 2 59 8 27 63
13 14 40 66 9 30
54 22 48 57 43 16
11 25 39 49 24 36
53 47 1 51 62 20
58 10 60 18 56 50
23 8 7 63 41 3
30 61 13 43 32 35
42 36 52 19 33 6
51 37 24 38 22 4
50 59 54 44 1 31
34 47 28 57 45 21
55 64 2 40 11 56
16 60 26 17 27 12
29 18 49 53 66 62
10 15 65 25 46 14
20 48 5 9 39 58
33 43 24 56 31 47
60 42 34 3 64 40
29 50 52 37 38 13
17 28 4 1 11 23
66 26 41 10 5 55
58 51 21 62 46 57
49 35 15 6 45 59
12 53 8 61 14 48
2 9 44 7 36 22
65 39 19 63 30 54
16 32 27 25 18 20
3 37 46 1 33 13
48 56 12 11 6 50
64 26 14 43 58 23
22 57 29 5 15 42
53 63 10 40 32 45
31 52 62 39 7 27
59 30 34 55 17 36
60 20 24 66 21 19
41 54 61 28 49 38
47 4 9 25 16 2
51 18 35 65 44 8
