14 18 12 62 17 16
27 55 51 42 19 10
15 41 68 36 61 31
11 35 73 29 5 66
71 30 48 67 47 33
7 4 8 38 72 59
69 26 28 3 45 54
37 34 58 1 65 77
63 25 75 64 2 43
9 23 20 52 53 13
46 57 44 40 60 39
70 24 49 50 32 74
6 76 21 56 78 22
73 31 72 47 62 27
17 51 54 68 48 38
63 71 41 12 34 69
4 66 14 28 15 1
75 36 40 30 45 55
70 7 2 16 58 23
19 67 35 24 21 52
5 78 32 44 13 25
11 42 26 6 74 9
64 37 8 22 50 60
49 77 3 10 46 43
65 53 39 59 29 56
20 33 18 61 76 57
31 51 66 24 69 23
45 38 47 78 70 63
35 62 15 40 26 32
68 9 60 72 14 30
7 52 75 42 5 54
39 3 1 11 12 67
37 49 28 71 18 56
50 43 48 61 53 21
16 27 65 74 44 41
58 6 10 59 73 20
77 64 33 19 4 36
76 2 46 13 8 17
57 25 22 34 55 29
60 15 45 67 7 51
23 56 14 32 75 11
18 78 3 41 40 42
43 68 74 35 71 58
52 10 12 65 38 64
33 21 17 5 37 27
13 22 31 26 63 4
54 29 47 46 50 20
1 59 76 62 70 25
34 19 53 44 28 30
8 16 6 36 24 57
39 77 61 66 72 2
48 9 69 49 55 73
10 32 63 18 21 7
74 67 13 29 14 64
41 56 47 60 1 35
51 58 50 62 33 44
27 30 4 23 12 46
57 66 26 19 75 68
72 70 52 3 36 37
38 22 24 77 73 71
2 69 5 53 6 15
45 20 34 48 11 8
17 25 49 31 42 39
55 59 16 28 61 78
43 65 40 54 76 9
21 64 44 1 23 72
56 12 19 73 74 7
18 47 26 51 77 53
30 13 11 69 57 70
15 46 42 48 22 58
38 20 5 49 60 62
4 54 61 25 35 6
67 8 9 78 10 66
55 43 24 33 39 41
28 63 36 65 50 17
14 40 59 52 27 71
37 68 29 32 2 45
3 31 34 76 16 75
22 74 5 30 1 18
72 11 78 15 49 19
25 46 38 9 56 33
53 64 62 66 54 55
71 44 61 26 17 7
23 59 50 57 41 45
32 52 77 31 48 6
21 73 51 4 3 65
75 60 13 58 24 27
2 42 36 47 14 34
16 40 67 20 68 63
10 69 76 35 39 37
12 28 29 8 43 70
