12 76 67 72 77 10
36 66 31 25 83 90
23 26 14 64 11 53
86 45 65 35 63 1
91 59 82 87 79 9
7 21 20 39 41 8
56 93 13 16 19 24
5 38 6 44 22 18
68 62 71 52 92 2
54 88 15 17 78 34
49 60 27 50 55 70
37 85 51 40 33 81
43 73 3 32 61 57
58 47 80 48 69 4
42 46 74 75 89 84
30 28 53 41 29 13
83 71 19 6 12 65
90 1 26 34 76 63
5 68 72 88 21 50
37 9 54 79 14 38
33 22 59 7 2 25
91 70 24 47 82 40
64 81 73 60 31 45
36 16 32 17 75 48
56 69 11 3 42 52
51 28 39 15 27 86
67 66 61 8 58 18
84 46 10 20 57 4
23 30 35 55 77 92
74 44 49 85 62 43
80 89 78 87 93 29
9 6 21 2 73 63
68 3 59 60 90 37
81 72 16 7 53 69
76 82 18 13 45 75
88 66 64 32 71 10
20 50 17 91 65 28
27 44 58 79 24 54
70 30 46 51 43 56
19 35 87 67 5 36
40 77 74 8 86 57
92 12 41 15 85 11
39 48 1 89 4 22
26 83 31 29 33 61
78 42 14 62 49 47
38 52 84 34 23 93
25 44 80 55 46 88
20 68 75 43 64 67
27 51 59 21 19 57
40 9 56 53 36 15
70 4 28 45 3 16
54 33 1 61 69 6
47 14 17 29 81 77
2 18 50 23 74 79
42 60 5 66 91 41
72 87 39 34 31 62
38 82 8 12 35 73
58 25 11 93 10 49
83 52 7 86 30 48
37 26 76 55 32 78
89 90 85 65 80 24
71 63 92 13 84 22
53 45 91 51 3 88
66 43 19 21 4 23
69 40 79 28 62 67
73 39 77 54 59 5
41 93 44 2 64 83
46 11 78 82 6 86
26 52 15 35 89 60
50 61 7 24 9 12
32 65 34 29 49 58
22 75 81 70 10 80
90 92 38 74 72 56
33 63 20 27 36 47
8 16 55 68 14 85
13 25 57 1 42 87
84 18 30 31 37 48
44 39 17 71 76 40
73 24 51 67 41 34
91 61 52 80 49 77
81 11 43 62 54 90
2 23 32 89 15 70
45 12 22 68 29 46
14 20 13 3 58 74
69 84 65 75 5 25
48 79 55 66 56 63
31 9 35 21 78 16
86 19 42 85 17 82
64 87 6 50 27 30
38 7 33 57 88 76
10 8 53 83 37 92
4 26 36 59 18 93
1 60 28 47 72 71
77 34 45 11 44 66
5 31 2 24 46 3
78 23 13 65 81 61
6 79 35 43 84 39
85 67 9 52 29 25
48 21 90 33 15 82
68 17 10 56 87 73
27 74 69 22 26 41
57 36 54 30 71 49
75 62 60 63 19 7
8 14 72 32 93 91
1 40 50 16 38 83
86 55 89 18 47 53
88 92 28 58 70 59
12 20 64 80 37 42
51 4 65 31 74 76
17 57 9 26 66 5
77 15 87 84 45 85
13 35 52 14 2 27
81 23 83 25 3 82
41 63 89 78 68 40
22 47 88 90 79 8
18 43 92 80 1 7
10 64 62 61 59 86
29 69 37 19 50 44
53 12 70 54 21 93
6 32 4 67 56 60
91 33 16 46 34 71
30 24 11 38 75 39
49 76 48 73 28 20
42 58 72 55 51 36
10 90 27 45 5 23
69 86 68 9 13 66
18 54 19 25 8 64
31 41 52 17 70 79
74 80 32 35 83 33
92 67 75 47 57 44
14 7 56 28 78 84
39 16 49 12 51 26
63 85 87 46 53 58
71 38 3 21 77 89
93 22 76 42 50 43
40 65 60 11 48 2
4 15 61 37 72 30
62 55 29 73 91 1
24 34 81 20 59 6
82 88 14 36 39 69
5 78 63 92 64 51
83 49 21 79 13 46
70 18 71 9 42 90
57 56 31 23 85 50
3 35 11 72 17 22
75 86 73 26 58 33
93 27 12 66 1 81
88 6 62 77 48 41
59 67 15 65 38 55
16 61 47 76 87 2
30 10 45 19 40 80
89 43 37 28 25 34
7 54 91 4 74 68
82 53 32 52 20 44
84 24 29 60 8 36
3 39 93 9 92 33
85 73 78 18 83 27
46 48 23 59 41 72
63 67 42 81 88 30
22 66 62 65 16 37
50 13 47 10 54 26
70 32 77 19 1 68
74 28 21 87 52 24
71 8 69 15 31 43
76 80 79 53 86 5
57 2 29 82 11 55
49 89 17 6 7 45
58 91 64 35 90 84
34 40 12 14 75 4
60 51 25 61 20 38
56 36 21 44 65 26
15 47 30 93 73 74
1 37 23 39 67 88
63 80 82 28 31 54
62 50 8 33 13 89
45 57 58 78 22 83
72 55 66 52 6 40
79 34 85 64 7 3
61 53 42 48 27 68
4 25 86 24 92 14
43 2 38 36 10 91
77 17 46 69 60 18
41 84 19 76 81 9
11 5 29 16 70 20
90 87 51 44 32 12
59 71 75 49 56 35
