40 45 19 29 6 20
33 38 42 41 18 21
35 2 30 27 10 24
7 22 23 36 12 9
11 3 26 31 16 32
1 37 4 17 13 28
46 14 25 8 5 43
15 34 11 39 45 44
17 24 12 38 18 29
5 28 22 42 7 27
37 21 43 26 15 10
33 36 35 16 14 40
34 4 20 8 31 6
2 13 39 3 46 23
1 25 30 19 41 44
40 32 10 9 5 4
28 45 3 1 36 22 1 38
30 26 1 44 29 31 1 33
32 19 18 27 35 43
46 34 16 42 24 21
23 12 39 15 2 37
9 41 1 11 20 8
14 7 17 25 6 13
32 24 4 22 33 45
8 27 36 29 26 12
34 10 38 25 23 11
9 37 28 21 35 19
42 17 46 6 40 43
14 13 3 20 15 30
5 44 7 41 16 2
31 18 27 1 39 21
43 46 10 12 3 32
23 19 26 45 17 4
6 18 11 28 15 41
13 20 33 2 38 5
37 42 8 44 31 36
40 1 35 34 30 7
25 9 22 16 39 29
14 41 31 24 23 28
2 32 8 15 19 17
21 13 16 30 12 45
24 29 36 20 43 39
44 38 6 10 35 9
25 27 5 4 3 42
11 7 1 33 46 26
14 37 18 22 40 34
10 42 29 35 15 8
30 28 6 39 26 5
43 31 24 13 11 40
12 41 27 33 19 14
4 22 2 3 1 38
18 25 16 46 20 37
7 21 36 44 32 23
45 34 41 17 9 2
24 16 3 19 8 28
4 21 44 35 11 14
27 39 15 38 17 40
6 33 32 29 25 37
23 43 30 42 22 20
13 36 10 18 1 34
5 46 31 45 9 7
12 2 40 26 28 25
16 23 6 1 33 27
22 8 17 21 11 5
12 20 31 32 42 35
43 29 34 37 26 38
19 39 7 45 10 14
46 36 15 30 4 41
3 44 9 18 24 13
20 10 17 16 28 33
21 29 15 7 31 25
41 35 13 39 32 22
23 8 45 40 30 18
26 42 1 9 14 24
6 4 12 44 43 2
37 27 19 38 11 46
3 5 35 34 36 25
28 2 18 32 30 14
4 38 39 7 8 16
26 40 20 22 44 46
15 43 33 27 9 34
31 17 21 36 6 3
19 29 11 13 23 42
24 1 45 5 12 37
41 22 26 10 3 31

