73 86 80 22 29 2
70 83 57 13 19 82
26 31 75 66 63 44
23 78 36 4 51 71
17 21 27 33 11 18
35 10 47 72 14 34
62 32 74 67 8 25
58 7 50 20 1 6
79 87 42 12 68 37
53 30 60 59 52 77
15 65 84 41 81 76
43 39 64 16 85 28
55 3 61 40 45 9
56 46 38 48 69 49
5 63 36 24 2 54
8 18 4 10 13 6
12 66 19 14 78 67
1 37 72 74 71 53
42 81 44 50 62 21
84 35 3 87 32 83
58 56 34 68 45 15
28 11 76 31 38 20
46 30 27 26 57 86
69 52 41 23 73 39
65 70 25 49 5 55
54 47 80 64 60 75
51 24 43 40 22 33
9 29 48 16 59 17
77 7 82 61 79 85
36 1 87 14 57 11 58 1
21 15 10 1 2 12 46
4 72 25 41 83 86
34 44 37 52 80 5
8 56 78 76 73 70
3 17 30 38 47 66
23 9 62 7 35 43
18 61 59 81 64 49
55 13 68 24 53 75
29 85 26 69 84 45
67 20 16 51 42 60
28 40 71 54 27 82
32 39 63 77 48 1
31 79 50 65 74 22
19 6 61 33 56 36
46 25 58 73 43 44
69 55 11 12 59 7
2 34 60 9 70 84
26 51 38 83 53 54
86 21 48 37 28 47
27 10 22 1 49 23
29 71 31 14 24 8
63 76 85 80 19 68
78 77 40 72 50 17
79 39 81 13 5 67
30 6 41 75 74 35
18 16 3 15 62 52
66 65 57 32 42 4
45 33 20 82 64 87
60 22 14 37 46 63
49 29 40 44 36 12
31 68 83 78 61 10
11 67 53 84 50 48
5 8 59 47 23 15
74 17 52 85 2 55
18 57 38 71 35 45
82 75 1 16 4 56
64 19 73 21 65 30
7 26 42 3 41 34
32 28 33 13 9 58
79 86 69 62 76 51
72 87 24 39 66 70
27 20 77 25 80 81
43 54 78 6 15 29
17 5 73 61 75 14
68 44 64 22 7 84
36 67 1 52 26 21
50 69 28 60 4 35
39 38 9 10 82 65
81 55 66 86 33 23
53 40 8 19 58 16
47 12 24 57 25 56
20 43 13 63 30 72
59 2 51 41 27 32
83 76 74 42 18 46
49 80 71 11 3 79
45 54 62 70 37 77
85 6 87 48 34 31
75 86 12 52 9 8
38 23 13 25 50 29
63 73 7 40 81 57
42 82 22 30 36 69
80 83 21 55 58 39
46 33 53 78 3 65
45 48 4 44 27 79
10 62 19 87 28 5
61 16 66 34 54 11
76 49 32 6 72 26
1 84 47 51 31 18
35 20 37 15 17 24
71 77 2 56 64 67
68 14 70 74 43 59
85 41 58 36 60 10
