38 46 80 53 32 92
18 37 33 16 14 45
9 66 100 48 36 26
60 4 7 74 62 97
52 5 69 70 84 25
91 63 71 55 20 27
76 83 81 87 2 68
61 3 77 1 43 54
72 21 98 28 89 49
75 23 40 15 67 17
59 65 56 57 12 78
13 24 31 30 11 82
34 64 44 6 58 22
86 99 39 88 41 19
51 94 96 79 50 47
90 35 73 95 10 93
8 42 1 48 85 29
36 3 55 76 92 60
65 66 45 27 5 49
11 26 17 84 38 72
33 30 74 77 52 2
25 98 13 7 46 63
4 80 87 31 14 56
81 16 23 35 64 86
41 32 83 10 44 51
29 88 57 69 6 75
42 61 62 68 70 82
73 50 9 40 39 34
18 8 79 22 89 59
71 47 43 24 15 95
21 90 67 53 99 85
78 93 96 19 54 91
37 100 94 12 58 20
97 77 38 28 65 69
72 48 45 1 88 23 3 1
17 74 63 80 36 86
16 9 70 2 4 22
84 75 89 24 27 61
31 62 35 71 51 67
85 19 57 79 13 60
7 59 53 96 33 73
1 82 41 81 15 37
83 98 43 99 40 100
50 30 6 10 78 76
18 92 25 28 42 44
94 56 46 66 8 39
87 90 91 11 58 52
14 64 20 47 21 32
49 29 97 93 26 55
54 34 68 12 5 95
13 61 83 45 71 80
84 35 99 36 96 82
15 70 33 31 50 65
37 79 27 46 73 74
51 16 87 25 40 6
86 10 77 92 91 98
75 7 56 1 100 21
47 53 97 8 78 72
26 76 19 94 18 5
29 12 2 23 39 38
69 32 90 62 9 54
52 17 42 24 22 14
67 88 89 63 11 34
85 93 4 66 41 58
64 60 28 43 68 59
55 95 44 48 57 30
20 49 31 3 81 53
77 8 27 100 13 76
6 7 80 79 15 5
56 10 24 33 40 38
92 1 12 35 83 47
97 86 58 42 9 84
99 26 32 16 52 61
57 62 36 45 87 73
51 54 70 75 63 28
64 29 74 94 72 95
49 22 11 23 25 43
65 55 14 34 96 85
44 20 78 90 4 88
68 67 66 50 98 3
71 30 19 89 81 46
93 59 48 17 37 2
39 91 60 82 69 18
21 45 76 41 31 52
63 79 16 29 92 24
58 28 14 62 95 1
36 49 6 42 33 94
88 87 5 32 74 35
19 83 70 56 67 72
89 97 15 20 13 48
100 84 23 4 73 18
12 51 55 46 43 9
30 96 98 60 17 41
91 38 61 34 7 66
40 80 59 3 90 47
50 77 75 64 93 99
78 27 22 26 39 81
2 82 10 25 65 53
21 57 54 86 71 8
85 69 68 11 37 44
6 73 24 67 97 1
58 60 46 70 48 35
92 41 23 90 61 33
15 100 3 30 38 93
95 45 20 99 59 51
4 27 34 19 25 29
43 94 65 80 16 21
40 12 28 8 36 88
68 52 18 56 49 13
62 53 50 5 44 17
47 82 26 87 85 63
2 78 79 69 86 66
37 89 9 76 91 64
54 42 31 7 55 83
72 81 96 57 77 32
14 11 39 98 71 75
74 22 3 10 84 45
