79 70 48 61 39 42
24 37 12 26 57 7
77 40 36 50 68 52
78 18 15 82 13 65
43 47 46 72 20 66
6 69 5 2 30 11
35 14 16 59 22 62
31 38 3 63 71 80
8 29 27 84 55 83
49 34 45 51 28 64
75 1 41 23 25 19
4 54 17 67 21 81
56 58 10 44 76 74
73 33 32 9 60 53
7 46 16 77 69 3
63 5 37 83 79 36
59 68 24 6 28 80
1 57 51 50 29 14
81 47 23 45 78 31
30 62 65 76 27 34
61 64 17 74 41 38
20 52 48 55 11 26
67 22 13 53 56 8
54 33 84 70 10 25
19 18 35 58 32 72
44 82 60 49 12 40
9 71 2 15 21 39
42 66 43 75 73 4
45 64 48 3 1 83
67 26 6 41 80 46
13 20 54 28 61 84
25 79 77 56 11 78
72 59 12 74 17 36
15 7 82 62 51 53
66 21 10 60 81 63
5 73 18 8 24 23
40 65 29 16 32 38
37 50 55 39 49 33
76 2 31 42 14 19
70 27 43 35 34 44
4 9 22 52 58 75
68 57 71 47 30 69
73 15 1 12 79 20
74 29 24 13 78 41
36 84 67 32 55 66
49 25 8 3 81 59
56 51 61 19 43 26
14 34 33 77 75 63
31 16 68 18 4 83
71 82 27 57 52 10
23 17 48 58 60 69
39 53 76 38 6 54
80 30 72 2 45 42
70 28 62 40 5 46
44 64 22 21 37 11
9 7 65 47 50 35
81 34 12 19 68 55
61 10 59 31 67 32
20 8 51 69 41 33
18 14 63 56 45 52
83 60 74 25 46 62
22 78 76 71 48 40
70 66 2 65 57 28
54 27 5 37 82 42
26 38 9 23 36 44
64 24 47 39 35 75
72 50 3 79 84 13
29 58 80 11 7 73
53 21 4 30 77 1
6 43 15 17 16 49
20 59 70 45 71 60
41 62 68 63 44 32
65 56 24 64 81 9
19 83 50 28 69 82
27 25 80 14 48 5
34 4 23 54 72 22
76 13 66 16 12 1
55 3 78 57 53 61
79 30 67 38 29 35
46 49 75 2 58 84
52 26 47 33 15 17
21 51 73 37 31 6
10 77 39 8 36 42
40 11 43 18 74 7
71 16 72 25 44 81
9 3 30 20 82 14
83 41 58 66 59 54
5 60 57 76 67 75
46 19 33 78 65 79
12 32 56 27 2 4
69 53 11 36 24 70
61 47 18 21 49 6
63 15 45 7 84 29
1 8 40 34 31 26
22 17 77 80 39 51
42 13 52 68 23 64
38 62 37 48 43 50
55 73 28 35 10 74
21 75 20 65 83 72
2 36 25 29 4 47
67 49 78 14 1 70
17 8 9 76 63 46
58 27 81 53 40 79
64 18 77 71 62 26
28 23 56 16 6 57
59 33 55 38 13 7
44 61 15 24 42 60
51 74 19 66 52 30
54 35 37 45 80 69
11 12 39 41 84 31
43 10 68 22 3 5
82 32 50 34 48 73
77 55 16 47 70 58
83 42 49 17 56 57
23 74 2 53 67 63
81 36 51 18 20 76
8 12 38 11 75 28
68 72 7 60 78 27
31 33 29 82 66 22
62 79 14 24 54 71
84 44 43 80 65 1
52 35 21 34 3 41
26 45 61 5 50 4
48 19 6 10 9 13
69 73 39 40 25 59
32 46 15 64 37 30
36 28 58 33 82 67
29 23 49 62 77 20
3 54 74 27 1 18
52 80 34 16 83 61
78 6 66 8 44 45
4 71 11 51 63 35
75 31 30 48 56 55
13 39 57 73 46 81
14 40 84 47 17 37
42 59 53 12 9 50
60 26 41 69 22 65
10 7 64 68 2 79
32 24 25 43 76 21
70 5 38 15 72 19
57 74 4 33 48 44
11 61 82 46 23 71
78 16 36 30 54 73
26 35 69 49 31 13
62 45 3 65 67 12
60 76 28 43 52 79
32 80 21 50 70 8
5 39 20 7 66 56
6 55 40 64 72 14
25 1 9 51 37 68
17 75 53 10 18 29
81 41 77 2 15 83
22 63 27 59 19 47
84 42 34 58 38 24
48 65 8 36 71 49
12 6 52 35 5 78
1 11 33 72 61 62
46 14 56 29 68 21
80 40 23 15 4 10
75 81 82 74 26 70
79 69 34 66 9 18
57 76 64 84 77 59
37 53 45 41 19 16
7 42 32 28 22 25
13 63 58 30 43 39
55 38 60 51 2 54
73 83 44 3 47 67
24 50 31 27 20 17
