13 3 27 22 6 21
8 5 18 2 12 14
24 11 9 28 25 4
7 16 32 29 23 33
31 15 19 30 26 1
17 20 32 11 10 2
8 33 16 25 15 1
4 21 7 6 27 26
5 12 3 23 17 28
31 24 30 10 13 18
29 22 20 19 9 14
21 12 1 15 2 16 1 31
19 4 23 10 33 22 1
7 1 17 13 24 6
26 14 5 3 11 30
9 29 18 32 25 27
28 8 6 20 15 11
10 21 31 18 7 14
22 8 24 5 32 4
28 13 26 16 23 27
30 17 29 12 20 33
25 9 2 3 1 19
31 22 13 11 29 8
27 1 5 3 16 10
25 18 12 7 26 20
33 19 2 24 21 28
6 30 15 9 23 32
14 31 4 17 5 25
18 6 11 24 19 16
1 28 33 14 27 22
4 10 12 15 29 3
23 2 7 26 9 17
13 30 20 32 8 21
22 11 17 16 18 15
29 14 25 21 23 13
26 10 24 9 12 8
20 2 1 27 4 30
32 28 19 7 31 3
33 21 26 6 5 10
11 25 7 2 30 22
12 13 16 4 33 9
27 19 29 15 17 8
1 32 6 5 28 31
14 3 23 18 20 24
15 2 5 19 7 13
16 6 25 8 14 10
17 27 21 12 32 22
30 18 28 26 4 29
20 3 9 33 31 11
23 24 12 1 16 22
