2 71 56 72 51 6
60 1 20 28 31 42
63 73 5 88 78 54
40 86 33 49 8 7
37 21 46 76 87 64
24 18 41 55 30 59
44 17 79 23 9 47
77 75 12 15 61 52
80 66 84 58 36 29
43 50 85 81 65 68
4 11 35 19 45 34
69 38 39 32 13 62
27 16 70 26 57 83
3 14 82 48 67 53
20 22 10 74 25 46
41 44 54 64 1 15
66 23 37 88 65 33
35 72 84 31 40 59
8 6 61 45 50 32
42 19 21 68 30 49
47 13 28 2 63 70
74 36 67 52 79 27
77 57 5 51 39 75
58 78 43 25 69 3
38 12 55 80 81 48
87 62 17 34 83 10
73 9 18 86 4 56
76 60 53 11 85 16
29 26 22 71 24 7
33 82 32 2 64 14
41 19 3 66 65 57
36 42 39 23 6 40
62 10 81 75 59 63
21 1 70 9 69 45
37 84 58 17 55 8
30 88 72 87 16 86
60 67 80 50 15 18
54 47 52 35 46 85
74 61 43 11 44 71
79 22 56 5 31 4
7 20 76 27 14 38
28 51 26 78 82 12
68 13 53 25 34 24
29 83 73 49 48 77
72 3 39 54 17 18
1 19 2 43 46 88
57 35 71 81 42 86
33 7 31 36 32 41
14 40 9 55 10 50
4 76 66 53 12 63
49 16 38 34 82 44
52 11 87 28 65 69
25 21 85 61 84 5
24 58 48 15 56 74
45 23 64 67 26 20
70 77 6 78 62 68
8 59 83 79 60 13
80 37 27 47 22 73
76 30 75 29 51 44
65 36 25 16 18 14
31 71 9 52 2 48
32 81 40 74 87 4
42 45 85 39 78 10
83 69 5 72 68 33
17 35 80 7 21 13
56 11 82 66 55 15
50 53 47 88 58 26
51 3 24 23 38 19
79 75 6 54 30 60
1 57 49 63 61 22
86 70 29 20 43 37
84 28 34 77 64 27
12 8 67 46 41 62
59 66 16 73 74 50
19 17 83 56 25 76
65 53 7 5 42 71
79 61 80 39 26 82
18 47 10 1 32 11
57 52 40 64 88 13
55 28 33 29 62 35
59 54 36 45 37 68
12 27 87 85 3 2
23 46 58 30 34 63
78 4 22 38 72 75
67 70 9 24 49 31
81 15 73 6 20 21
48 43 51 84 41 60
69 44 77 14 8 86
3 29 17 61 50 42
55 68 2 76 1 39
82 66 52 5 10 72
32 56 34 59 67 88
15 49 78 53 36 30
83 28 4 58 85 71
43 7 64 73 79 12
13 81 31 51 37 11
8 75 74 70 80 65
46 63 84 44 45 60
62 86 54 22 25 40
26 33 77 19 9 87
6 48 35 20 24 16
69 14 23 47 41 27
53 21 57 18 29 38
30 39 58 65 67 11
83 46 50 31 75 55
66 64 22 17 70 81
33 15 76 88 52 42
20 72 34 32 85 79
56 77 45 16 40 43
21 4 23 48 54 8
78 60 24 57 14 37
63 82 7 18 19 69
71 86 84 13 10 41
26 74 62 2 5 49
6 80 59 44 3 28
38 87 25 36 73 1
68 27 51 9 35 61
47 58 65 12 45 72
60 31 88 82 29 69
71 18 78 8 66 46
50 34 14 22 39 15
85 48 86 75 64 19
81 41 25 42 79 77
70 52 30 38 84 4
13 73 55 67 23 61
9 63 62 53 32 80
10 6 54 27 33 49
12 40 44 57 20 68
11 24 36 21 2 83
3 56 37 1 35 26
7 74 59 51 87 47
16 76 17 5 28 43
15 13 46 65 4 29
41 88 38 58 9 6
70 55 20 71 54 19
86 22 53 61 2 45
34 60 81 26 52 3
64 63 51 83 42 14
33 78 48 59 11 17
62 57 47 82 43 36
75 68 32 73 28 66
40 85 69 24 80 30
23 74 18 35 77 76
87 49 79 50 84 56
10 16 31 39 12 21
67 37 25 7 72 44
27 8 19 1 5 81
9 88 11 75 20 3
69 26 6 46 59 57
45 73 24 41 17 82
87 18 42 22 58 13
34 65 21 86 55 78
54 83 12 84 53 74
61 62 30 14 31 66
68 29 8 56 47 64
16 51 1 85 33 67
44 5 50 36 70 35
72 49 32 43 76 23
10 2 60 4 7 77
37 38 28 40 15 79
39 27 25 48 71 63
80 20 41 52 56 78
13 3 45 30 33 74
14 5 87 6 12 29
85 76 36 22 8 9
82 59 1 21 77 58
11 7 50 84 54 57
42 34 2 37 69 75
19 39 52 53 44 73
49 4 51 25 47 55
18 79 88 10 48 70
28 81 61 46 24 72
35 43 67 38 83 66
63 68 15 31 86 26
64 71 16 62 80 23
40 27 65 17 32 60
