59 39 25 23 4 14
64 11 16 48 49 55
31 26 3 41 53 9
43 51 65 19 12 56
45 62 27 63 5 54
40 8 34 36 29 30
32 47 28 13 21 50
33 24 37 20 44 15
61 7 58 35 46 38
2 10 52 6 57 60
66 17 18 22 1 42
53 50 25 11 54 51
44 16 19 21 63 41
3 29 56 39 46 49
57 65 33 9 8 31
27 7 40 1 6 59
38 43 2 22 23 24
28 14 62 35 30 66
15 55 18 61 10 45
4 20 13 26 60 48
47 34 12 58 64 17
5 37 42 32 36 52
49 31 22 44 35 6
24 28 45 1 57 19
61 53 21 2 40 39
16 13 33 54 59 34
37 11 29 18 26 43
46 17 5 8 50 4
38 20 36 64 14 10
65 41 15 62 32 58
23 42 48 30 51 7
60 9 25 63 56 47
66 12 55 52 3 27
59 21 38 45 29 31
13 40 11 62 19 46
6 64 23 53 18 8
37 47 57 7 41 4
34 48 32 56 66 61
58 54 39 9 55 44
14 50 60 65 27 22
12 42 10 24 63 26
49 5 28 51 33 2
52 30 20 17 25 43
16 36 1 15 35 3
39 38 19 37 34 50
57 44 40 12 26 14
41 33 46 55 42 60
8 27 47 51 61 24
11 32 23 3 45 20
17 15 30 56 6 54
29 22 63 28 52 64
18 4 9 16 2 62
48 59 35 10 65 53
36 13 43 7 31 66
21 1 49 25 58 5
60 3 28 40 38 17
26 6 30 50 16 61
54 19 8 42 2 32
10 66 44 47 23 29
5 9 22 11 12 59
7 34 63 49 65 20
33 58 53 4 45 36
25 35 64 24 13 41
46 52 51 14 18 21
31 56 62 55 37 1
39 57 15 27 43 48
34 4 6 42 28 11
29 60 7 5 24 16
36 2 44 46 25 65
50 18 58 20 40 31
41 1 54 38 48 12
21 23 35 33 56 27
55 59 63 30 32 57
10 62 3 43 22 8
51 45 26 66 39 64
19 49 52 47 15 53
14 61 17 9 37 13
