57 72 65 60 4 7
30 8 24 64 21 19
35 1 90 25 43 96
62 80 17 31 61 58
45 26 88 77 15 20
75 3 81 55 37 29
86 94 83 66 2 16
74 14 41 92 9 36
79 89 84 78 63 54
38 51 69 18 22 49
6 95 82 47 33 68
39 93 23 12 27 28
52 34 91 13 40 10
59 11 32 44 97 42
85 73 5 50 71 67
70 76 53 56 87 48
46 60 29 88 66 61
43 18 24 77 92 37
21 14 90 95 83 80
38 2 68 9 7 20
33 23 45 89 3 30
28 81 64 34 78 57
91 86 54 27 44 31
25 12 6 63 11 50
84 35 71 40 47 53
73 62 51 8 75 48
87 5 55 72 26 59
93 42 13 41 46 69
4 76 97 1 79 22
67 39 10 49 15 96
56 17 94 65 32 19
52 85 74 82 70 58
44 36 20 60 16 89
51 1 30 78 68 1 86 6
2 90 18 54 34 50
81 87 8 93 7 14
73 61 4 64 11 3
22 48 47 24 26 39
84 37 94 72 10 88
15 79 71 69 91 29
58 42 66 67 95 55
43 63 45 27 85 80
28 41 77 35 59 19
32 38 12 75 96 36
57 31 33 49 97 70
53 21 74 25 65 13
76 83 5 17 82 40
9 16 52 56 1 62
92 46 58 23 81 94
29 43 42 34 4 89
19 48 18 93 95 84
37 50 36 47 28 66
11 31 8 35 72 67
96 57 63 59 13 2
80 97 60 38 71 24
7 49 76 21 32 85
1 83 61 69 10 12
15 55 70 51 90 92
88 73 74 30 68 87
78 91 22 9 25 77
86 5 45 62 53 41
40 3 16 46 79 39
23 17 44 26 52 6
14 64 27 33 20 65
75 56 72 82 69 54
4 8 13 32 37 70
71 96 30 83 48 81
89 38 66 76 35 73
24 31 7 29 94 51
42 80 16 12 68 15
90 19 26 53 91 57
87 9 46 33 50 44
20 54 28 55 43 10
47 41 3 65 85 97
6 64 1 58 60 39
11 21 84 27 52 2
5 23 34 36 25 49
88 86 79 17 75 14
67 92 82 45 22 93
61 40 56 63 77 95
62 78 18 59 74 83
26 70 8 96 94 9
53 72 51 64 32 43
3 58 21 10 35 87
13 28 1 80 84 29
14 44 85 66 34 24
52 39 30 7 42 75
48 68 63 17 69 92
22 59 56 90 20 46
19 50 60 86 74 23
45 49 79 73 81 6
11 82 88 65 38 91
61 27 36 55 57 18
4 93 16 5 77 47
54 62 76 33 71 25
41 78 95 15 37 31
89 67 40 12 2 97
26 14 46 68 28 75
66 13 30 20 17 49
69 80 19 34 39 70
32 29 22 63 86 52
51 10 9 23 47 42
53 77 85 6 36 83
81 24 1 95 54 11
44 18 58 73 40 72
25 82 2 79 64 41
37 96 93 97 56 21
76 15 43 57 8 3
12 87 91 92 84 62
88 7 27 90 16 67
31 55 4 74 45 38
35 60 78 5 94 33
50 89 48 61 59 65
71 19 68 36 72 22
97 29 10 18 30 82
21 47 86 11 15 34
49 53 58 9 54 37
69 6 66 62 7 3
20 51 63 41 4 67
83 28 25 8 56 44
77 17 57 38 84 42
60 85 59 31 93 79
23 55 78 1 48 14
87 61 94 45 71 39
5 27 32 46 89 74
90 13 33 24 12 73
70 91 75 43 16 50
96 88 95 64 52 76
81 65 2 80 26 35
40 59 38 92 6 21
34 68 60 55 8 53
7 58 48 97 45 28
37 1 20 71 82 86
57 39 54 51 14 5
32 79 77 87 67 23
70 12 64 29 47 44
95 30 43 2 46 62
22 31 50 3 83 88
42 25 92 85 61 26
15 66 4 18 81 52
41 96 72 89 24 17
10 74 33 80 56 11
65 9 69 84 90 76
49 40 27 19 78 75
94 36 73 63 93 91
16 35 97 13 64 23
20 70 21 61 5 79
37 87 52 60 51 83
50 24 57 68 32 62
8 6 41 54 88 80
39 38 72 85 90 86
31 75 92 10 89 53
22 34 7 96 84 73
56 18 35 91 42 14
17 9 95 59 12 4
16 29 11 26 58 78
47 19 46 76 55 63
71 3 49 74 2 28
36 67 69 81 33 43
94 27 77 48 13 82
93 44 65 30 1 15
40 25 68 66 45 51
