23 22 53 57 62 51
15 31 33 67 30 39
11 36 38 58 7 48
65 45 1 12 43 14
68 37 70 18 63 10
6 71 16 19 4 54
73 52 56 60 26 55
13 5 35 25 29 47
40 2 64 20 46 42
69 21 8 66 61 72
24 59 28 9 50 17
3 41 49 44 34 32
27 48 26 70 45 19
30 14 29 53 60 54
4 5 51 2 11 37
72 7 42 63 25 6
24 47 39 18 16 62
59 57 58 61 10 49
9 34 43 40 50 38
28 67 3 71 66 56
55 64 69 41 23 15
20 21 65 13 68 22
31 46 36 27 17 44
1 32 12 33 35 52
73 47 4 57 8 14
51 58 1 45 30 3 70 1
60 24 1 61 23 11 34
37 56 65 29 69 48
38 39 10 41 5 46
71 32 43 59 55 31
18 64 25 28 1 73
33 22 6 2 9 66
7 17 8 21 19 62
44 52 72 50 27 20
63 67 35 49 40 53
68 12 15 26 16 42
13 54 57 36 1 24
43 60 5 61 70 33
14 25 46 51 55 66
65 9 7 31 73 32
17 2 63 52 48 3
53 68 64 45 4 44
67 26 47 36 69 59
8 38 56 42 6 23
62 41 13 37 12 71
21 27 49 15 18 11
39 34 58 72 35 19
10 29 54 40 28 22
16 50 57 30 20 7
68 3 60 46 8 1
67 61 65 26 41 2
49 31 38 45 47 33
59 48 44 5 66 73
36 12 18 4 56 40
20 24 19 25 37 53
58 32 6 29 15 21
54 71 23 9 72 70
11 62 50 42 14 35
52 13 28 69 43 16
27 51 22 39 64 63
55 30 17 34 10 4
49 29 12 8 24 2
48 33 72 47 41 68
35 37 73 61 3 23
53 70 28 7 15 52
54 62 66 32 38 64
19 30 59 46 13 63
60 9 36 21 42 51
14 69 18 31 58 20
43 44 10 56 6 39
34 25 16 57 65 27
22 45 50 55 67 5
26 11 1 17 71 40
35 36 30 28 8 41
38 20 12 15 59 60
52 6 69 24 51 68
65 4 62 70 49 46
50 58 3 64 33 13
10 42 71 48 53 73
56 16 32 22 14 11
7 27 40 47 66 37
44 18 61 19 55 9
43 72 67 29 17 57
54 63 26 5 31 34
23 2 21 45 39 25
42 70 4 1 22 59
27 38 69 12 73 30
10 19 11 64 47 52
35 46 15 56 57 9
3 53 55 72 65 36
17 13 14 39 49 68
6 40 31 48 28 60
66 23 29 50 26 18
5 33 71 34 24 7
37 21 16 1 44 67
25 51 41 58 54 43
63 61 8 32 20 45
2 28 55 62 68 27
66 70 31 12 57 11
72 56 5 64 49 30
3 39 9 4 7 29
47 23 58 46 53 43
44 63 24 38 65 35
33 1 20 62 10 26
22 15 25 71 36 61
45 52 17 54 42 37
51 18 48 8 13 67
41 59 34 14 6 21
32 19 2 69 60 50
73 40 70 16 58 24
