17 59 65 10 4 30
41 22 67 66 5 20
9 18 48 56 32 1
19 26 55 38 47 3
36 68 37 58 27 52
60 63 42 15 6 39
57 16 25 33 51 23
50 34 12 40 8 13
7 64 61 69 11 29
43 2 46 49 62 21
31 35 24 54 14 28
48 17 44 53 23 45
27 40 59 19 66 16
42 3 58 7 34 32
51 30 18 13 64 62
21 29 31 37 67 6
55 20 49 57 63 28
69 15 41 14 52 47
2 54 11 8 53 60
38 45 25 24 68 65
5 35 50 46 1 36
22 56 33 26 10 44
12 61 43 39 4 9
41 1 32 40 60 1 64 55
19 1 8 29 17 63 68
1 65 42 51 28 2
22 49 59 36 24 53
34 56 54 57 66 21
69 31 43 50 58 20
11 6 23 18 46 26
44 4 62 14 38 27
15 25 13 61 10 35
3 16 5 9 37 45
30 52 33 12 67 7
39 31 8 48 47 36
58 55 23 66 2 24
65 11 63 62 41 56
6 9 51 35 19 22
18 57 7 37 43 17
25 49 50 52 60 3
1 14 64 67 39 34
28 48 10 38 5 69
40 21 4 53 42 68
20 26 12 59 54 15
45 29 46 13 33 27
32 30 61 16 44 47
37 49 41 34 23 35
56 43 53 6 25 69
62 57 10 3 12 1
26 28 52 29 40 39
4 15 22 45 8 64
13 7 60 31 65 66
11 58 47 17 5 51
32 36 19 14 33 2
54 38 16 18 67 42
68 61 48 55 59 46
50 24 44 63 21 9
27 20 35 30 3 11
12 45 51 49 69 32
67 53 15 19 65 57
23 42 14 5 59 56
10 39 68 2 50 7
47 27 54 43 1 22
60 9 38 29 36 30
4 13 16 41 48 26
52 55 34 44 31 18
46 37 66 64 25 63
6 24 40 20 62 17
28 21 8 33 58 61
65 69 36 23 3 54
47 29 2 59 35 57
56 50 67 55 51 4
64 19 37 42 12 48
32 17 26 25 27 31
39 46 53 41 30 58
62 60 34 16 22 28
33 66 9 68 11 15
63 10 14 45 43 40
21 13 1 52 20 38
49 44 5 8 7 6
24 18 60 61 41 19
