72 28 51 60 13 61
18 84 23 26 34 66
33 14 42 27 70 55
31 54 10 69 59 32
74 36 45 35 65 62
57 12 63 6 30 7
68 58 4 41 73 76
20 24 11 8 46 3
83 82 21 77 40 16
25 19 17 81 85 80
78 5 67 53 9 71
87 49 2 44 64 38
1 43 29 39 79 48
37 56 15 52 22 50
86 47 11 33 68 75
16 42 54 84 61 8
72 63 83 4 70 85
67 46 24 17 45 6
57 36 32 27 87 5
23 77 2 62 80 43
3 18 73 78 15 44
59 56 25 58 82 47
86 1 38 26 31 74
52 75 30 79 28 14
34 12 48 55 13 65
40 29 69 81 64 37
19 71 76 7 21 10
9 50 35 51 39 49
53 41 20 66 60 22
4 1 17 63 74 2 1 54
16 68 18 1 58 36 6
12 52 67 80 38 84
70 65 23 5 24 59
29 27 78 62 31 8
7 86 81 50 83 73
15 35 85 53 69 26
46 44 66 61 71 56
39 32 42 76 57 20
9 10 60 48 14 77
79 55 47 3 45 51
87 33 34 40 25 28
37 13 1 41 30 19
75 64 22 43 72 21
11 52 82 49 23 17
80 50 57 54 46 18
68 39 35 38 83 24
12 78 81 45 60 59
3 62 6 56 70 40
63 28 32 65 16 66
61 53 10 47 29 36
25 82 75 4 55 1
49 19 15 20 67 86
76 34 5 87 37 14
73 51 33 22 8 43
48 26 41 72 2 71
79 74 77 11 7 64
30 9 84 58 27 69
21 85 13 44 42 31
32 52 78 35 86 55
67 56 28 1 10 12
38 15 66 36 81 76
24 53 80 82 72 34
64 51 62 59 46 14
9 7 33 61 18 17
20 69 70 21 74 58
4 79 16 19 26 13
5 8 54 41 47 44
6 60 50 2 75 65
23 40 87 31 39 30
83 3 84 43 25 48
22 77 29 68 71 57
37 73 45 85 42 49
27 11 34 15 63 21
69 44 4 36 24 28
18 5 6 64 82 19
55 50 59 40 61 38
74 47 30 52 83 46
14 32 72 29 3 67
75 43 56 17 35 42
53 25 54 2 86 12
51 8 7 48 85 68
70 16 22 76 78 49
77 66 39 27 45 13
65 84 31 71 81 20
62 41 10 63 33 26
23 37 58 79 57 60
1 80 9 87 73 11
28 55 83 15 54 64
43 67 68 34 30 61
85 22 38 18 77 32
82 17 36 12 14 39
51 31 41 52 25 70
78 6 69 50 33 72
60 86 48 76 62 24
59 19 74 42 3 53
81 58 8 46 87 26
73 35 2 47 16 23
49 84 63 13 75 5
56 45 7 80 29 4
66 57 1 21 65 9
44 40 79 10 20 27
71 11 55 37 62 39
54 58 52 78 85 19
28 34 59 73 17 77
64 35 33 84 76 82
42 38 29 63 23 46
68 5 26 45 21 25
75 48 57 16 44 53
47 66 37 4 12 31
8 79 86 72 36 9
30 56 24 81 51 18
22 87 65 7 3 69
67 27 41 43 74 50
61 11 15 32 2 70
14 60 71 49 1 40
83 20 13 6 10 80
46 37 72 25 77 44
24 31 68 55 16 9
19 39 47 22 84 28
85 76 27 23 12 56
63 43 52 59 18 87
45 61 79 41 69 82
2 20 36 33 1 83
8 21 14 38 4 53
13 7 35 54 67 60
10 49 81 57 34 3
65 26 30 42 11 78
74 32 29 73 6 75
71 80 40 15 51 86
70 48 17 50 66 64
58 62 83 5 22 1
55 69 60 56 63 19
36 41 46 34 7 49
54 38 82 30 43 37
14 61 25 20 23 78
26 4 77 32 67 51
13 64 73 24 71 52
31 53 45 11 76 50
80 59 42 66 68 79
33 65 12 29 44 58
18 70 8 75 10 39
6 81 21 47 48 35
17 72 87 16 15 62
85 74 84 9 40 57
5 2 3 28 27 86
67 13 25 36 22 11
32 1 64 45 68 23
51 75 44 19 83 34
65 6 76 77 8 52
62 49 18 12 21 79
39 26 72 56 54 73
24 78 7 84 37 2
60 4 46 31 33 15
3 63 61 35 58 80
69 38 71 17 47 27
70 9 43 28 81 53
14 57 16 86 59 41
82 55 87 10 66 74
50 20 85 29 30 5
42 4 40 48 2 18
