41 32 19 9 39 10
56 34 17 14 54 45
50 59 28 43 16 20
15 51 36 55 35 6
5 58 31 25 13 11
23 48 30 1 49 53
52 47 7 4 29 46
27 26 12 3 8 33
22 42 57 21 24 38
44 40 37 18 2 59
19 55 39 16 5 25
28 4 6 54 31 46
43 26 56 7 11 10
38 33 34 15 12 50
35 53 42 3 40 14
29 22 21 1 8 32
36 37 20 17 23 52
24 9 58 49 45 44
18 30 47 51 27 57
2 54 41 33 13 48
55 21 46 56 38 39
26 8 23 5 59 15
31 53 32 17 50 35
58 37 27 42 43 7
29 45 16 3 41 57
4 13 34 30 24 20
40 25 48 9 28 36
44 52 18 10 22 47
11 2 1 19 12 6
51 14 31 49 26 50
46 42 45 15 29 55
13 57 16 9 17 53
21 27 47 34 37 41
7 44 19 40 38 8
12 32 30 52 14 28
23 11 49 59 39 22
1 20 33 25 4 18
6 5 36 56 3 58
10 24 43 48 54 51
21 35 9 2 50 7
57 11 52 8 27 55
14 59 13 33 45 31
40 16 56 22 37 26
18 46 5 24 48 12
17 19 42 30 41 44
38 3 53 43 1 54
25 36 34 29 10 51
23 47 4 58 6 32
49 39 2 20 15 35
33 55 17 28 7 21
13 43 50 26 42 40
46 48 34 22 16 11
24 52 59 25 41 56
29 6 20 27 44 14
51 12 8 36 58 39
18 28 35 23 38 19
45 5 1 32 47 2
54 53 30 31 9 15
37 10 3 57 49 4
6 44 48 26 52 21
43 29 25 13 12 23
11 59 17 42 51 2
7 32 9 34 18 31
41 40 58 57 46 20
53 19 27 55 49 56
39 24 33 30 1 37
22 54 4 14 36 50
35 45 10 8 28 5
38 15 47 3 16 9
11 41 29 53 18 43
40 17 1 52 34 12
54 55 37 32 20 26
59 51 44 5 33 4
16 14 46 10 2 23
7 38 49 45 6 13
47 57 39 36 48 42
19 28 15 58 50 21
8 22 24 30 31 3
35 25 23 27 56 11
34 1 14 41 55 59
6 9 40 5 39 29
32 49 16 12 33 42
45 21 3 46 52 51
36 30 26 37 18 38
15 7 54 44 57 25
50 56 48 8 47 13
17 22 43 4 19 35
27 2 24 53 10 28
20 58 52 31 21 16
41 36 1 11 26 15
50 5 32 46 30 25
59 35 12 47 9 54
37 51 45 19 13 22
49 29 27 4 17 2
31 56 44 39 34 43
58 14 55 24 40 18
20 8 10 6 42 38
28 23 3 48 57 7
53 46 36 33 19 59
39 25 26 47 17 45
16 18 27 54 21 13
50 11 6 37 15 24
51 3 49 28 32 40
42 20 9 56 33 22
52 4 8 34 7 53
12 31 41 44 23 55
38 43 57 2 14 5
10 58 30 35 1 29
48 15 22 32 27 17
42 18 49 52 25 54
21 4 11 45 23 40
13 31 24 47 36 19
55 3 2 39 30 50
12 7 5 20 53 41
48 10 38 59 58 29
26 6 33 57 35 34
9 46 8 14 43 37
1 56 51 16 44 28
