21 45 5 17 39 47
3 7 27 33 46 36
38 28 4 26 42 6
14 41 50 25 48 32
19 8 23 40 49 11
29 54 43 20 34 9
24 52 1 2 13 44
15 37 51 18 16 22
12 53 31 10 30 35
6 8 7 5 25 11
47 9 14 34 50 3
46 32 17 24 42 39
16 15 45 1 33 26
22 48 13 10 4 49
41 23 35 51 18 20
53 28 40 36 12 29
2 19 38 43 44 27
30 31 21 54 52 37
50 10 8 4 22 45
9 17 25 1 32 15
42 18 47 14 29 49
5 6 34 35 11 46
51 38 53 54 19 31
44 23 52 41 39 37
27 30 24 33 48 28
7 2 12 26 3 21
13 36 40 43 20 16
31 15 35 45 19 14
25 8 4 29 46 52
27 1 9 22 41 6
11 51 24 50 38 12
43 40 7 30 3 42
20 49 5 37 53 2
34 44 33 21 10 36
17 23 13 47 26 48
28 54 18 32 39 16
45 11 29 30 46 14
41 9 3 8 12 37
24 6 20 52 21 51
7 36 23 2 15 4
17 42 48 16 44 19
50 43 39 1 35 53
13 28 5 22 34 31
10 32 54 26 27 18
47 25 49 38 33 40
12 20 30 42 4 19
21 53 50 3 23 16
6 39 1 7 14 34
41 29 24 10 5 15
51 2 47 45 28 25
31 26 46 44 40 22
35 43 37 27 8 17
48 49 54 52 36 11
9 33 32 18 38 13
39 30 2 29 47 16
40 4 26 21 1 41
42 27 12 34 25 15
11 17 3 20 31 28
52 22 38 7 33 35
48 24 44 8 18 53
19 37 32 36 6 50
46 45 51 49 9 13
5 14 54 23 43 10
16 2 34 31 41 38
11 18 33 40 17 1
36 19 39 24 22 47
25 6 27 53 45 20
32 3 4 51 5 44
37 7 26 48 35 29
52 9 10 23 42 28
8 13 15 54 50 30
49 43 46 12 21 14
47 11 27 4 16 51
3 1 25 35 24 19
39 10 48 40 20 2
26 5 36 9 30 8
37 46 21 14 15 38
42 31 33 50 29 23
49 12 22 6 44 17
53 13 54 28 7 41
34 52 43 32 45 18
20 37 10 46 47 1
16 14 40 4 24 9
29 17 30 23 38 6
28 49 44 15 50 7
25 51 43 39 11 26
19 53 33 32 34 8
12 5 3 27 52 48
35 22 42 2 54 21
18 36 41 31 13 45
11 16 9 44 25 10
30 1 34 23 51 49
38 20 39 8 3 28
4 35 54 33 37 24
22 7 32 45 40 12
19 50 18 46 2 5
36 14 53 17 26 52
29 21 42 13 27 41
15 47 6 43 48 31
