23 36 40 31 8 4
10 5 44 17 22 1
35 26 45 7 18 25
42 3 12 13 28 32
43 46 38 29 2 11
9 33 21 27 39 19
41 15 37 6 14 16
45 34 24 30 20 5
23 17 46 43 25 1
7 31 44 39 15 16
11 22 8 6 32 34
28 27 9 38 12 35
20 29 26 14 4 2
21 41 18 3 36 30
33 13 42 24 40 37
16 25 10 38 34 19
39 12 11 17 26 3
4 35 15 22 45 41
19 21 24 18 44 29
14 42 46 8 10 33
2 30 23 9 36 37
28 20 1 43 13 7
31 32 40 27 5 6
44 38 39 37 4 42
16 17 43 9 8 45
13 12 41 29 5 23
26 40 30 10 46 28
15 2 25 11 21 32
19 7 6 36 14 24
33 31 3 20 35 34
27 1 42 15 18 22
32 38 45 41 44 36
37 6 20 17 9 10
5 7 14 25 30 11
24 16 29 35 23 28
22 33 12 21 43 31
34 27 4 46 19 13
18 1 8 40 39 2
3 24 9 38 26 31
29 4 30 32 42 17
35 11 14 1 21 39
13 27 3 10 45 2
37 23 18 20 46 22
25 6 40 44 12 16
34 41 8 26 33 7
5 28 43 19 15 36
12 9 18 4 44 25
40 38 13 21 7 17
15 3 28 46 8 5
36 16 27 11 42 20
6 10 29 45 30 33
2 43 22 39 24 41
31 19 35 1 37 26
32 14 15 23 34 9
16 11 5 4 18 33
46 6 26 42 21 38
29 22 19 3 40 7
25 32 39 10 24 20
34 1 36 12 37 27
30 13 44 8 35 43
45 17 31 28 41 14
7 23 4 2 3 6
36 25 26 22 16 13
12 19 20 30 15 38
44 2 1 33 28 34
41 9 35 40 11 46
5 45 21 42 39 23
14 37 10 18 43 32
8 29 17 24 31 27

