61 56 68 33 70 24
15 59 55 39 20 65
21 74 28 45 26 50
54 52 3 10 18 47
12 16 2 34 66 6
57 14 69 76 49 29
73 38 8 48 19 37
36 31 41 64 75 46
72 53 40 62 63 51
44 60 1 30 58 5
42 35 13 27 22 25
7 9 32 11 71 23
17 4 8 67 43 59
46 48 18 74 61 65
31 29 33 10 38 2
24 28 30 19 51 76
68 75 20 58 54 73
22 47 15 23 72 12
56 43 53 60 71 27
45 55 44 32 3 64
34 17 26 62 1 11
40 57 50 9 66 42
16 39 4 69 25 36
6 13 67 21 41 70
49 37 35 52 63 5
20 2 14 7 30 27
59 1 64 29 28 51 1 47
38 71 1 42 75 1 24 72
39 23 60 62 76 31
65 26 73 36 67 10
43 5 55 57 70 25
74 54 69 15 13 56
32 50 33 35 48 6
58 12 37 9 61 17
68 11 41 66 22 63
3 49 7 46 40 19
4 21 44 18 14 34
45 16 53 1 8 52
42 20 51 23 33 69
48 47 27 67 58 31
63 61 30 73 15 32
25 19 71 26 29 6
36 11 70 37 3 14
8 7 64 22 34 21
2 45 17 35 54 40
24 10 1 74 59 57
46 66 62 5 28 56
52 4 12 50 55 75
49 38 9 60 18 16
13 43 72 39 68 44
53 76 42 41 65 54
3 35 31 30 57 21
69 34 71 37 10 46
67 24 64 12 25 62
27 73 59 33 45 11
13 49 36 17 50 51
6 15 60 40 14 52
1 23 19 61 41 4
18 70 2 75 39 28
58 65 22 38 32 43
55 9 74 8 72 76
16 44 63 26 56 20
68 5 53 29 7 48
66 17 33 47 21 60
2 69 11 50 18 67
34 58 45 15 36 57
71 28 55 38 41 40
70 35 1 72 46 20
19 62 10 27 68 9
54 6 22 31 44 49
63 47 24 4 65 7
56 8 14 42 12 32
66 73 43 29 51 3
30 52 48 26 64 39
25 75 23 53 37 74
76 5 13 59 16 61
6 27 72 65 69 17
10 56 58 55 21 49
51 31 70 7 12 45
54 67 38 14 1 66
23 46 29 44 24 52
28 48 9 13 3 63
50 37 62 16 22 30
41 20 25 8 60 61
59 36 19 53 32 18
71 57 68 2 4 15
47 39 73 5 42 34
40 33 26 43 76 75
64 11 16 35 74 58
29 72 67 37 45 56
41 62 59 69 44 48
65 30 23 12 68 49
51 27 61 55 34 54
22 33 3 1 71 39
75 60 57 11 19 13
18 26 66 24 8 35
64 10 50 70 53 15
21 42 43 63 2 46
32 40 74 5 31 4
20 6 76 47 36 38
52 25 7 73 17 28
14 51 75 9 59 71
