1 31 2 15 66 14
10 51 3 30 53 11
52 64 42 4 33 69
17 34 27 68 19 25
43 6 16 21 59 7
28 44 70 63 67 37
5 62 35 22 46 23
56 39 40 8 61 60
20 45 55 41 24 32
13 9 12 18 65 36
29 54 50 48 47 49
25 57 38 64 58 26
4 27 39 43 15 37
46 19 63 1 53 61
67 59 28 31 3 56
23 32 2 34 47 40
52 48 22 10 13 44
35 60 18 42 30 58
6 54 51 8 65 66
36 14 38 62 50 11
26 21 9 49 20 69
68 16 33 5 29 41
57 70 24 12 7 17
63 55 28 15 18 45
44 3 61 42 38 66
4 8 36 46 2 49
25 43 30 9 33 22
5 13 21 57 39 53
47 41 58 6 37 14
60 26 17 32 1 29
12 48 11 19 55 35
64 69 56 23 16 50
40 20 24 54 68 59
31 45 65 34 70 10
7 62 27 51 52 67
41 19 11 2 39 26
60 53 69 14 28 12
17 3 50 33 55 54
44 56 25 32 4 35
58 8 16 9 1 10
30 70 46 48 27 6
62 42 15 24 13 34
61 66 49 23 52 68
51 57 47 20 43 31
18 40 67 21 64 22
7 65 63 38 37 29
1 5 59 45 25 36
55 44 68 53 58 62
52 17 28 35 9 47
48 67 23 16 14 20
7 41 54 46 4 60
33 49 39 63 40 51
70 43 66 56 29 13
27 32 8 18 5 64
61 22 15 26 11 6
42 50 45 65 57 19
10 2 59 38 12 21
69 34 37 24 36 3
41 64 31 30 44 17
15 35 53 40 9 54
62 23 51 29 4 57
14 52 8 70 25 42
20 18 34 6 56 1
26 37 13 59 31 33
66 69 63 58 48 7
36 61 30 55 21 47
28 65 32 11 68 2
19 24 43 49 38 5
45 22 16 3 27 60
39 10 12 50 46 67
59 23 9 51 42 41
57 56 30 53 2 52
8 63 26 35 34 43
68 36 70 64 60 15
66 4 3 50 20 5
6 49 31 12 32 62
40 25 29 69 10 55
44 24 14 61 21 27
16 17 46 37 11 18
33 1 48 67 38 65
13 22 58 54 28 19
47 45 68 39 7 8
29 12 53 27 42 20
21 11 46 31 63 25
37 59 32 50 61 52
49 15 57 65 16 44
33 18 19 66 10 62
2 7 64 3 35 13
14 30 4 45 26 40
69 47 38 22 41 70
58 51 56 36 17 48
39 23 1 24 28 6
55 60 34 9 67 5
54 62 64 43 12 61
59 15 29 19 8 30
32 36 10 27 63 57
47 66 53 16 26 24
11 5 4 70 58 9
2 60 20 37 33 44
38 54 23 39 31 18
22 14 42 56 7 55
67 6 13 17 69 45
25 34 48 28 49 41
65 40 43 3 46 52
50 68 21 51 35 1
