54 13 55 3 38 27
79 20 85 21 59 67
17 63 62 65 43 40
74 34 7 87 69 51
47 8 70 39 45 24
19 22 72 61 6 41
83 48 33 64 82 30
37 11 86 57 4 29
35 80 88 10 60 77
18 36 52 44 2 16
5 81 42 56 26 46
75 15 73 66 32 14
1 9 58 25 78 49
12 28 50 23 31 71
84 43 68 53 76 38
87 63 67 41 80 27
59 2 57 62 64 13
37 40 79 83 42 47
36 33 26 6 70 74
72 75 39 35 85 34
29 19 20 30 49 58
17 78 46 15 69 21
55 56 82 50 84 88
11 77 18 73 1 7
48 71 45 65 54 4
3 44 51 8 32 81
31 24 10 76 16 66
22 12 86 53 14 9
60 25 5 61 52 23
68 88 78 79 28 41
47 63 18 33 84 20
27 7 39 48 50 6
51 46 2 29 45 1
10 58 83 59 32 38
3 67 71 15 35 56
11 62 60 44 19 12
24 28 61 40 9 77
25 13 34 43 85 31
54 74 64 8 17 5
81 53 55 75 16 37
23 72 49 57 26 66
52 80 22 73 70 69
76 21 36 30 86 65
82 68 14 87 42 4
33 46 44 79 71 10
78 19 85 56 27 24
61 37 32 67 48 43
31 7 54 88 57 63
60 34 45 16 26 20
12 6 3 58 18 21
52 87 38 51 66 9
4 53 41 69 39 77
59 84 28 72 36 8
15 82 23 81 86 80
30 47 75 1 17 22
68 49 40 50 73 13
55 74 62 29 25 83
2 76 70 14 11 5
42 65 16 64 35 61
33 21 72 9 54 60
85 3 26 28 10 86
43 56 57 22 79 18
84 77 17 13 87 81
38 48 44 20 15 1
4 83 12 5 78 7
49 67 14 74 46 88
82 36 63 37 39 25
62 58 66 42 8 53
80 2 65 24 6 75
50 47 52 34 59 11
41 73 64 45 55 23
27 69 76 71 29 40
31 51 35 30 68 70
32 57 16 19 77 25
7 66 28 46 22 82
80 72 74 20 53 13
49 61 56 36 75 62
43 50 4 21 24 73
8 76 15 88 52 37
27 47 26 44 64 58
86 40 33 2 55 35
38 30 69 85 12 45
6 51 11 63 10 78
81 67 31 65 1 39
54 14 83 68 18 19
23 29 3 70 87 79
9 34 32 84 5 71
42 41 17 48 60 59
7 15 43 16 72 47
77 56 76 12 33 51
67 73 30 28 53 2
64 4 25 18 38 80
10 65 55 20 8 68
24 13 46 11 58 36
75 21 27 5 82 57
88 29 6 34 44 42
39 54 78 14 62 84
70 85 9 63 81 48
69 60 79 49 31 32
26 35 87 19 37 59
66 61 50 45 3 17
86 83 1 71 41 52
22 74 44 40 23 21
65 14 28 58 57 34
70 27 84 4 10 15
77 64 75 46 68 63
53 18 29 35 24 82
67 38 8 78 50 33
62 5 87 86 72 48
71 66 60 6 30 43
13 23 56 83 16 69
22 49 2 85 37 54
32 42 36 1 12 80
39 59 61 73 51 88
52 17 11 26 55 31
41 20 25 40 7 3
45 79 19 76 81 74
9 23 6 47 62 68
58 86 84 69 75 67
16 5 29 28 33 80
70 65 59 66 44 56
55 18 15 51 60 85
40 30 87 32 39 11
45 43 42 77 27 49
57 20 83 17 9 76
26 71 24 25 88 22
46 37 73 38 31 72
14 50 35 36 41 81
21 64 10 7 52 53
13 1 8 63 4 19
34 61 12 82 79 54
78 2 48 74 3 47
