21 20 28 8 2 17
19 26 32 5 33 44
39 43 4 10 29 42
24 9 1 3 12 13
18 38 27 34 11 15
30 37 16 22 31 14
40 41 36 6 35 7
3 10 23 25 34 17
33 19 20 4 22 1
12 27 44 39 28 40
36 37 21 7 26 41
15 8 38 2 31 35
29 14 18 42 30 5
9 32 11 25 13 24
6 23 37 43 16 19
28 2 18 33 34 3
17 35 4 26 30 12
15 27 9 29 16 7
5 36 6 10 25 20
1 38 43 24 44 21
13 41 42 40 31 23
14 8 32 39 11 22
36 43 7 4 5 28
34 12 6 20 15 30
17 44 42 35 13 37
26 8 31 14 23 9
21 19 40 18 39 24
38 3 11 41 33 29
1 2 10 16 32 27
35 25 40 22 34 21
37 28 43 23 11 5
14 7 30 44 32 3
2 38 19 42 9 25
31 18 15 17 36 1
24 26 33 10 16 8
12 41 22 6 39 27
13 20 44 29 4 36
10 40 5 2 11 16
1 25 33 42 14 6
18 22 32 38 23 12
3 43 9 37 15 4
34 7 13 41 39 8
20 17 26 19 30 27
31 21 29 35 28 24
6 9 41 14 44 43
25 32 4 18 40 20
23 33 30 15 21 13
11 29 17 36 22 2
31 42 39 5 27 3
16 34 28 19 24 7
8 12 35 26 10 37
5 1 29 38 40 17
27 4 24 23 15 25
8 36 34 32 42 43
2 6 3 21 26 11
31 13 10 44 22 19
7 37 12 33 38 14
20 16 39 9 18 35
41 30 25 28 1 26
37 27 29 32 21 6
23 20 42 7 10 38
13 14 2 4 12 18
36 35 16 28 3 19
39 5 15 44 8 1
30 17 22 11 24 41
40 43 34 9 31 33
4 6 13 27 28 8
41 21 14 19 15 10
44 25 31 16 17 12
7 40 22 43 18 26
37 1 11 34 20 9
24 23 36 33 39 2
35 3 30 32 5 38
42 18 34 29 6 26
11 4 10 1 7 31
43 33 35 27 14 17
30 44 39 25 37 2
15 42 28 20 41 32
8 19 23 3 29 40
22 13 5 12 9 21
16 24 14 38 36 20
11 35 44 23 1 18
12 19 25 43 29 8
21 5 16 41 4 34
27 10 33 30 9 36
40 24 15 22 42 37
32 7 2 17 6 31
26 3 39 28 13 38

