34 81 75 68 25 20
17 5 52 29 80 22
64 89 44 66 53 39
85 42 57 27 43 47
35 30 15 23 41 28
63 37 18 72 3 86
55 7 32 49 33 48
61 50 16 26 84 24
56 9 65 21 38 45
14 31 60 13 58 83
19 59 69 70 88 87
77 71 4 40 78 82
79 8 11 73 36 62
51 67 1 90 54 6
12 74 2 46 76 10
24 20 29 7 35 44
61 56 86 89 48 5
80 47 49 64 38 15
59 13 50 39 55 34
78 57 28 33 81 3
8 58 77 65 75 19
62 85 45 4 25 54
22 16 67 71 18 11
30 68 66 79 63 46
6 76 70 72 23 17
36 90 14 42 12 21
41 82 26 88 74 31
32 37 60 1 87 43
52 27 73 84 2 9
83 40 53 10 51 69
44 18 5 50 19 57
58 15 89 59 24 45
46 29 55 77 72 28
23 4 63 22 12 7
38 71 3 62 88 75
32 13 17 47 11 30
25 8 33 1 26 9
52 35 90 70 49 16
76 84 54 65 82 69
79 81 2 48 51 14
20 74 78 66 60 61
53 80 36 86 85 67
73 34 83 43 64 56
68 87 42 39 10 41
27 31 6 37 40 21
52 47 72 19 62 89
9 58 12 28 69 17
4 65 51 26 13 70
88 7 25 14 16 66
44 49 60 82 11 81
34 71 84 23 36 74
86 59 22 78 43 35
31 48 1 63 75 80
18 24 46 56 39 85
27 50 79 32 15 54
29 6 57 83 41 61
87 33 90 77 45 76
64 67 8 30 42 40
10 5 73 21 3 20
2 53 68 55 37 38
43 14 75 9 89 49
46 44 16 80 69 13
36 56 58 35 82 27
83 88 72 24 1 78
85 61 23 90 32 59
48 77 30 12 54 52
11 63 21 57 34 51
53 8 87 3 17 4
70 41 66 84 86 62
81 31 10 18 47 45
6 65 42 25 55 79
60 15 68 71 73 26
33 29 37 74 67 19
20 22 64 28 2 50
40 39 38 5 76 7
43 51 80 8 24 12
56 17 41 59 77 14
49 61 36 31 72 30
54 3 11 9 70 55
13 27 25 87 48 71
78 90 47 26 44 63
37 75 10 16 79 64
5 33 82 15 2 34
45 52 88 28 68 40
19 39 84 22 60 6
86 38 20 42 83 4
69 1 23 29 73 18
89 67 35 65 46 32
53 57 7 58 62 74
76 21 50 81 66 85
41 5 63 13 64 9
31 56 3 51 52 25
14 84 15 37 78 8
55 83 19 82 45 12
54 42 59 49 29 71
2 23 86 44 65 87
68 4 69 47 36 24
33 17 79 35 60 85
40 32 26 57 22 66
48 20 43 11 53 76
6 18 88 89 77 80
1 21 39 16 30 74
38 70 58 61 46 81
34 28 62 67 10 27
50 90 7 75 73 72
85 12 13 3 35 68
54 26 2 17 19 36
45 66 49 51 23 37
88 9 47 60 29 53
69 63 39 33 14 71
32 64 76 58 4 18
74 27 55 81 86 8
11 28 1 7 61 42
62 30 87 50 6 56
57 89 82 16 73 38
80 59 40 20 72 65
24 22 48 41 34 90
5 79 78 67 70 31
75 46 21 15 52 83
25 10 43 84 44 77
69 26 81 7 85 37
42 19 35 63 50 53
87 14 73 47 54 61
12 49 56 20 57 88
45 16 34 8 32 29
71 55 89 76 1 41
48 62 64 60 21 59
72 9 51 74 68 22
82 86 24 10 6 52
75 40 70 36 44 33
30 78 80 2 25 58
17 66 65 15 43 31
4 27 46 90 11 5
38 28 13 18 79 84
3 83 77 67 39 23
