74 7 36 12 17 56
42 32 76 19 28 77
53 24 39 66 37 61
57 63 44 18 51 21
14 58 62 20 16 26
69 8 55 47 52 70
73 60 59 75 65 29
67 22 68 43 35 40
15 64 71 25 34 41
31 10 2 46 11 49
4 9 50 38 72 54
1 30 48 6 13 23
3 27 45 70 5 33
36 37 16 59 69 19
35 28 75 64 7 44
68 77 73 47 51 41
76 4 71 58 74 8
1 15 12 24 57 26
54 62 56 22 21 42
23 60 72 49 61 18
6 67 25 46 53 27
30 40 3 48 11 50
32 20 52 65 17 5
13 33 10 9 43 14
31 29 38 55 39 63
34 66 47 2 45 44
75 1 25 54 35 1 58 77
49 36 1 53 48 57 62
74 30 42 41 67 61
40 12 4 16 3 32
64 23 76 69 50 21
22 28 34 1 9 31
52 19 33 11 29 66
43 26 51 65 39 45
13 5 37 55 71 60
18 14 7 27 68 59
63 72 56 20 2 6
24 10 8 17 38 73
61 48 70 15 46 22
50 66 26 42 31 67
33 9 11 51 64 37
25 13 59 3 68 74
14 12 65 53 77 63
27 1 43 73 56 75
39 18 41 6 10 32
72 15 58 69 40 5
20 29 47 35 49 24
2 38 57 52 16 60
21 34 19 7 70 4
71 36 62 28 44 23
17 76 55 30 45 46
8 3 65 39 1 54
40 73 66 35 12 69
38 43 11 5 41 53
19 22 58 10 18 50
61 44 34 26 32 13
29 14 76 17 25 51
46 56 47 71 33 28
67 59 63 54 48 24
49 64 68 4 55 52
23 74 45 16 75 9
62 21 2 77 37 15
70 31 27 57 30 72
36 6 60 8 42 20
7 19 39 48 73 25
28 52 51 59 50 12
75 68 69 34 56 29
71 1 32 66 67 14
2 41 40 65 13 70
43 46 21 72 36 3
5 30 16 18 8 64
63 27 35 60 15 9
45 54 7 57 11 6
37 53 20 44 76 10
77 49 38 26 22 74
47 61 17 62 31 4
23 24 33 58 55 42
9 73 52 30 21 71
72 66 75 3 41 14
51 69 60 7 32 46
8 50 49 45 25 63
59 6 34 38 62 40
37 58 57 68 43 28
13 39 15 67 36 64
10 26 61 27 54 29
55 53 35 74 19 2
42 44 11 70 17 1
56 65 31 76 16 24
33 77 48 18 4 20
39 23 5 12 47 22
32 63 58 36 73 30
54 6 15 66 55 28
29 62 43 50 70 74
40 61 7 38 76 1
56 52 18 45 35 13
24 69 22 4 2 14
5 46 9 44 59 49
60 26 8 53 33 68
21 75 12 31 20 25
41 17 37 23 57 3
16 42 48 34 51 10
64 72 65 19 47 67
11 71 69 77 27 39
50 2 36 68 5 1
28 4 53 75 63 13
21 49 17 33 35 6
52 74 46 37 40 18
51 8 19 15 23 31
11 45 32 62 24 72
14 47 30 60 54 43
44 38 12 58 48 27
25 65 57 61 42 9
3 20 67 73 34 55
41 71 16 22 7 29
10 66 77 56 59 64
26 70 35 76 75 36
