25 11 31 22 15 34
4 10 29 42 24 37
3 41 49 40 13 2
18 27 21 45 9 52
1 28 30 33 14 51
47 20 50 44 16 23
36 38 19 8 32 39
48 43 46 12 7 26
17 30 5 35 22 6
1 52 29 23 3 40
49 2 45 14 50 4
7 8 48 19 16 34
39 18 37 44 47 27
15 24 28 12 17 41
21 36 35 13 38 26
6 51 20 43 25 33
46 5 9 11 10 42
23 52 32 17 31 4
22 27 1 12 34 2 1 39
33 1 16 38 14 1 44 19
30 6 25 29 45 7
11 8 21 43 20 40
15 10 31 28 36 3
24 9 48 50 13 18
35 5 37 46 1 41
32 26 49 47 51 42
6 29 39 31 2 16
13 43 27 38 23 30
14 18 7 3 17 11
19 4 41 5 26 10
50 24 51 36 33 22
8 46 25 47 49 1
40 21 44 15 42 12
34 48 45 20 52 35
43 37 32 28 9 2
49 29 25 5 18 36
31 19 46 27 30 24
40 10 14 35 51 39
33 17 34 38 42 9
11 20 41 1 50 12
52 26 44 8 28 6
23 48 37 3 22 21
7 13 15 4 32 47
16 29 42 45 41 10
34 1 43 39 49 24
19 18 28 46 35 2
36 23 8 9 30 14
37 45 31 12 33 13
5 44 3 27 25 32
38 7 51 20 15 4
40 6 47 48 17 50
52 21 16 26 11 22
30 12 10 49 23 18
2 7 36 24 44 1
19 8 45 51 37 15
26 39 17 20 29 13
4 11 28 27 6 48
46 42 22 3 38 43
35 47 14 33 31 52
41 32 50 25 21 34
5 16 7 9 40 36
13 22 17 10 1 8
6 2 44 24 35 23
38 48 32 41 31 30
21 47 9 11 19 29
16 3 27 51 12 49
18 46 33 4 34 40
28 52 42 25 39 20
14 37 26 15 50 5
45 1 3 43 19 24
29 35 38 51 32 11
9 49 17 31 44 48
2 25 15 13 46 16
18 12 6 42 14 8
26 34 20 37 40 30
50 33 10 52 7 43
28 39 5 45 21 23
36 4 27 41 22 47
16 14 11 32 24 17
44 51 13 34 46 52
21 49 31 37 6 7
23 25 12 26 33 19
2 20 1 10 27 9
22 38 40 47 28 45
42 48 35 29 36 15
39 4 3 30 50 8
41 14 5 18 43 44
20 19 22 49 13 6
17 45 36 21 37 46
8 15 33 50 27 29
9 4 43 25 3 35
2 12 24 52 5 38
30 34 47 10 28 16
1 40 26 32 31 18
51 41 23 7 39 11
42 27 33 48 2 14

