40 25 32 48 46 22
12 26 30 35 50 34
9 3 20 23 36 31
57 6 13 19 17 18
28 55 11 27 16 59
2 44 1 42 24 4
10 8 41 39 29 21
15 53 54 49 56 60
58 7 47 37 61 43
14 33 45 38 52 51
9 22 5 30 19 24
46 1 36 48 8 12
31 27 29 40 6 2
59 56 10 47 60 26
39 35 57 15 11 45
37 3 38 50 5 42
14 17 16 61 41 23
33 7 53 55 34 25
51 43 21 44 13 49
54 28 4 52 58 20
50 18 37 11 10 32
5 1 35 8 60 48 1 14
41 1 42 56 30 59 1 7
24 15 13 36 33 1 25
28 31 46 44 47 57
6 58 26 38 53 21
16 19 45 43 54 1
17 39 51 20 12 32
18 49 52 55 9 2
29 40 61 4 34 3
23 27 44 58 22 35
31 13 38 7 10 1
25 57 12 56 5 6
46 60 50 39 9 16
48 4 29 26 45 55
11 22 49 47 20 14
17 52 53 43 42 36
34 24 54 41 37 27
19 28 61 32 2 33
21 23 40 59 18 15
3 51 10 8 30 58
5 11 17 46 29 56
42 54 47 13 12 9
49 14 35 1 37 6
2 20 48 34 38 16
32 4 43 27 30 15
25 19 31 8 59 52
7 36 61 18 44 39
45 23 24 53 50 28
51 60 55 57 40 41
26 21 22 33 16 3
42 59 58 14 32 29
13 20 8 56 61 27
52 23 34 10 39 5
36 38 11 54 40 19
33 44 30 6 45 60
41 2 53 3 46 35
9 37 15 26 51 28
57 49 48 24 50 7
1 47 55 21 25 17
12 43 18 22 4 31
35 10 42 20 33 40
56 32 9 38 41 44
13 59 37 53 48 39
27 21 46 7 14 19
16 36 47 4 51 5
60 3 12 11 24 52
8 26 23 2 57 54
22 15 50 61 55 6
29 18 30 28 1 25
17 34 58 45 31 49
5 41 33 43 48 59
