22 12 39 33 38 2
30 20 5 17 36 29
4 40 7 16 6 18
11 24 37 14 34 8
13 31 26 19 1 25
3 27 9 21 32 23
15 4 35 10 28 29
25 13 30 33 12 24
16 32 34 6 26 23
19 8 36 9 40 38
15 11 14 31 39 7
18 21 2 5 37 35
17 28 27 3 22 1
10 9 15 20 34 25
14 1 36 26 4 13 1 24
38 29 18 31 17 33
10 23 40 12 2 28
39 32 1 27 5 8
22 16 30 19 21 6
20 37 3 35 7 11
24 26 32 40 2 15
34 18 10 13 29 19
8 33 20 21 31 3
9 11 17 16 37 12
35 14 23 30 1 4
25 7 5 28 38 22
13 36 6 37 39 27
32 14 33 17 10 19
15 29 30 11 8 40
12 4 31 7 16 21
38 26 34 23 39 5
18 24 9 36 3 28
6 27 25 2 35 20
22 21 37 1 12 29
4 38 3 40 13 32
2 6 14 25 9 31
27 18 7 26 30 10
5 22 33 8 16 15
39 11 19 1 20 28
36 24 35 23 34 17
3 10 16 37 30 38
2 7 9 33 13 27
28 35 31 26 22 8
1 6 11 18 15 32
24 20 19 17 4 39
34 5 21 12 14 40
29 25 33 11 23 36
37 17 13 20 15 26
32 38 12 35 18 30
27 40 24 14 25 10
23 19 3 5 6 31
29 4 22 39 9 34
7 1 8 36 16 2
28 23 37 21 15 13
39 20 18 32 25 22
14 19 16 2 3 29
6 12 7 8 17 24
40 5 1 35 33 9
38 10 36 26 21 11
30 31 27 34 28 4
40 35 16 13 14 20
9 1 21 24 25 38
34 19 12 7 3 15
5 2 17 11 27 4
36 30 39 31 10 37
28 33 26 29 32 6
23 8 13 18 22 14

