43 32 11 12 28 42
7 21 15 45 3 29
51 1 10 2 22 59
53 9 49 27 8 58
20 14 33 30 26 47
38 52 13 31 17 35
56 34 19 57 16 40
39 44 25 5 50 18
23 41 6 46 24 4
55 37 36 49 54 48
9 20 2 3 43 21
51 19 31 8 1 26
35 57 10 50 15 11
13 39 59 23 16 38
28 55 58 41 22 18
47 56 25 27 54 29
34 17 45 24 5 12
36 42 48 6 33 7
32 30 53 44 52 37
46 35 40 14 4 2
18 1 10 26 23 54 9 1
45 43 56 1 19 39 49
16 25 50 15 48 41
36 34 58 11 13 8
31 4 5 20 29 32
37 17 57 3 22 33
53 12 21 6 59 1
38 28 51 14 47 44
27 46 7 52 40 55
43 24 42 30 50 13
35 34 22 25 32 9
15 20 18 17 59 36
58 29 2 33 19 44
26 27 49 41 1 38
53 16 24 31 47 28
14 8 3 6 4 54
40 48 21 42 39 52
11 56 23 37 7 51
55 57 46 12 45 30
5 49 36 10 47 22
29 13 15 28 9 6
26 2 54 16 42 17
34 33 41 21 51 39
46 3 50 32 27 19
48 30 1 5 23 35
24 44 8 59 56 55
25 52 57 58 43 20
18 31 12 7 40 14
4 38 45 10 37 53
11 47 9 17 41 46
22 21 16 35 30 8
32 6 39 49 2 56
12 48 27 20 13 31
44 59 28 57 36 4
18 51 34 42 53 3
10 38 33 7 25 24
40 58 50 26 45 37
54 15 5 52 11 19
1 55 23 29 14 43
2 41 30 36 31 56
8 18 32 48 38 57
49 3 59 25 42 46
33 5 13 40 53 54
16 11 1 45 44 20
50 51 52 29 6 55
19 10 12 28 35 27
4 7 22 43 26 34
37 24 14 9 15 39
17 23 47 21 58 32
30 6 3 38 11 40
8 28 45 2 25 33
59 19 5 13 7 41
39 55 53 35 26 20
47 42 4 1 9 57
29 37 16 18 46 43
48 58 17 56 14 10
44 49 15 34 23 31
21 27 52 51 36 24
54 50 38 22 12 9
42 20 6 19 35 37
13 32 47 55 18 45
8 40 43 41 10 44
56 46 26 21 5 28
7 49 17 57 53 51
54 31 14 59 50 34
3 23 25 12 36 16
22 29 48 24 2 11
15 4 27 58 39 30
52 33 9 1 18 56
