3 7 24 20 32 1
45 13 36 39 31 10
5 2 25 40 4 26
42 21 18 46 22 14
43 37 23 41 19 34
28 15 33 38 16 17
29 8 27 44 11 9
6 23 35 12 30 22
41 16 40 20 14 13
24 8 11 42 34 28
32 39 30 5 26 17
43 29 9 38 31 36
15 19 3 4 35 21
27 46 6 33 2 1
18 25 37 45 44 10
7 43 31 16 4 12
32 1 17 9 6 34 1 20
42 44 1 1 15 1 36 40
25 12 13 19 27 18
23 41 38 3 33 45
2 24 30 14 10 8
26 37 46 11 35 29
21 7 22 28 5 39
3 2 23 44 13 16
10 18 38 40 27 32
6 26 19 28 24 36
8 4 5 45 46 41
25 21 17 1 11 31
12 43 20 37 15 42
14 35 33 39 9 7
34 22 16 29 30 25
36 21 27 23 20 4
41 39 44 24 38 12
17 45 34 7 42 2
31 14 40 37 32 8
9 1 26 22 10 19
18 3 29 15 6 5
46 11 28 43 30 13
33 20 38 35 8 25
31 6 16 26 27 42
2 43 39 32 23 29
10 9 34 12 3 21
1 28 35 5 45 14
30 36 11 18 41 15
19 40 44 7 17 46
37 33 4 13 24 22
32 42 25 35 9 41
15 20 39 10 6 2
40 45 30 21 29 24
46 16 5 34 36 37
4 31 28 44 18 23
27 17 14 22 3 43
1 13 7 26 38 8
19 12 45 11 33 32
24 23 15 9 25 46
27 10 41 29 28 7
11 34 4 14 38 6
20 44 21 33 26 43
30 5 3 31 19 42
36 12 35 17 40 2
8 1 18 16 39 37
22 44 32 13 34 15

