36 35 45 41 26 38
5 16 24 12 44 7
11 37 28 23 4 19
21 49 25 32 48 22
30 20 47 13 43 9
6 33 18 17 15 8
50 34 2 31 40 27
51 3 42 46 14 1
39 29 23 44 10 21
15 41 9 24 11 43
6 47 38 2 28 48
51 46 49 19 13 26
37 22 7 34 32 27
5 14 12 50 36 33
29 42 31 18 30 3
1 10 4 25 16 17
8 45 20 35 39 40
2 24 6 19 21 50
29 13 14 32 28 15
34 18 46 47 25 33
17 9 44 3 40 38
37 43 12 48 10 35
27 23 49 16 8 36
7 4 51 20 31 41
1 11 30 22 39 45
26 5 40 10 47 42
21 6 37 9 50 46
12 2 3 13 8 25
16 18 22 38 51 19
23 32 5 45 15 4
48 36 39 7 28 42
26 24 1 20 29 34
31 44 11 14 49 43
33 27 17 30 41 35
42 21 15 45 37 16
4 38 8 24 46 29
40 49 10 7 14 6
13 35 50 48 23 11
43 18 26 3 5 22
41 19 47 39 12 30
44 20 32 36 17 34
9 27 28 1 25 31
40 51 2 29 48 33
46 38 13 41 7 5
12 42 32 20 11 6
3 50 45 49 4 47
35 1 37 44 2 18
15 19 10 31 8 34
21 39 17 27 51 43
28 22 26 33 9 16
23 36 14 25 24 30
38 15 29 49 12 20
11 3 39 34 6 5
16 47 46 35 31 32
22 17 41 2 42 23
43 21 36 40 1 13
4 48 9 14 27 18
19 7 25 33 45 44
8 50 10 28 30 51
24 13 31 37 26 39
6 22 35 36 29 4
14 19 48 17 5 20
43 25 50 42 38 16
28 41 49 18 40 37
45 34 23 9 12 51
27 30 15 26 46 44
32 33 2 10 3 24
8 7 11 47 1 21

