72 80 29 17 38 57
25 5 19 67 68 23
79 50 51 2 18 14
6 3 26 21 69 16
53 7 56 24 33 55
64 37 70 1 41 44
75 12 77 31 4 8
65 32 40 60 73 74
39 11 71 66 36 13
62 42 35 46 45 22
52 27 48 78 59 34
58 20 54 9 49 28
30 10 61 47 43 15
76 3 2 63 81 12
14 32 24 77 80 70
18 19 44 75 66 40
68 1 56 51 31 73
69 62 33 78 11 17
5 21 48 65 49 36
64 54 46 39 23 34
42 53 52 10 72 25
9 8 38 6 61 41
71 47 45 7 57 76
59 16 15 63 35 74
43 13 60 26 58 29
30 28 37 55 50 22
27 81 67 4 79 20
72 1 70 66 68 1 48 69
8 34 42 3 1 14 1
40 24 52 47 64 62
7 54 15 51 65 25
23 6 58 74 71 12
29 50 73 10 39 59
18 76 16 49 22 61
38 13 32 67 46 56
55 63 31 45 79 9
2 60 21 37 4 19
11 44 5 20 57 30
26 41 81 80 78 75
17 77 36 43 53 27
35 29 33 28 12 47
66 38 62 49 10 34
31 61 13 24 23 65
72 22 74 9 2 39
40 46 59 70 21 7
73 15 37 11 14 6
56 45 4 50 44 80
32 41 43 48 33 3
58 76 27 5 51 69
1 75 20 52 63 36
81 17 35 19 55 54
60 71 8 16 25 30
53 28 64 78 67 18
77 68 79 57 26 42
23 44 49 7 43 14
46 58 10 41 31 2
21 73 9 80 62 27
12 34 24 45 19 72
69 40 1 15 55 71
50 11 32 76 35 75
3 30 66 74 67 29
25 17 28 61 56 26
22 8 63 13 64 51
6 65 18 20 59 68
70 54 78 36 42 47
33 16 79 37 52 5
48 39 60 81 77 38
57 9 66 4 53 32
31 26 72 27 35 71
25 74 14 21 75 64
10 51 80 3 28 23
41 47 19 13 20 50
79 59 17 30 1 24
68 76 46 33 15 60
22 65 53 38 70 11
73 49 2 8 52 45
12 43 57 56 78 39
62 36 18 37 81 7
44 42 55 16 48 58
61 63 67 54 69 77
29 6 4 34 5 40
33 22 80 59 66 31
19 27 49 15 70 3
23 72 78 32 8 21
14 30 39 68 52 41
16 13 1 28 57 62
51 74 81 42 24 11
34 37 20 35 69 43
5 60 55 12 18 10
71 9 50 46 77 65
44 67 47 17 2 6
4 25 63 38 58 73
36 56 79 64 29 76
26 40 45 54 48 53
75 7 68 61 72 3
