9 48 28 40 14 17
33 6 11 51 41 47
3 32 27 23 37 24
26 2 45 13 43 1
10 29 42 46 19 50
8 4 36 12 15 34
49 25 39 53 52 35
21 44 20 31 7 22
29 5 38 18 16 30
33 14 48 43 10 8
2 13 11 50 42 28
17 12 41 21 45 49
20 23 53 18 24 9
40 44 46 27 6 30
47 26 52 19 3 34
37 4 39 5 31 16
36 15 25 51 32 7
38 22 23 1 35 10
29 26 1 43 9 12 49 1
53 21 11 1 48 30 37 1
6 34 1 47 2 5 25
52 31 51 27 1 42
17 8 3 13 32 16
38 50 4 41 22 20
7 40 18 35 46 33
15 24 14 45 19 44
39 43 27 36 28 29
17 42 13 41 23 5
20 9 32 30 33 12
3 21 1 25 18 4
14 8 31 26 50 53
37 36 11 22 45 40
47 19 10 49 16 44
7 48 24 28 52 6
2 46 51 39 34 38
9 30 15 35 11 42
1 40 5 20 50 3
49 22 43 24 33 8
23 34 51 52 29 45
10 28 46 37 25 21
48 41 35 26 15 16
36 39 14 6 38 17
7 47 13 4 31 27
12 18 32 44 53 2
19 9 37 1 25 41
35 26 38 21 24 29
6 3 10 11 27 8
34 44 30 50 7 23
5 17 4 18 51 43
14 28 22 32 49 42
31 33 53 19 2 36
15 48 47 46 39 20
16 52 40 13 12 45
3 4 49 9 42 6
21 8 38 11 5 19
34 20 31 43 35 14
53 47 12 22 51 13
44 41 32 1 46 52
33 16 50 28 23 15
10 37 2 30 36 7
45 18 27 48 26 39
29 40 25 24 17 31
12 43 11 32 38 46
15 2 4 37 3 14
42 30 23 39 8 47
16 29 1 40 6 53
19 26 20 51 17 28
36 21 35 52 13 44
18 34 5 41 24 10
25 50 22 49 27 48
7 38 33 45 9 3
23 36 46 28 4 26
8 51 12 44 37 35
17 18 52 11 47 50
32 1 48 34 49 29
27 41 21 16 14 2
24 6 19 30 20 13
31 15 45 5 10 9
53 25 7 42 43 40
3 39 33 22 21 34
46 13 18 14 51 49
6 23 48 38 37 31
35 12 5 27 7 19
52 22 30 15 17 43
44 11 28 4 53 29
16 45 41 8 20 25
50 1 9 47 36 24
40 10 26 2 39 32
42 52 37 33 29 18
28 49 41 30 31 3
34 27 17 38 53 15
14 11 1 39 7 12
5 13 26 25 44 33
45 35 50 4 32 6
46 16 9 8 2 22
43 19 21 47 40 23
24 42 51 48 10 36
20 49 37 26 11 34

