59 32 12 61 87 35
29 48 64 8 85 73
86 43 51 42 72 14
4 81 55 56 50 10
57 58 37 53 52 30
82 78 41 44 13 40
15 94 67 17 74 6
33 3 84 90 89 46
91 19 76 71 77 18
2 9 79 1 69 62
88 25 63 45 68 83
22 38 26 60 27 54
31 36 39 23 7 66
75 24 16 80 93 11
92 65 70 47 20 21
28 12 49 41 34 5
40 91 59 94 14 58
73 77 32 10 82 2
42 84 68 13 57 6
79 60 81 51 46 19
61 48 66 9 86 89
43 36 17 1 8 44
76 90 31 4 93 37
34 75 29 35 25 15
21 23 33 50 30 22
74 49 55 7 26 92
28 54 47 45 52 3
18 83 72 38 16 53
67 62 85 11 20 78
88 5 39 27 80 64
56 71 69 65 63 24
31 8 87 10 70 19
36 1 93 42 81 33 1 29
89 21 44 51 32 26
76 58 50 54 41 79
48 45 77 14 37 74
92 73 38 86 90 25
59 62 15 47 49 43
6 20 5 46 75 69
52 24 91 22 88 17
9 70 27 23 4 67
80 40 3 56 34 68
2 11 57 7 83 61
66 53 13 71 85 94
12 18 82 64 55 63
35 16 78 84 39 65
72 30 1 87 60 28
14 69 41 89 22 93
38 59 6 81 31 9
32 74 68 24 4 19
86 44 7 37 33 62
77 85 34 58 36 21
49 71 50 27 57 25
45 11 23 94 82 56
91 80 51 12 92 1
63 87 47 76 5 73
65 53 60 8 61 75
39 13 54 72 67 90
70 17 42 16 26 79
64 35 3 43 66 10
48 28 88 18 15 2
40 29 84 20 55 30
52 78 27 83 46 56
94 9 22 77 44 63
33 1 4 58 38 61
25 67 82 21 87 91
60 45 16 69 92 85
39 14 8 68 81 11
62 65 41 32 23 57
53 73 35 20 51 28
5 66 70 15 72 50
2 37 13 26 43 29
83 31 80 49 48 42
6 12 86 24 3 76
52 64 93 79 84 7
17 30 34 78 19 59
36 10 18 90 47 75
46 54 74 88 40 71
89 15 60 55 39 77
8 51 33 5 57 9
38 68 20 50 91 37
25 53 43 69 76 32
84 44 92 24 27 81
85 35 4 41 80 52
63 21 90 62 29 17
19 23 58 3 2 49
54 94 55 78 1 86
30 14 61 82 88 36
10 7 71 67 28 16
93 6 26 66 40 45
46 42 18 73 59 65
75 56 48 70 12 22
83 64 87 74 13 34
47 72 89 11 79 31
57 69 77 3 29 38
32 15 9 84 54 14
16 61 20 90 41 27
26 63 4 36 91 53
66 2 67 92 42 8
30 51 94 68 49 70
44 10 58 65 6 80
25 11 64 33 17 40
85 22 82 28 59 83
60 50 12 13 73 31
34 7 46 1 47 48
43 79 24 78 18 5
37 89 81 87 71 23
93 56 72 19 62 88
74 21 52 39 86 75
35 76 36 55 33 45
