62 78 4 57 41 8
29 12 7 39 63 25
73 22 45 35 33 3
69 30 42 31 2 10
58 65 59 68 56 44
34 81 32 71 17 76
6 55 37 15 21 53
1 82 16 40 77 51
61 64 20 66 14 19
47 36 79 74 75 43
23 46 18 70 11 72
52 48 54 28 5 49
60 26 83 9 13 50
80 27 38 67 24 57
30 17 59 63 8 77
34 4 44 66 1 39
41 31 68 21 64 43
74 61 16 33 29 58
51 5 53 76 62 70
2 49 15 3 18 65
6 50 69 79 38 23
7 72 42 60 20 67
55 75 82 10 19 48
37 28 11 35 83 71
40 27 78 46 73 52
14 81 47 24 22 26
54 45 9 80 12 36
56 13 38 32 25 66
49 1 58 67 1 43 60 1
79 1 41 55 29 76 51 1
71 1 62 42 15 34 77
16 3 68 19 69 37
83 7 31 47 65 35
14 64 46 44 54 12
10 36 70 28 24 56
5 30 13 27 59 75
50 81 82 72 61 52
23 48 26 73 4 63
17 45 57 25 20 6
11 74 78 2 32 21
33 18 80 8 39 53
22 40 10 9 67 15
16 60 64 35 70 75
77 31 72 79 76 28
12 42 49 27 68 66
46 61 63 36 13 1
26 47 17 62 2 19
38 52 74 55 51 34
78 5 24 33 7 6
73 8 82 29 54 20
37 3 56 81 80 57
21 65 4 50 22 30
45 59 83 39 23 58
32 69 9 53 43 14
25 71 41 40 48 18
11 10 62 44 38 6
78 77 76 64 67 36
37 79 33 2 82 12
31 16 80 20 63 55
15 28 61 4 47 27
81 9 83 46 68 29
75 57 14 72 40 49
53 35 48 58 52 30
44 42 73 43 25 70
50 7 32 54 59 3
51 65 69 60 39 11
21 18 66 5 45 26
8 71 24 56 19 1
22 23 74 13 41 17
61 53 34 75 78 83
80 73 2 28 68 64
62 46 81 58 48 7
69 54 11 4 33 40
76 37 39 30 26 20
18 32 24 42 79 16
56 60 27 45 74 14
47 70 41 9 66 77
1 3 29 17 21 10
57 19 23 12 43 51
35 72 38 59 15 36
6 52 67 65 71 13
63 49 31 82 22 34
55 25 44 5 50 8
14 77 18 4 7 37
58 9 21 75 76 73
12 40 32 24 61 30
68 17 54 78 66 60
52 1 47 80 69 23
82 51 28 59 6 22
72 83 3 8 38 48
19 46 65 41 42 45
34 36 71 16 57 50
20 27 79 63 62 44
49 64 29 53 11 56
74 15 33 31 26 25
70 67 2 39 55 81
13 35 43 10 5 80
76 24 68 61 3 23
48 72 12 65 16 22
51 66 73 18 36 30
64 9 4 79 52 17
25 34 46 59 21 47
41 44 28 81 53 60
77 35 57 26 29 69
75 8 11 67 45 31
14 42 5 83 82 74
43 56 20 50 15 78
71 63 58 38 2 54
39 6 19 49 32 27
62 40 1 13 55 33
79 10 7 70 37 61
52 26 41 67 16 12
24 77 65 73 74 53
20 57 5 11 9 22
68 15 75 63 50 51
66 30 3 6 60 46
47 38 43 82 39 18
71 78 70 59 80 14
69 28 55 7 17 49
54 21 35 23 56 62
1 10 76 27 83 25
37 58 40 42 8 64
33 31 36 4 19 81
2 44 45 72 34 13
32 29 60 48 47 5
30 49 38 7 78 16
67 62 59 18 74 69
15 11 73 61 80 79
17 35 50 27 41 82
42 75 6 54 1 81
22 56 39 77 55 46
13 70 52 57 33 21
20 12 58 3 34 28
36 29 8 23 14 2
66 43 63 65 76 40
26 10 64 51 72 32
48 37 24 9 44 31
45 53 25 68 4 71
70 54 19 83 30 15
21 81 79 49 20 35
3 39 13 42 28 78
76 80 50 74 46 40
60 12 5 38 73 77
56 67 17 48 51 61
71 23 9 64 82 7
53 59 66 31 57 1
55 58 27 36 11 26
45 63 72 69 24 47
65 25 75 32 37 62
29 18 22 19 44 52
34 68 33 10 14 41
43 83 4 16 6 2
8 60 51 49 79 71
