82 33 47 24 66 84
54 61 8 29 16 58
22 63 77 72 14 31
73 42 64 35 74 18
49 20 71 48 9 56
27 32 17 4 76 1
25 87 34 12 2 65
43 36 21 70 52 57
38 53 86 55 69 28
90 37 79 23 83 26
41 3 89 85 39 45
62 30 67 15 75 50
7 81 44 51 60 13
68 80 11 6 88 40
19 78 59 5 46 10
54 71 63 33 43 64
82 56 12 29 77 32
1 72 66 65 16 74
58 17 14 38 47 37
8 57 35 76 34 41
44 39 62 18 79 48
84 53 6 67 51 3
75 40 60 25 27 78
2 5 70 9 30 83
55 26 10 88 15 22
61 86 21 85 11 49
31 90 4 59 45 13
80 7 20 89 52 19
28 50 73 87 23 46
24 36 42 81 68 69
34 51 27 56 62 33
43 44 82 3 8 25
48 78 35 12 67 55
10 85 30 66 40 64
79 41 31 47 75 21
70 53 4 89 54 18
46 16 11 90 20 39
15 76 83 73 7 36
23 74 88 59 77 61
17 22 65 49 42 28
14 6 5 81 86 50
52 71 37 45 2 68
13 32 63 69 87 19
9 58 72 84 26 60
57 29 80 1 38 24
4 35 62 7 82 16
31 89 76 51 55 61
59 25 22 20 54 36
5 18 47 77 8 49
88 2 66 21 44 73
67 41 46 86 37 56
34 10 90 32 14 9
60 70 87 80 17 85
30 68 84 74 79 38
75 65 23 64 19 53
12 72 81 52 28 83
33 45 1 40 42 58
78 13 43 50 24 26
69 6 29 39 27 71
11 15 48 57 63 3
16 67 2 22 85 47
56 90 25 35 30 80
68 54 23 41 10 44
65 89 38 8 88 81
45 72 55 46 70 7
52 84 86 17 59 34
26 69 75 76 18 33
11 1 87 53 31 5
64 39 24 15 49 32
58 82 51 71 74 78
83 29 42 63 50 66
40 57 28 20 4 77
37 9 13 21 62 3
60 43 6 79 73 12
27 48 14 19 61 36
8 55 90 75 68 17
26 47 44 89 35 87
84 85 7 25 1 23
41 32 59 71 80 72
50 56 57 39 65 54
51 9 52 22 64 4
78 49 69 34 66 37
18 24 27 3 58 2
76 12 45 62 5 63
28 48 88 31 43 29
60 83 67 11 77 10
61 73 20 53 81 30
42 19 38 70 6 82
74 21 15 14 46 40
86 33 79 36 13 16
49 35 54 2 84 75
65 80 9 18 78 45
24 28 85 44 71 90
5 23 39 72 67 43
7 12 58 30 31 57
32 60 53 42 62 52
77 25 51 66 38 15
40 50 61 69 22 41
16 56 76 87 21 68
47 86 88 20 27 70
36 3 34 26 4 46
33 19 29 37 11 73
13 64 1 83 14 8
63 59 81 55 82 79
10 17 74 6 48 89
