49 42 11 70 6 7
72 77 20 40 83 97
32 56 55 93 19 98
86 67 82 96 29 68
34 38 48 91 27 44
10 35 43 21 33 80
25 71 8 37 5 95
15 46 36 26 51 13
54 60 50 64 52 58
30 85 4 47 62 17
22 14 23 24 74 69
57 59 94 73 81 75
61 16 90 31 63 66
3 87 53 39 84 92
28 45 18 76 89 2
65 41 79 9 78 12
1 8 44 36 55 88
33 70 37 54 97 85
15 86 83 43 34 24
14 71 68 20 73 98
62 64 6 95 66 48
42 32 51 63 27 40
2 23 93 26 91 30
60 39 28 46 81 11
29 77 78 18 56 16
79 69 57 45 38 7
19 92 74 35 1 47
89 58 53 82 25 41
3 5 17 12 22 80
59 9 88 4 84 61
75 52 21 72 31 96
94 76 65 67 50 87
90 10 8 13 49 20
36 48 70 1 77 57 15 1
91 79 71 74 42 46
14 92 63 34 18 62
47 51 54 39 89 5
40 37 6 17 38 26
83 58 22 55 11 84
4 78 2 98 53 94
68 95 32 16 43 87
24 52 73 76 25 12
59 69 56 13 28 67
81 27 23 9 96 49
31 44 97 82 35 65
19 64 30 88 29 10
85 61 72 1 41 80
90 86 50 7 75 33
93 66 45 3 21 60
36 34 20 78 32 39
74 16 53 67 17 52
83 37 47 63 76 79
48 22 43 92 56 4
44 6 25 57 28 29
97 2 59 11 14 38
80 70 19 90 23 95
71 60 75 10 12 89
86 54 1 65 73 45
49 87 64 93 82 51
88 18 66 50 98 27
62 91 41 77 33 96
30 94 69 55 15 3
13 42 58 72 68 9
84 24 46 85 40 31
35 5 81 26 7 61
21 12 2 8 48 54
95 74 83 44 49 60
52 97 51 4 90 18
27 76 36 41 86 59
32 11 33 53 71 1
23 17 77 28 63 82
73 9 10 6 3 91
37 61 98 43 64 89
20 7 84 16 94 93
57 72 39 35 30 22
78 88 21 46 47 69
67 45 92 75 8 85
58 65 29 70 62 24
50 96 34 25 55 79
80 87 26 42 14 56
19 31 15 38 68 5
66 4 13 81 40 54
10 77 94 27 61 11
51 44 17 33 69 72
63 46 30 95 7 73
76 39 85 58 43 93
55 97 67 71 23 47
8 53 70 64 22 86
1 20 21 82 15 42
56 25 68 2 75 3
29 9 38 32 83 89
5 36 18 6 65 60
98 74 31 12 62 13
79 24 49 66 92 59
16 80 81 45 50 37
41 90 26 34 84 57
28 96 78 48 19 14
88 40 52 87 91 35
73 53 43 42 47 77
68 4 6 23 8 83
9 75 76 70 98 44
69 65 63 39 2 10
50 82 62 46 59 32
74 29 27 54 15 84
81 17 89 48 79 90
5 1 16 14 57 64
38 93 35 78 67 95
22 66 96 87 85 36
60 24 7 97 41 56
11 72 19 18 3 86
33 26 25 20 88 31
80 13 34 52 94 71
58 49 40 45 30 61
21 55 28 51 37 91
12 44 46 92 68 90
38 54 62 53 10 23
27 70 14 17 83 35
75 93 22 79 1 29
15 26 73 96 16 39
89 95 42 69 85 50
60 13 82 61 78 76
11 98 91 8 80 24
2 31 86 51 58 92
84 45 97 43 36 19
66 20 55 52 57 9
7 72 65 25 48 32
6 33 81 56 30 34
5 59 63 87 21 74
94 47 12 40 18 64
37 3 67 77 4 49
41 28 70 71 88 15
