52 58 40 82 20 85
68 38 63 53 76 70
66 35 9 64 12 93
30 49 34 26 81 21
94 14 31 54 16 74
77 18 73 57 84 71
29 80 44 8 25 60
91 50 41 79 56 27
75 88 42 32 89 7
23 69 83 4 5 37
15 48 33 51 13 1
39 55 22 2 46 45
62 92 61 24 90 17
78 86 3 6 87 43
28 11 59 10 67 65
19 30 47 9 72 36
44 71 20 14 91 12
16 18 53 34 93 41
15 32 79 40 74 68
37 27 25 31 88 58
92 7 85 55 76 4
3 21 22 42 51 64
8 73 5 63 39 6
78 72 54 2 28 89
46 60 36 82 38 59
86 84 33 10 49 83
61 67 94 69 70 19
35 47 24 23 77 81
66 1 87 62 29 11
52 75 80 57 45 13
65 26 17 50 43 48
15 37 56 93 63 90
27 5 1 54 34 1 22 7
84 1 4 40 42 1 53 39
8 2 74 21 71 67
28 58 14 73 64 33
19 11 88 79 78 44
87 83 12 70 30 59
43 89 13 41 24 49
16 75 77 61 3 36
6 85 81 56 48 10
65 66 92 38 47 69
51 60 20 62 45 72
94 1 68 57 82 55
50 29 76 46 23 90
18 26 52 35 86 25
9 80 31 17 32 91
71 83 3 7 39 28
36 54 10 87 73 53
93 11 74 48 5 89
63 59 34 58 19 75
60 85 79 24 65 70
72 90 55 21 41 84
1 81 92 25 40 50
46 31 67 26 42 47
37 66 18 80 94 76
68 17 56 88 16 13
30 57 91 86 69 64
51 44 32 77 82 43
78 35 20 27 49 38
22 9 8 33 52 62
14 29 45 4 61 15
12 6 1 23 7 2
21 50 87 75 85 18
11 68 54 83 25 90
34 91 28 36 55 66
39 70 82 93 72 88
47 80 5 59 51 56
77 58 9 60 94 86
74 4 46 52 10 30
48 31 40 22 41 23
2 42 35 63 92 14
81 64 61 71 13 78
69 20 26 79 3 8
29 65 57 12 33 37
43 62 19 84 27 15
16 24 32 38 67 73
17 76 49 45 44 6
89 22 25 53 56 77
28 30 23 68 92 60
13 10 63 18 31 82
75 39 51 11 35 94
83 36 41 20 74 29
91 37 84 1 26 70
42 93 80 54 24 19
65 6 72 34 4 71
55 79 58 12 81 17
64 43 45 40 8 16
67 53 7 9 50 49
73 78 21 47 15 52
5 86 46 32 61 66
76 59 69 89 14 62
38 87 57 88 48 2
90 27 3 33 44 85
17 37 71 22 60 35
24 34 64 31 56 29
6 25 82 41 28 42
7 73 93 30 65 51
13 40 94 91 46 21
43 79 67 72 14 75
39 78 16 76 9 26
45 19 77 5 10 92
55 61 27 74 23 87
83 89 38 44 52 1
53 8 57 11 15 58
59 66 88 20 84 50
49 2 68 85 36 80
33 63 69 81 54 32
70 18 4 3 62 48
47 12 39 86 90 34
40 17 10 29 75 27
56 43 61 1 21 76
13 42 9 73 55 83
64 41 52 5 88 65
14 57 26 19 6 66
84 87 35 31 79 28
82 45 53 74 33 78
85 62 30 37 77 38
49 71 48 25 47 63
4 32 93 58 22 50
70 23 11 80 20 16
89 36 51 92 8 86
67 15 12 54 3 60
90 91 2 81 59 18
69 46 24 7 68 72
94 5 84 44 34 42
