9 48 39 25 18 44
19 11 17 14 42 21
22 38 28 41 43 31
8 36 46 45 40 30
24 47 15 1 34 35
37 6 5 23 20 27
3 33 29 4 26 12
32 10 2 13 16 7
48 21 22 9 8 47
43 18 36 34 5 27
41 11 40 29 15 37
19 25 4 10 35 24
38 17 7 23 3 6
26 30 14 44 28 16
39 2 20 33 46 13
32 42 31 1 45 12
21 27 29 15 23 48
6 26 25 22 40 5
14 35 3 9 13 30
4 45 41 39 19 43
16 32 8 34 38 37
24 12 44 17 2 46
42 47 1 28 36 7
10 11 31 18 20 33
5 15 21 16 39 38
32 12 23 6 14 41
30 8 17 4 27 47
31 44 36 13 24 11
35 45 42 40 10 33
25 46 9 43 1 26
20 34 48 28 2 3
19 18 37 7 29 22
36 27 39 38 35 32
11 9 16 47 23 45
15 17 3 25 31 28
22 44 6 42 29 34
24 7 46 33 48 5
2 26 13 41 8 19
37 30 43 12 21 10
20 14 4 40 1 18
28 9 42 29 39 24
47 13 44 45 6 38
5 32 19 3 31 30
21 7 20 26 41 35
27 12 25 11 34 4
37 36 10 46 48 14
1 33 15 23 22 8
18 16 2 17 43 40
34 24 6 26 39 45
47 5 41 27 9 10
14 25 29 31 7 8
43 21 33 44 15 32
16 17 23 36 20 19
35 40 13 12 48 28
18 30 38 2 37 1
3 4 22 11 46 42
29 47 26 36 14 32
40 28 34 33 19 9
45 37 20 38 25 24
46 3 1 27 41 16
8 5 35 44 43 11
13 23 18 30 42 15
7 10 39 17 22 12
2 4 48 6 31 21
8 29 43 20 3 47
42 33 41 30 16 25
12 38 11 10 19 26
35 28 18 46 32 6
27 22 14 21 24 2
31 40 23 39 44 34
7 37 9 15 4 36
48 13 45 5 1 17

