17 62 60 36 61 2
55 72 65 54 64 25
21 81 69 41 53 85
12 20 84 45 13 43
22 91 1 80 35 83
26 10 27 74 31 42
14 71 78 90 67 9
40 77 18 3 87 39
8 5 28 30 75 73
32 59 16 44 86 38
49 56 48 29 82 34
6 19 50 33 68 63
70 66 47 46 4 37
15 88 57 58 51 11
79 24 23 52 7 76
10 89 13 54 40 69
42 35 36 30 14 45
83 72 62 20 31 86
64 34 67 26 81 38
16 61 84 56 78 5
19 65 66 28 22 12
3 44 88 47 49 63
41 4 15 8 79 48
11 73 32 74 53 77
90 24 29 59 50 57
25 18 23 2 85 68
87 7 58 1 27 33
82 6 46 80 89 51
17 39 71 91 70 52
55 75 21 60 37 76
9 47 81 35 43 63
16 1 19 49 66 1 32 61
78 11 24 4 40 20
45 41 38 31 18 90
86 22 58 50 30 64
48 73 36 69 83 6
57 17 65 3 23 33
74 39 82 7 21 44
53 70 67 28 76 72
13 60 1 42 46 52
37 25 51 29 8 84
68 43 56 79 27 14
75 85 91 89 15 26
62 80 54 34 5 87
77 2 12 71 88 59
18 10 9 48 55 32
45 58 23 78 82 53
35 61 20 73 76 46
38 63 83 8 40 74
70 3 31 25 50 1
91 43 11 36 28 16
64 14 5 24 15 17
44 89 2 79 19 81
49 59 41 67 68 55
90 26 84 66 7 60
30 34 27 71 4 69
37 6 13 85 62 39
87 51 21 12 42 86
56 52 22 47 33 54
10 57 75 72 9 77
88 29 78 65 80 79
5 3 20 19 82 91
68 45 40 7 81 17
34 25 74 58 24 61
23 44 8 62 11 70
73 38 37 12 49 27
89 55 22 39 90 43
9 30 21 83 13 56
1 67 18 36 29 4
16 6 42 72 57 71
63 54 66 77 86 85
33 76 80 26 32 41
60 35 88 10 87 64
28 14 50 69 84 46
59 51 53 75 48 52
2 31 47 65 15 30
56 12 74 18 62 89
4 1 38 23 55 19
83 68 77 34 70 78
61 37 7 41 22 72
73 63 67 13 24 87
54 16 8 14 88 82
11 52 86 84 6 10
17 66 58 43 69 75
51 91 90 27 2 76
64 33 85 48 20 44
53 3 29 35 71 26
21 79 57 32 25 45
5 42 39 81 50 65
40 47 80 59 60 28
31 46 15 9 36 49
43 30 7 78 18 6
13 74 75 4 23 90
76 84 19 58 54 83
51 71 68 73 44 22
38 72 66 24 21 88
14 12 85 3 11 55
27 57 41 86 47 5
50 45 8 32 91 60
46 79 26 16 77 17
82 59 62 15 33 35
52 64 36 63 56 40
39 49 80 20 10 25
89 1 34 53 65 37
69 29 70 42 2 9
81 28 48 31 87 61
67 74 19 57 60 43
44 83 26 55 58 12
51 85 35 7 16 4
21 90 68 46 8 64
62 78 3 66 73 41
89 77 20 38 47 50
53 56 25 42 17 88
27 54 29 28 45 15
31 37 69 52 67 82
76 34 10 22 36 59
32 5 72 1 2 40
61 9 33 91 86 79
63 23 80 84 48 30
71 49 11 18 13 81
14 65 70 6 75 87
24 16 60 39 41 83
20 42 28 58 90 37
85 19 73 29 10 17
76 69 59 64 74 3
25 67 47 62 91 7
88 52 4 5 9 89
48 26 54 11 1 68
87 82 71 84 38 79
57 53 40 49 66 14
22 63 18 21 70 27
6 12 32 23 34 31
72 36 13 50 78 51
33 46 75 2 39 45
65 86 24 56 35 8
80 43 15 77 44 61
55 81 29 30 20 74
82 17 90 47 83 11
4 58 73 59 21 14
5 79 6 60 18 53
71 48 89 76 25 66
1 45 62 63 16 10
39 69 35 68 12 72
75 7 31 19 80 56
40 46 44 65 41 91
52 50 2 43 26 49
78 8 87 85 22 57
81 36 77 37 33 24
61 38 30 70 54 51
86 28 34 88 13 55
15 32 42 67 84 3
66 27 9 23 64 16
