8 31 21 22 14 17
20 16 9 2 12 19
24 1 11 10 29 25
32 33 3 18 15 28
13 27 5 4 6 26
7 9 1 17 30 23
11 29 3 28 5 12
19 26 10 30 18 8
15 14 23 24 20 31
4 2 25 21 32 27
16 22 33 6 7 13
14 31 1 9 18 4
15 25 22 5 2 16
11 23 8 27 10 6
30 3 24 17 33 21
32 12 20 26 7 29
13 21 28 19 1 6
12 30 11 32 23 31
5 25 26 14 19 7
29 33 15 9 22 27
2 24 13 8 3 20
10 18 17 28 16 4
23 13 12 21 5 15
3 9 19 22 32 10
6 28 25 30 4 20
33 26 14 29 17 16
27 7 24 31 2 18
1 8 26 16 15 11
22 3 18 25 20 23
10 31 30 14 13 29
4 19 17 2 11 33
5 8 6 24 9 32
28 27 1 12 21 7
23 24 16 13 11 32
31 4 22 3 26 28
20 10 5 33 1 30
18 25 21 9 29 8
17 27 2 12 6 14
7 15 4 19 8 24
21 14 9 11 20 22
6 17 32 1 10 15
7 5 30 27 16 3
29 28 19 26 23 2
18 13 33 25 12 31
