38 24 41 39 33 52
23 11 40 28 16 22
12 25 19 29 34 36
43 47 42 37 13 17
14 31 44 32 45 48
6 30 4 5 18 3
8 7 9 21 26 2
35 27 10 49 1 50
46 19 51 15 20 42
44 16 45 4 34 13
29 24 40 2 17 18
47 5 35 41 48 25
30 11 50 26 43 33
9 28 49 32 38 22
15 21 12 10 52 20
36 37 8 6 46 31
51 23 39 27 14 7
24 3 44 1 29 43
20 34 32 26 18 40
4 22 25 52 6 42
33 35 28 39 37 46
23 3 13 31 12 9
51 47 36 10 2 45
1 11 17 49 5 7
19 48 16 21 38 27
41 15 50 14 8 30
6 10 26 24 45 39
20 17 35 23 44 9
13 48 11 52 19 34
50 40 33 7 36 4
25 18 43 21 28 46
31 2 41 27 12 22
30 51 29 38 49 37
5 1 14 42 8 16
28 32 3 47 15 19
13 22 33 26 25 17
45 41 23 46 50 29
40 39 4 20 49 31
2 51 1 11 52 32
42 5 37 15 27 24
18 7 38 47 44 12
36 10 48 16 9 30
43 6 21 35 14 34
24 25 8 3 45 51
5 50 17 12 39 28
4 26 15 48 38 23
29 32 2 16 13 35
7 43 10 19 41 6
9 1 46 34 30 47
42 31 21 44 33 49
22 37 52 36 14 18
27 40 20 3 8 11
46 30 12 24 32 16
33 6 2 1 23 15
34 9 18 41 51 5
39 21 14 11 4 29
52 26 36 35 42 3
37 19 27 40 44 25
17 10 38 31 13 8
48 7 20 45 28 43
22 49 34 50 47 24
11 39 44 9 36 15
19 31 26 18 41 1
12 35 43 51 4 27
28 52 47 8 29 33
17 3 49 48 46 14
45 21 13 30 40 5
2 50 38 37 20 6
7 23 32 25 42 10
8 22 47 16 43 39
33 48 1 40 12 51
14 20 28 13 36 24
32 41 37 17 4 21
18 42 45 38 35 11
49 30 19 25 2 23
29 9 52 50 27 6
34 16 7 3 15 31
22 46 26 10 44 5

