12 56 77 83 33 52
66 38 63 11 53 62
49 25 37 71 10 47
74 42 45 24 82 14
13 36 46 91 39 70
79 89 3 20 57 67
54 15 58 26 50 92
32 87 68 16 34 73
27 30 69 31 60 40
4 44 23 72 9 80
84 55 88 6 28 21
76 59 64 65 29 43
51 18 1 35 22 78
75 48 81 8 7 90
41 85 19 2 5 61
91 87 86 25 50 17
74 68 27 89 63 12
45 15 3 30 72 79
14 84 67 23 56 11
46 9 20 49 58 29
38 21 82 31 13 83
47 92 33 24 43 4
22 39 8 19 62 44
81 6 17 85 76 54
34 18 61 37 48 26
65 16 78 5 80 55
66 86 88 32 69 90
36 42 57 1 71 7
64 35 75 41 52 60
10 70 53 51 77 59
28 2 38 73 91 40
17 3 31 33 44 49
20 83 45 4 54 25
19 87 76 55 56 48
21 85 90 22 89 9
74 1 69 11 13 72
75 78 43 12 86 34
39 77 42 92 29 81
2 26 47 57 46 53
14 41 65 28 8 66
10 32 30 52 36 82
40 88 63 37 64 16
58 61 24 80 68 59
60 73 23 6 70 18
79 71 50 5 84 35
7 67 27 51 62 15
47 11 21 48 3 39
90 74 44 77 20 2
12 46 22 31 76 4
40 10 66 78 54 87
82 63 81 72 57 65
29 45 36 28 60 86
83 80 85 73 84 53
8 52 69 15 34 91
70 50 7 37 41 24
13 75 6 49 19 26
5 32 58 27 51 33
9 18 92 30 88 17
89 35 59 42 25 16
79 62 14 55 61 1
71 64 56 68 23 38
43 8 31 67 85 10
91 22 84 81 45 41
54 65 48 36 73 77
69 5 82 87 44 12
6 33 57 39 66 80
34 7 25 60 58 19
86 24 55 63 20 18
88 72 51 46 75 89
61 13 52 43 90 53
71 29 26 16 30 14
11 83 27 64 79 2
9 28 56 50 47 42
92 35 70 67 40 68
17 15 37 38 59 74
76 49 32 1 21 23
4 77 62 3 6 78
73 66 72 58 55 22
45 31 51 48 52 80
64 20 5 39 30 7
88 11 65 61 12 50
82 92 71 53 34 89
47 54 18 75 91 74
36 49 9 59 81 2
56 43 35 32 17 57
21 33 10 15 14 46
29 23 40 85 24 62
41 78 44 25 26 63
90 84 42 27 70 38
87 4 60 13 79 8
68 1 37 86 19 3
69 76 16 83 67 28
77 89 47 7 55 45
57 14 73 59 75 31
72 2 34 54 21 29
33 74 50 62 81 64
80 91 56 82 27 49
40 17 41 58 48 71
90 1 15 65 4 39
38 6 61 44 36 51
60 53 76 68 88 5
78 37 85 42 11 20
25 12 13 18 66 67
52 16 92 86 79 22
70 8 83 9 63 32
23 19 28 35 46 30
3 26 24 10 69 84
43 49 15 89 41 87
55 51 39 50 40 34
68 31 6 20 65 91
61 67 33 78 71 45
21 53 58 18 81 4
80 38 29 8 47 1
22 13 54 56 37 5
52 57 11 44 24 9
7 73 88 3 74 35
66 82 77 76 79 84
63 59 28 85 92 87
16 27 75 17 23 36
30 86 62 48 83 46
19 12 10 64 90 72
14 25 70 69 2 43
26 60 55 42 32 91
29 7 68 33 22 11
53 9 79 78 31 74
59 39 67 88 82 54
24 65 71 87 27 21
81 47 73 15 5 86
35 72 85 77 38 49
84 4 30 63 61 75
62 28 89 70 17 52
34 41 83 42 10 6
2 60 48 1 16 12
46 3 8 56 40 25
18 80 19 50 69 36
44 64 32 92 14 13
23 43 20 26 51 66
57 90 58 45 37 76
