48 27 47 69 54 68
31 43 87 51 63 64
24 30 72 12 61 77
58 18 71 95 50 79
86 55 91 49 23 33
40 52 76 20 4 13
6 15 74 82 37 45
11 7 44 99 8 81
2 90 73 92 78 94
83 35 57 97 9 96
75 59 34 29 89 88
42 21 98 10 1 85
38 32 39 70 66 46
14 5 19 25 26 41
36 3 65 17 22 62
56 80 53 93 60 16
67 8 28 84 64 33
91 24 69 90 15 20
45 29 77 50 97 48
82 35 95 72 54 89
37 92 87 71 70 21
30 39 79 47 31 74
99 68 86 66 98 96
10 49 44 16 59 83
4 18 56 75 36 94
58 51 67 34 40 38
7 88 19 52 43 73
62 23 14 84 13 1
17 53 12 78 41 28
65 6 76 80 25 85
22 61 5 32 57 27
2 63 11 93 42 46
3 81 55 26 9 60
35 1 31 68 44 1 82 71
52 89 97 36 1 99 91
98 50 88 8 56 54
69 17 10 72 29 7
80 38 86 62 20 47
84 61 49 19 4 34
51 73 27 33 14 16
1 28 57 11 58 24
53 59 96 5 92 65
55 41 13 66 95 2
39 3 64 37 93 48
70 9 43 6 42 12
85 60 30 63 83 75
25 77 32 23 78 74
79 94 22 15 40 21
76 81 45 67 46 90
87 17 18 1 26 68
58 44 4 89 86 92
51 97 7 49 24 98
48 57 31 52 65 55
96 70 63 41 82 10
29 13 83 80 43 27
37 75 11 79 12 23
85 62 53 69 77 81
59 64 72 76 2 26
66 60 20 78 50 42
40 39 8 35 14 18
90 71 9 61 36 88
56 94 5 38 30 91
25 84 47 16 45 3
73 93 34 22 28 74
99 15 32 54 67 87
46 6 33 95 19 21
27 82 7 42 64 53
14 20 96 55 75 17
89 90 80 77 49 41
94 51 59 81 71 48
88 44 37 13 25 57
79 16 34 36 68 92
28 66 65 15 18 30
11 74 72 70 91 84
83 23 61 76 21 3
47 12 32 73 95 8
40 78 93 33 87 29
46 1 35 43 60 86
62 19 63 45 56 99
58 52 98 5 69 6
38 24 54 10 4 31
26 22 97 67 39 85
50 2 84 9 44 80
90 96 13 51 47 21
34 48 15 12 83 7
49 65 88 32 42 68
95 74 75 27 87 76
71 8 93 72 62 41
98 91 40 59 28 25
20 6 11 3 92 97
50 37 55 35 22 38
60 99 52 39 10 2
14 81 56 24 29 82
94 17 31 85 46 9
57 43 4 16 69 67
1 33 66 89 79 5
64 61 18 78 70 45
77 86 54 73 63 36
23 26 19 53 30 58
15 11 25 27 39 62
60 12 38 68 97 76
8 48 49 22 13 75
85 16 71 32 52 3
1 67 37 2 96 56
93 91 82 50 47 43
6 77 4 59 14 66
83 42 36 5 55 51
21 84 99 18 31 53
92 33 54 41 9 45
87 19 90 86 72 28
88 10 78 80 79 81
65 7 46 74 20 89
70 95 40 69 44 23
64 98 30 57 34 17
29 58 63 61 94 35
26 73 42 71 99 24
9 16 91 37 76 8
67 50 92 83 72 52
48 82 85 88 11 18
54 6 60 96 7 22
77 93 1 31 15 19
36 14 49 64 38 95
20 87 94 12 57 39
73 68 30 10 40 55
97 81 66 43 25 58
47 41 23 98 46 29
33 3 2 74 53 4
75 45 28 32 80 51
89 78 44 21 27 26
5 24 70 35 34 62
13 86 61 65 56 69
63 79 84 17 90 59
96 85 15 72 49 73
64 47 83 81 1 6
43 20 36 48 98 33
68 22 9 77 11 95
93 12 89 18 67 25
21 55 16 39 88 58
19 66 44 3 75 24
57 76 10 86 53 50
61 7 79 28 2 38
23 8 82 34 94 60
17 5 40 74 71 80
41 27 59 31 97 37
63 32 26 91 13 92
30 45 69 14 87 42
90 65 29 4 99 70
56 51 52 84 35 78
46 62 12 54 58 64
36 89 50 19 96 39
43 10 3 8 5 15
60 80 59 18 57 73
9 48 67 23 63 66
42 74 41 16 86 81
24 2 17 27 88 6
55 76 94 7 84 93
91 54 51 44 29 1
38 71 69 45 65 11
13 77 46 82 87 79
75 33 25 52 68 70
47 92 99 40 85 61
4 95 78 30 37 62
22 83 14 53 90 98
35 49 26 28 31 20
21 34 72 97 32 56
71 27 67 91 19 10
18 38 43 44 96 77
82 69 1 59 36 12
87 41 50 61 73 6
45 85 8 55 79 24
3 89 13 94 98 70
26 46 84 88 83 40
74 62 57 29 66 49
81 75 35 65 21 2
42 76 15 56 33 58
9 72 20 99 51 22
97 64 16 54 5 90
92 25 17 60 48 95
68 80 39 7 4 23
78 34 31 86 11 14
28 53 37 63 47 52
30 32 35 44 93 36
