9 62 38 41 15 45
67 37 40 1 43 16
36 47 39 2 11 75
71 46 69 27 55 8
10 72 5 54 6 58
25 61 68 7 35 64
12 14 66 57 26 20
59 53 13 34 74 52
44 21 51 22 31 63
24 19 70 3 60 76
73 28 29 65 50 4
18 49 23 33 48 30
38 56 17 32 16 42
74 54 26 7 40 68
55 22 41 66 36 52
72 67 53 59 25 2
50 31 76 13 71 45
62 35 8 58 70 33
60 69 57 32 75 48
34 65 56 9 6 5
29 39 61 21 30 14
43 4 18 20 11 46
47 42 1 44 19 64
17 51 37 28 49 24
10 73 15 23 12 27
57 52 63 56 62 3
74 33 1 38 61 22 1 67
26 75 31 9 59 76
48 41 53 47 29 68
69 14 49 72 7 43
30 55 6 42 4 15
46 32 1 39 54 12
24 64 2 45 58 20
50 60 5 3 37 21
40 13 11 66 17 8
63 28 10 36 70 35
65 51 27 23 44 16
71 19 34 18 73 25
31 53 54 30 57 24
42 58 26 67 50 29
2 9 48 46 22 66
55 15 64 17 60 72
14 5 51 47 13 38
73 6 7 39 76 8
32 61 62 28 11 71
37 59 65 63 68 69
41 20 3 16 10 74
33 34 45 75 21 43
52 35 18 40 44 12
25 23 56 70 1 49
4 27 39 19 9 36
22 71 30 11 60 68
46 24 50 63 14 72
51 76 20 8 34 42
52 38 55 37 58 73
59 40 23 57 5 61
7 3 17 1 75 4
54 45 66 18 47 65
15 69 70 53 26 16
25 44 6 74 36 43
48 13 62 19 10 67
27 49 31 29 32 2
64 33 21 12 28 41
35 24 22 56 59 47
76 30 72 20 65 40
58 63 74 45 1 11
36 73 54 51 62 69
13 25 37 15 18 32
67 55 44 3 14 39
17 27 70 50 48 34
41 61 49 6 26 46
68 42 57 43 10 9
8 21 28 2 56 19
38 7 60 53 12 35
5 33 16 4 66 31
75 23 71 52 64 29
30 17 73 45 25 26
65 36 13 57 58 46
54 8 14 27 41 37
22 48 28 40 39 42
60 47 63 49 67 34
12 16 19 6 29 24
64 76 32 5 43 53
35 23 9 69 74 50
70 68 2 4 51 52
20 18 59 62 7 55
1 10 66 21 38 71
11 3 44 33 15 56
75 61 19 31 72 37
43 46 28 73 74 47
13 2 23 26 41 60
51 67 7 5 45 55
49 65 10 39 64 59
6 20 36 53 71 33
35 72 3 66 30 32
8 1 57 22 50 18
29 54 9 44 63 17
4 48 76 61 12 56
42 11 31 52 69 25
27 38 40 62 24 75
15 16 58 34 68 14
21 32 41 70 20 73
26 43 22 71 3 65
19 45 50 44 46 59
6 39 35 31 18 51
10 52 47 69 17 61
64 34 11 38 57 54
58 40 21 53 4 49
48 8 74 24 5 15
37 70 12 67 9 30
14 2 62 76 42 23
68 33 1 72 27 13
16 63 75 28 25 55
56 66 7 29 36 60
20 5 19 49 22 17
71 57 4 35 37 74
15 52 21 65 46 67
43 30 12 51 41 58
61 42 70 75 13 54
40 47 32 55 33 9
50 66 39 62 53 25
14 45 28 60 1 6
16 72 59 11 73 48
24 34 44 7 2 10
64 26 18 63 56 27
68 31 3 23 8 36
69 29 33 76 38 22
