21 32 12 44 23 51
39 43 13 27 31 47
25 29 3 7 11 28
5 30 35 33 16 15
38 37 49 54 41 9
42 6 40 10 24 34
46 14 22 19 53 8
45 18 1 17 52 50
2 36 48 20 26 4
44 38 29 15 35 39
7 42 34 12 30 9
33 47 14 21 24 49
53 13 46 52 54 1
51 16 43 4 2 3
23 8 31 45 50 6
26 18 22 25 40 37
20 32 36 17 41 11
28 19 5 27 10 48
24 1 4 9 34 15
23 29 52 49 44 47
18 14 2 38 42 13
36 21 30 8 39 32
17 27 53 6 48 41
33 22 3 10 45 5
28 12 26 11 46 51
50 43 54 19 40 7
25 31 20 35 16 37
44 52 27 36 8 14
41 5 53 2 45 42
28 49 23 39 22 4
21 38 11 13 10 7
50 15 37 46 25 32
54 17 18 16 34 47
48 9 26 30 43 6
1 29 20 51 33 19
3 40 24 12 31 35
50 13 14 4 36 37
23 34 39 11 16 53
22 2 21 49 6 46
10 54 33 41 44 43
40 45 47 25 9 51
52 30 42 1 3 31
15 28 38 8 17 12
19 29 35 26 32 27
20 48 5 24 7 18
22 11 10 16 50 9
3 47 6 30 4 41
8 25 52 34 12 36
40 33 32 13 27 28
37 44 20 5 38 1
48 31 45 29 46 21
53 15 24 49 19 43
42 14 17 35 23 26
18 51 39 54 7 2
36 1 10 47 22 28
11 9 44 46 27 30
16 49 45 48 13 12
43 37 17 42 8 29
6 35 7 14 39 52
15 18 40 2 19 23
32 51 53 24 5 25
41 33 38 31 26 34
21 4 50 20 3 54
29 12 16 22 36 6
46 23 43 18 35 52
37 45 24 39 28 10
31 30 19 11 5 49
41 34 40 14 21 15
4 32 54 42 20 33
51 47 50 53 48 38
2 13 9 44 17 25
1 27 8 7 26 3
12 46 41 29 39 24
34 43 35 45 28 36
32 19 38 40 4 16
13 25 54 30 10 23
6 26 14 3 50 5
9 7 8 53 33 2
31 52 22 17 51 20
48 15 44 47 11 42
18 49 27 37 21 1
10 25 16 14 41 29
24 2 28 26 54 30
7 38 31 22 23 45
15 42 46 36 51 13
3 44 32 34 49 48
8 35 11 9 18 4
37 47 19 6 52 33
27 20 21 43 53 12
5 39 17 1 40 50
46 24 36 38 3 23
35 41 49 51 22 8
14 7 45 32 15 30
4 10 44 31 53 18
2 50 34 29 37 27
28 9 40 52 20 16
5 42 26 47 21 13
12 54 39 19 17 48
25 6 11 43 1 33
30 3 51 23 37 18
16 24 41 50 28 44
52 53 10 26 2 15
9 36 29 54 5 21
34 8 6 35 20 13
49 4 7 40 46 17
33 48 39 43 22 42
47 1 12 32 14 31
27 11 19 45 38 25
