15 1 49 53 28 38
51 3 29 16 4 13
40 25 36 30 22 47
18 34 20 41 42 23
50 55 45 27 31 5
48 24 39 35 19 12
33 21 2 44 54 43
11 52 14 7 8 17
6 10 26 32 37 46
9 29 49 20 30 40
13 15 51 42 55 4
41 34 54 48 38 22
50 33 18 43 8 28
47 37 6 5 16 14
46 7 35 45 21 23
32 44 27 17 31 53
26 3 12 36 1 19
2 39 9 52 25 24
10 4 29 11 47 5
34 40 8 43 23 48
13 53 30 38 41 32
15 7 16 18 31 26
46 19 24 55 25 1
14 44 21 50 27 11
12 9 22 37 42 33
52 39 51 10 20 3
17 49 45 6 36 2
54 35 31 34 28 47
23 40 55 25 26 53
1 46 41 29 50 44
20 19 37 7 13 33
4 49 43 21 48 52
51 6 17 9 54 38
3 2 14 35 24 10
28 32 42 8 5 39
36 30 12 16 27 18
11 45 7 22 33 15
19 43 31 20 53 9
37 41 55 49 52 54
23 4 1 40 32 2
36 46 13 50 12 42
30 39 44 15 24 6
21 47 3 38 26 8
25 17 18 51 35 5
16 11 10 45 48 34
27 14 28 22 29 40
46 50 52 54 7 30
9 31 23 21 1 13
24 36 8 55 51 38
42 35 16 10 44 49
17 12 37 4 3 34
2 5 28 26 15 20
39 43 47 45 41 27
11 18 22 19 32 6
53 48 33 29 14 25
40 35 1 8 30 37
31 36 42 7 2 52
24 45 4 34 23 50
20 38 47 12 11 55
16 17 22 39 21 53
48 9 46 3 5 18
25 10 15 54 29 27
32 14 51 44 41 19
13 26 43 6 49 28
33 38 16 2 55 35
7 20 24 47 17 46
15 50 31 37 3 48
41 5 12 19 40 21
8 4 44 25 45 9
28 30 26 42 13 11
49 53 23 51 22 10
1 39 54 43 14 36
33 34 29 52 18 32
27 8 48 6 16 20
42 25 19 37 21 50
55 28 46 4 17 41
53 11 44 13 47 54
52 29 38 26 22 45
30 23 5 3 33 39
32 9 36 14 15 35
31 7 6 12 10 40
34 1 27 2 49 51
18 53 43 24 37 11
23 38 19 46 16 44
29 26 55 39 50 35
36 28 41 9 52 10
21 20 25 14 6 34
54 18 40 3 13 45
5 24 32 7 27 49
47 42 15 17 48 1
33 43 30 31 51 4
22 2 41 8 12 16
28 11 21 23 37 36
35 52 34 27 46 53
45 54 20 1 32 26
6 40 33 24 42 3
48 47 2 30 51 50
49 19 8 29 12 15
38 18 4 39 14 31
22 13 25 10 43 17
5 55 7 44 9 34
26 27 37 41 33 24
2 54 42 19 47 29
31 8 11 49 46 39
12 45 32 28 51 25
4 6 48 53 36 7
5 15 52 14 23 13
35 44 3 43 22 20
55 10 21 1 18 30
38 17 50 40 16 9
