8 6 73 18 22 69
10 44 58 25 65 5
47 66 68 41 46 37
75 12 36 15 21 7
29 4 35 34 23 71
67 16 14 42 78 50
61 64 39 30 13 56
80 70 11 79 17 40
3 28 32 48 55 27
45 59 38 33 63 49
60 72 62 57 20 31
77 43 54 52 24 2
53 9 1 74 19 51
76 61 78 26 47 64
42 34 21 71 13 68
70 22 6 3 50 35
66 7 65 73 49 40
36 60 11 55 29 45
16 10 80 31 72 2
20 27 79 74 69 43
9 48 41 12 52 18
25 33 67 24 37 28
56 57 15 8 5 53
23 54 63 51 77 32
46 75 44 39 1 4
19 58 17 26 59 14
76 62 40 30 21 38
7 6 47 29 2 9
35 25 61 73 74 72
64 37 70 49 42 48
52 5 60 28 53 63
56 54 44 20 68 45
80 77 58 16 12 55
15 27 30 10 38 24
46 13 11 69 23 19
4 50 51 8 26 33
41 59 18 39 78 62
3 76 17 36 66 43
75 14 71 79 57 67
31 34 22 32 65 1
44 9 55 61 40 27
58 11 45 37 73 35
21 64 29 15 28 54
53 10 41 26 70 23
17 18 2 46 68 63
49 3 62 67 5 69
34 66 57 50 80 39
12 31 4 20 78 25
52 7 1 72 38 79
32 71 6 24 16 76
77 33 48 36 42 56
65 47 30 14 74 8
13 59 51 43 60 75
5 22 68 19 61 80
21 39 31 49 35 17
15 37 9 62 26 69
18 24 20 34 3 79
40 2 50 58 48 53
64 30 77 25 45 1
12 33 6 23 14 60
19 78 66 54 75 8
46 29 74 67 56 38
63 55 13 72 65 76
41 73 42 43 32 4
27 70 36 71 51 52
59 28 16 57 11 47
22 10 14 44 7 37
48 20 50 61 23 21
74 67 9 66 39 2
45 8 34 3 46 12
1 62 43 56 6 78
24 65 60 64 17 41
59 73 55 70 29 30
58 28 72 22 19 42
33 69 52 80 32 25
68 53 77 75 79 76
51 49 26 11 18 44
5 71 31 7 38 54
27 63 35 47 15 16
13 57 36 40 10 4
14 61 56 70 41 34
32 48 30 60 46 19
80 76 73 9 20 28
68 24 39 51 58 8
6 72 26 65 67 45
43 63 37 31 74 50
17 25 54 22 55 23
49 1 38 4 47 36
53 11 59 42 27 7
79 62 13 35 44 12
78 40 57 52 15 3
5 18 33 16 64 75
69 71 29 10 66 77
2 14 73 21 60 51
38 17 32 61 20 37
7 63 25 26 39 56
12 50 24 11 76 49
43 72 46 54 9 70
15 18 65 23 80 42
78 16 5 48 79 29
66 58 27 6 31 13
59 8 57 77 44 21
53 45 74 62 22 71
69 30 28 2 36 34
1 35 10 40 68 33
55 19 67 64 4 52
75 3 80 47 25 41
76 39 70 60 15 29
37 54 48 6 57 65
78 79 22 9 21 46
8 16 23 62 7 61
5 32 42 51 35 66
45 40 24 31 14 18
4 69 3 59 56 58
44 41 71 55 17 33
12 34 64 72 53 47
63 30 36 11 43 67
28 49 52 68 74 10
38 26 20 13 2 75
50 27 73 77 1 19
29 51 61 65 31 3
57 76 7 33 41 58
21 56 72 37 32 18
14 11 62 66 48 46
39 79 55 47 42 10
63 8 20 9 71 64
28 1 75 69 70 12
54 49 34 27 26 16
45 19 15 25 2 43
73 23 24 78 36 44
13 40 74 17 5 59
60 38 77 67 35 22
68 80 6 30 4 53
50 56 65 52 75 9
10 69 63 54 61 12
18 42 46 57 25 27
2 58 70 78 8 32
11 79 66 72 33 15
23 76 5 1 37 59
31 67 53 73 44 48
4 34 62 17 77 7
38 51 39 6 45 28
74 21 26 24 55 80
71 3 47 50 30 60
19 36 20 35 41 16
29 52 22 14 13 49
68 43 23 40 64 5
1 67 61 18 54 58
48 56 17 76 51 10
70 24 21 63 4 66
42 60 25 38 9 8
33 47 19 65 62 20
7 45 78 28 80 13
2 30 26 22 12 57
37 68 16 39 73 3
41 75 40 27 29 72
32 50 64 79 36 59
35 43 14 55 53 69
44 52 74 34 6 11
46 31 49 71 77 15
