27 56 22 1 70 19
26 54 57 47 61 8
69 7 43 5 51 30
49 11 34 13 36 28
16 33 60 44 32 42
39 66 41 55 31 37
38 12 6 23 20 3
45 14 65 9 15 10
53 21 52 58 48 64
63 67 17 24 59 18
25 62 46 2 50 35
4 40 32 31 29 68
66 70 10 36 5 69
23 57 37 56 45 16
20 26 39 51 15 13
54 65 3 58 7 34
18 68 17 27 48 29
59 63 9 21 19 11
49 35 62 12 33 22
53 67 46 30 44 41
2 1 43 14 8 64
38 52 50 60 42 40
6 24 47 25 55 4
45 61 58 5 28 48
20 10 27 63 32 62
39 29 14 59 16 3
36 41 18 52 2 57
9 67 43 42 26 55
25 49 37 15 54 30
24 21 12 33 1 31
50 23 4 66 13 8
68 28 51 35 46 38
22 61 40 69 17 53
64 60 70 11 7 47
6 56 19 44 34 65
58 9 24 41 43 23
25 59 10 68 48 12
21 3 1 49 40 66
27 67 60 13 39 69
35 19 53 20 47 37
55 44 36 28 32 8
14 18 11 38 45 62
31 26 2 34 17 70
56 30 33 29 52 5
15 42 63 7 46 4
6 64 54 51 16 22
65 50 68 55 61 57
2 69 23 37 32 21
40 24 53 19 49 5
15 38 33 36 27 43
54 41 17 14 20 56
7 8 16 61 18 9
44 3 52 62 47 31
22 30 64 39 28 4
58 63 66 45 25 26
46 10 12 29 11 60
65 70 13 48 1 51
59 57 42 34 6 35
50 56 54 67 24 15
21 27 25 7 36 14
66 16 55 30 11 20
28 2 65 4 60 53
49 41 29 44 69 38
3 40 48 57 63 33
42 10 35 26 18 23
37 51 6 62 9 1
50 31 67 19 22 45
8 5 70 64 68 39
47 58 32 12 59 61
34 43 13 52 17 46
28 57 44 51 66 21
48 19 55 62 23 15
8 45 30 40 6 27
65 47 5 63 22 41
11 1 36 42 68 67
7 33 29 37 53 26
16 17 49 52 35 58
24 13 61 3 2 10
32 12 54 39 43 50
9 46 20 70 31 18
59 34 38 69 25 64
60 14 26 56 4 49
16 62 61 36 21 15
66 52 6 53 50 27
32 41 7 40 35 45
64 23 28 29 3 67
1 46 59 54 5 55
18 13 44 68 37 22
30 38 42 17 56 47
43 31 25 57 65 60
48 14 69 11 39 24
33 20 19 8 58 2
34 4 63 12 9 51
10 55 52 70 38 54
37 27 42 61 64 31
35 5 3 50 48 21
30 69 62 26 65 58
19 12 7 16 28 14
41 15 11 17 6 32
4 70 59 40 43 44
9 13 33 57 66 56
47 51 2 10 49 67
1 39 23 18 53 25
8 22 36 46 63 29
45 34 68 60 20 24
13 62 40 43 54 16
48 11 2 26 44 7
42 33 39 19 10 41
18 37 50 28 58 59
8 12 35 67 65 66
15 29 34 70 21 47
31 14 49 6 68 63
53 64 45 46 36 56
5 22 9 32 25 38
60 55 51 3 27 17
52 4 20 1 69 57
23 24 63 61 30 70
56 15 28 40 2 59
31 16 21 67 8 25
17 38 36 65 37 39
64 44 1 10 50 45
61 35 66 43 60 19
14 30 32 13 42 48
22 53 55 51 3 34
46 47 18 33 6 69
29 57 20 24 49 7
11 4 9 27 54 58
68 41 5 62 26 12
52 51 31 23 59 14
43 37 48 22 60 6
67 39 40 20 34 61
47 69 50 2 9 16
32 66 26 38 64 24
3 36 19 4 18 30
70 25 28 41 62 42
5 46 27 65 23 49
17 7 45 33 52 68
35 29 44 54 63 1
55 58 21 10 13 56
57 8 15 12 53 11
