8 25 47 46 16 11
15 19 4 29 44 27
42 12 33 7 45 37
24 39 23 10 21 9
40 32 49 17 20 28
1 13 18 34 14 30
41 35 36 2 26 31
3 38 43 22 5 6
25 7 42 48 24 19
28 1 23 12 18 29
37 17 2 10 13 45
11 22 31 26 32 39
4 3 49 41 30 16
35 15 44 47 38 5
34 6 9 33 8 48
43 40 14 21 27 46
20 16 10 22 28 36
39 44 1 5 17 26 1 1
6 45 25 34 1 47 18
32 9 27 35 30 7
14 20 21 3 37 48
8 43 29 13 33 41
46 49 24 12 15 2
23 11 36 38 19 40
4 31 6 17 10 42
37 35 25 44 1 43
27 39 28 8 45 2
7 34 33 36 3 46
22 21 29 49 11 42
26 18 38 32 4 24
15 5 31 13 9 20
19 12 30 47 40 16
14 48 17 23 41 22
18 11 3 42 43 35
1 38 8 20 31 45
2 32 21 25 34 12
26 19 47 14 49 33
9 48 46 29 36 4
16 23 27 5 24 37
30 15 39 28 7 6
44 13 32 10 40 41
36 17 8 21 12 3
16 2 49 9 42 38
18 46 35 20 37 39
45 33 40 25 5 4
48 23 30 11 43 15
31 29 7 6 14 44
28 47 13 24 26 22
34 41 1 27 10 19
49 30 38 39 46 8
33 2 18 44 31 40
36 16 45 6 23 35
5 14 41 11 28 12
42 26 21 15 7 1
24 34 20 43 4 17
10 37 22 19 9 25
47 3 27 48 29 32
13 21 11 38 33 16
46 42 34 31 35 28
37 8 14 40 24 15
29 25 17 30 36 26
20 22 44 27 6 12
43 41 9 45 1 47
7 48 10 18 49 5
19 39 3 2 4 13
23 29 37 32 8 34
45 44 24 30 20 11
12 10 38 43 48 26
4 22 33 35 2 1
31 27 13 49 25 23
41 17 15 16 18 7
5 46 32 21 6 19
40 42 36 39 47 14
9 28 26 3 44 34

