33 52 66 31 79 71
60 6 58 77 61 4
2 37 47 43 41 64
50 57 29 82 67 19
44 23 21 17 22 53
80 46 16 28 65 56
26 27 42 75 55 12
74 78 68 24 62 20
36 8 1 45 73 3
9 81 13 5 18 48
11 51 25 7 54 39
38 63 72 34 59 69
49 35 40 76 15 32
10 77 30 43 14 70
12 60 17 29 68 79
21 74 36 2 31 78
22 52 73 67 6 41
39 65 66 37 4 62
75 25 24 58 71 82
1 80 15 59 7 13
20 48 46 47 51 40
3 49 18 53 10 27
23 56 81 63 14 45
57 38 26 11 9 8
72 19 16 35 55 61
54 69 28 64 33 50
44 34 32 5 42 70
31 73 76 30 37 7
6 36 12 1 48 1 49 65
67 23 59 1 3 39 1 60
4 9 82 20 1 10
15 8 41 24 14 17
68 80 43 66 11 35
61 81 34 25 28 22
19 33 5 26 56 21
70 29 63 75 46 54
53 45 2 76 13 42
74 52 32 30 64 72
47 71 57 55 40 44
58 78 51 38 18 50
62 69 16 27 79 77
7 24 48 3 19 28
56 43 22 12 54 8
61 68 42 46 9 37
17 67 80 5 76 25
6 47 74 35 70 81
20 39 36 57 58 64
55 62 10 45 32 59
60 72 50 71 26 49
63 44 11 16 82 15
40 21 14 66 27 73
52 2 18 4 34 29
1 77 38 23 33 65
79 41 30 78 53 75
69 31 55 24 13 51
26 22 72 80 10 39
28 48 37 60 63 35
82 56 3 17 74 66
49 70 25 52 21 9
73 16 34 68 58 23
46 7 64 38 44 62
71 61 5 30 12 45
50 75 31 40 11 77
42 15 33 43 36 51
79 59 65 76 47 18
13 32 67 8 4 78
57 53 14 29 6 1
19 20 54 2 27 81
41 58 56 69 35 44
62 17 11 10 28 52
40 45 60 22 82 70
9 39 49 34 43 74
48 50 79 21 42 80
65 7 61 14 26 78
33 55 3 4 30 63
77 53 12 15 47 67
13 66 29 23 25 20
19 8 69 18 46 6
51 1 2 37 32 71
31 5 27 68 72 57
54 41 76 16 36 38
81 64 75 73 59 24
42 30 49 56 62 47
77 29 26 48 44 74
78 40 69 12 23 9
65 11 13 70 19 58
27 43 6 45 50 17
54 5 1 52 60 55
28 71 53 59 68 8
79 15 73 25 2 38
39 82 63 61 18 31
34 57 37 80 75 33
81 21 4 7 72 41
22 3 14 32 16 20
10 35 36 46 67 24
51 64 12 66 76 19
58 5 59 29 40 43
25 50 30 63 1 68
13 39 27 56 38 52
55 2 82 49 80 77
78 70 71 73 17 48
72 24 6 44 37 79
18 45 67 64 16 26
32 28 9 36 66 47
62 3 61 51 81 57
14 76 4 11 22 46
75 20 60 15 69 21
8 10 7 42 74 23
35 65 31 53 54 34
41 12 59 33 48 39
