30 63 62 60 13 35
26 57 37 77 41 20
53 68 51 76 61 39
33 19 6 54 3 52
29 55 75 66 49 69
2 23 22 25 17 12
59 21 1 38 64 65
4 70 46 14 78 44
11 40 42 43 73 7
48 24 32 9 31 10
16 47 74 58 50 34
72 8 28 5 67 71
36 56 45 27 15 18
59 19 12 35 26 55
60 49 3 61 77 23
52 2 11 57 51 75
22 44 7 13 33 48
6 25 73 24 64 30
39 38 67 14 54 71
20 68 47 45 66 28
76 18 50 32 43 8
56 41 63 4 58 40
70 9 5 74 42 1
62 78 27 16 10 72
46 65 31 29 17 15
69 21 34 36 37 53
24 33 23 35 45 14
73 75 38 13 32 26
18 71 64 20 49 19
70 2 58 6 76 59
1 30 27 28 4 52
29 3 63 39 72 50
42 54 31 56 21 16
77 48 51 46 36 40
61 7 25 65 66 78
55 44 43 10 34 5
68 15 74 37 12 67
11 17 41 9 69 60
22 53 57 47 62 8
23 52 20 76 72 42
58 28 14 49 36 21
51 54 32 45 30 59
34 4 26 66 24 39
67 55 33 70 40 65
38 74 10 18 3 46
71 60 6 31 57 78
75 7 17 68 5 62
73 22 35 69 1 15
13 12 27 41 61 47
50 37 64 48 56 11
53 43 63 25 16 19
8 77 9 2 29 44
55 24 3 20 51 60
30 75 40 34 23 18
31 38 36 72 4 22
21 62 66 74 76 73
78 35 49 50 42 41
54 28 57 64 63 17
9 67 43 6 45 61
8 39 59 15 16 48
56 46 71 12 33 53
7 29 37 10 47 70
11 25 5 32 27 77
14 1 13 19 68 2
44 52 65 26 69 58
41 72 57 55 73 45
63 78 36 24 8 74
4 59 42 17 67 53
12 9 39 30 7 20
35 48 47 3 71 43
77 66 19 22 70 56
34 65 68 49 6 11
5 13 29 52 18 21
10 58 60 33 75 1
51 27 23 44 31 37
40 25 76 15 28 38
16 14 69 64 61 32
2 50 54 26 46 62
49 43 56 57 74 30
68 73 36 52 59 78
1 6 72 47 18 77
67 19 34 48 29 41
3 8 66 58 11 31
16 70 38 5 12 24
15 55 13 23 53 54
39 2 69 28 42 33
27 20 61 63 46 75
40 32 17 44 35 21
65 10 51 50 14 22
60 45 76 7 26 64
71 37 4 25 62 9
78 5 30 19 53 58
57 23 66 67 36 16
42 48 6 38 27 55
72 13 24 59 40 49
43 41 46 21 22 68
31 14 76 75 77 12
47 26 15 33 63 9
62 11 45 1 39 44
28 34 7 3 32 56
17 52 61 71 50 70
74 64 4 51 35 29
37 60 18 73 65 2
69 20 25 54 10 8
