30 27 35 29 13 22
4 37 25 31 1 28
24 11 36 38 23 15
8 7 26 34 20 14
6 21 32 39 10 3
16 9 33 12 17 5
28 19 18 7 29 2
13 39 25 24 1 30
6 12 27 8 15 31
21 5 14 34 36 37
16 17 18 32 10 23
2 19 22 20 26 33
3 38 11 35 4 9
29 1 17 1 21 1 12 34
33 1 23 36 37 10 7
3 18 9 22 14 38
15 24 32 28 30 8
27 2 31 11 16 35
13 6 5 4 20 19
26 39 36 25 33 17
9 14 12 27 37 23
34 3 19 2 13 24
8 6 25 38 5 18
29 20 30 1 16 10
39 35 21 4 26 28
31 32 11 22 7 15
19 38 8 18 30 37
16 6 24 33 27 21
17 11 14 1 22 25
7 28 35 10 12 13
32 2 20 5 9 31
29 26 15 4 23 39
30 13 34 3 36 12
7 33 6 9 27 1
24 14 29 5 32 35
10 15 2 25 21 38
3 31 4 36 8 20
23 28 11 19 17 26
37 39 16 18 22 34
9 10 29 24 8 21
28 38 17 19 27 14
1 4 12 18 2 11
23 34 5 6 15 3
22 26 32 36 7 13
20 35 31 33 39 30
37 9 8 25 16 15
7 21 4 17 24 22
27 18 10 30 5 26
13 31 19 39 32 12
20 25 23 38 35 34
6 36 1 2 28 16
29 11 37 14 3 33
27 34 8 21 19 10
26 18 13 23 31 24
14 30 16 11 4 6
15 33 28 2 3 17
12 20 22 36 25 29
1 5 39 38 7 32
35 37 13 9 6 17
14 23 2 31 21 30
10 8 5 11 22 39
33 34 4 32 28 9
12 29 38 26 24 37
35 25 3 19 16 7
36 15 27 18 1 20
10 33 38 14 13 4
5 22 28 8 12 23
39 24 20 37 2 6
11 34 7 21 18 29
16 32 3 26 25 27
30 9 19 17 31 36
15 1 21 35 29 33
