3 10 40 24 39 69
54 16 18 34 41 56
55 31 65 46 25 61
14 48 33 2 67 36
49 13 1 44 7 5
9 30 42 28 17 6
68 8 11 38 4 45
71 23 43 26 22 15
70 62 59 64 53 66
35 60 21 52 19 51
29 58 50 32 63 57
27 37 12 40 47 20
45 33 34 4 55 43
53 26 38 6 39 67
19 61 42 30 69 2
58 63 36 46 17 7
28 71 32 60 1 16
50 57 5 21 48 20
47 3 70 44 54 62
24 25 66 15 49 35
52 29 13 9 23 68
31 22 11 41 37 59
10 18 51 64 27 14
2 8 65 12 56 20
5 1 6 25 54 43 66 1
21 32 1 33 23 40 44 1
26 7 69 29 1 70 17
59 24 14 27 4 63
48 37 65 62 39 42
16 47 46 11 30 53
22 68 34 3 36 31
28 64 52 61 58 41
49 10 67 9 1 57
15 45 12 56 60 50
51 71 55 8 19 13
38 35 22 62 5 18
17 44 52 27 65 28
34 43 47 14 39 49
67 42 41 3 21 29
23 2 11 66 10 70
58 30 8 35 26 48
53 61 37 1 15 51
69 32 55 24 12 68
33 60 59 9 6 46
50 7 54 19 4 18
16 20 25 36 13 45
40 63 64 31 56 71
38 51 39 12 57 23
5 53 67 68 52 60
66 50 41 26 65 24
43 36 10 35 8 37
56 11 6 34 21 7
22 58 2 69 27 1
42 18 17 71 59 25
4 9 61 32 38 20
33 31 29 45 70 30
47 57 54 55 16 64
48 46 15 19 44 3
13 40 28 63 14 62
49 21 56 10 22 32
36 27 8 29 66 60
68 38 47 42 59 50
44 55 26 20 35 53
15 5 30 11 40 58
4 13 2 41 3 6
17 37 64 33 23 24
18 45 1 52 46 39
28 62 16 31 69 43
63 9 48 51 54 49
25 67 7 61 34 12
65 14 70 57 71 19
37 36 5 26 64 56
3 17 39 32 60 11
50 28 68 51 2 35
59 29 1 40 48 43
7 14 19 66 16 22
21 24 44 45 31 9
20 62 58 67 34 71
52 30 10 55 38 63
12 6 70 46 49 41
54 61 27 8 42 33
57 53 4 23 69 25
13 15 9 47 18 65
19 16 39 58 44 68
38 21 2 37 29 55
60 20 63 70 42 22
67 51 40 17 4 66
69 56 46 43 52 27
59 26 31 13 12 10
30 25 3 8 50 14
45 32 49 71 64 54
7 41 62 57 33 15
6 24 35 47 1 61
36 11 48 18 28 23
65 5 19 53 34 10
66 68 21 43 20 30
25 49 4 62 52 37
29 47 26 22 33 51
50 71 36 39 11 9
32 34 27 53 48 13
65 41 38 7 40 60
59 61 35 16 45 3
55 23 42 56 14 58
31 17 12 5 1 54
57 69 44 18 6 63
24 64 8 67 46 28
70 2 32 15 59 52
42 10 45 36 51 7
14 12 53 35 29 9
1 3 56 33 25 38
64 22 30 44 65 34
60 43 24 54 13 58
39 15 4 21 28 5
23 19 31 27 20 6
62 50 49 61 55 17
69 66 71 48 41 47
37 70 18 16 67 8
40 46 57 68 2 26
63 12 19 11 43 33
5 9 27 7 55 3
51 24 32 30 62 36
20 65 59 29 49 69
60 67 4 2 44 31
39 56 57 13 66 61
58 70 28 25 47 21
48 54 17 10 68 15
34 35 46 37 38 71
6 52 16 22 50 40
1 11 64 14 42 26
41 53 23 63 8 45
18 66 44 5 32 29
