65 1 16 56 100 30
94 88 51 54 17 69
38 43 99 60 83 66
12 72 34 5 50 95
2 87 48 78 63 64
86 32 24 75 20 18
70 23 80 6 49 35
14 11 96 27 93 62
98 29 47 39 15 13
10 22 19 25 61 52
42 37 59 4 26 31
46 73 92 90 82 7
53 89 81 41 74 3
84 91 28 67 33 36
57 68 55 44 85 76
21 58 8 97 77 45
9 79 6 71 40 1
93 65 17 49 72 32
83 54 34 15 63 61
10 14 30 75 4 7
64 16 80 82 22 27
19 13 81 11 94 24
28 48 57 96 74 52
97 85 18 66 88 98
3 76 23 99 50 84
86 39 78 36 21 37
40 25 56 95 26 38
53 87 45 12 67 59
73 62 60 79 20 51
42 90 41 55 77 71
92 33 44 89 9 29
68 2 91 35 8 100
58 70 47 69 5 43
46 81 98 65 31 78
27 1 88 25 7 1 24 36
17 86 1 30 99 1 12 28
56 45 66 79 4 72
74 67 10 50 16 15
92 94 77 64 96 61
35 90 39 40 18 53
38 44 71 2 47 80
11 95 75 57 73 31
43 21 48 54 41 9
60 49 3 14 52 34
37 20 87 93 70 68
5 82 19 97 51 76
1 58 91 83 89 42
26 69 13 8 63 85
32 33 22 100 55 23
62 46 59 84 6 29
24 35 44 17 4 43
73 12 94 21 18 15
9 34 68 11 10 99
50 36 49 97 41 96
88 61 65 79 90 2
83 80 28 92 95 85
86 55 64 93 56 54
63 37 66 46 74 23
19 67 62 89 26 78
39 100 72 69 14 6
57 7 60 84 87 58
91 98 71 59 53 22
31 40 52 16 5 32
20 76 81 1 29 38
13 25 70 48 82 33
45 51 8 47 75 42
3 30 83 27 77 67
6 11 44 26 86 74
37 62 92 24 12 2
4 65 39 73 97 22
79 5 94 49 28 63
58 59 55 99 96 80
69 32 84 56 48 10
18 45 95 33 81 93
52 88 47 34 91 82
9 78 35 77 60 76
8 30 25 20 41 98
90 50 68 1 75 13
64 42 14 38 19 53
43 36 61 29 31 51
87 100 15 66 17 89
3 27 40 21 57 46
85 54 71 23 7 16
72 97 2 70 9 28
78 84 83 20 44 45
90 8 56 81 12 49
24 38 93 39 52 58
76 47 14 94 48 36
19 55 4 88 15 92
100 64 79 43 57 98
61 71 75 26 46 60
89 30 82 35 59 50
85 25 74 32 29 42
27 66 54 5 6 10
51 68 53 86 95 23
17 11 63 33 16 3
22 34 67 70 21 7
41 37 1 69 80 73
77 18 72 62 31 99
96 65 40 13 87 91
15 71 58 28 81 14
94 27 52 100 9 20
76 75 43 74 93 12
17 39 48 60 68 92
16 90 25 83 86 4
57 33 66 19 34 1
29 8 24 72 55 67
82 6 45 41 38 31
80 46 11 18 36 87
10 59 70 63 65 51
61 69 97 44 99 40
23 13 89 88 56 21
73 35 5 84 98 96
50 53 77 26 2 7
85 64 62 47 30 49
91 32 95 54 37 79
78 42 43 22 3 94
45 92 86 14 70 1
65 69 20 67 71 82
36 93 4 34 74 40
21 96 100 60 25 81
29 56 18 50 28 27
23 2 41 39 59 11
32 80 63 62 57 9
12 22 88 58 68 6
89 10 95 47 24 77
15 78 33 8 53 5
38 72 85 3 61 37
99 75 35 48 16 79
87 98 49 44 83 19
76 54 73 30 46 42
66 84 26 52 51 90
31 97 55 7 13 17
91 81 69 64 50 4
15 82 9 96 23 24
6 28 8 34 43 65
95 99 29 78 100 88
75 3 36 59 92 56
47 53 57 25 72 54
77 66 12 32 39 70
33 38 35 94 10 87
7 64 5 18 83 41
45 52 73 71 62 17
49 61 74 58 27 13
68 97 79 42 80 84
20 14 16 55 91 26
31 85 60 2 89 86
63 19 93 30 21 90
51 1 22 48 44 46
98 67 11 40 76 37
52 15 65 95 35 64
56 24 83 53 73 70
88 96 72 71 43 10
74 54 33 80 39 20
13 5 100 4 38 62
68 36 27 45 89 63
48 86 29 91 3 97
22 31 87 90 76 69
28 7 93 59 47 9
46 79 85 41 58 34
82 1 12 55 78 11
67 94 44 25 66 75
98 17 50 61 42 6
37 60 16 8 19 18
51 99 21 14 32 2
81 23 26 30 92 57
40 84 86 77 49 88
7 63 96 76 45 39
11 15 20 85 43 56
12 9 5 25 3 65
61 48 100 80 93 67
74 62 83 55 35 69
70 79 50 52 44 8
59 27 90 72 60 33
4 99 32 53 94 46
95 84 41 22 13 14
98 77 26 1 28 54
36 2 17 10 57 82
31 49 21 24 66 68
23 19 58 29 40 73
18 78 38 51 91 30
16 6 47 87 92 97
34 71 89 37 64 75
42 7 99 81 86 27
