43 47 51 48 45 38
11 49 2 25 28 26
20 44 21 46 50 14
52 31 33 37 56 18
53 42 22 55 24 41
23 5 3 12 15 35
40 6 34 17 7 36
19 32 10 16 54 4
13 39 9 30 27 1
8 28 49 41 43 29
25 50 22 38 46 33
23 36 51 24 26 18
44 3 6 40 4 52
32 12 45 34 1 56
29 39 16 31 21 9
54 48 35 7 53 14
5 8 17 47 13 30
27 55 37 10 11 20
2 43 42 15 19 56
45 4 9 50 40 23
35 51 3 41 1 31
54 52 34 25 8 24
27 16 28 18 46 6
36 29 11 20 38 39
48 42 55 5 26 44
47 15 33 53 30 32
49 13 19 7 21 37
14 10 17 22 12 2
3 45 1 38 16 8
56 9 54 18 20 55
53 25 40 31 27 42
29 35 19 13 33 44
7 46 47 12 11 26
10 41 23 6 48 21
4 28 2 5 52 51
49 17 24 39 32 50
37 30 43 14 22 36
34 38 44 16 53 15
33 26 35 9 8 27
45 41 52 13 12 20
21 42 46 17 3 32
39 10 25 43 40 5
24 11 6 19 14 30
31 22 15 36 54 28
34 18 47 1 49 4
56 2 7 23 55 29
16 37 50 51 48 12
6 33 39 42 35 45
14 38 41 26 40 19
8 52 46 36 49 10
20 5 30 43 34 31
28 18 53 50 3 7
2 47 21 9 37 24
4 29 56 22 27 48
55 15 32 51 25 13
44 23 17 1 54 11
35 10 38 18 30 42
9 53 12 6 43 8
56 36 16 41 50 5
46 13 48 33 2 40
15 1 20 24 7 4
11 51 27 21 34 22
26 29 45 3 37 54
19 44 25 28 39 47
55 17 31 49 23 14
52 7 38 32 9 5
8 18 48 21 11 15
30 41 3 54 2 27
51 24 53 10 56 46
37 20 29 17 6 25
50 1 26 52 19 43
33 4 12 39 55 36
40 22 16 47 35 49
42 14 13 28 34 23
32 31 7 44 45 10
1 5 18 29 46 53
48 25 36 3 19 9
35 24 43 4 17 11
27 14 52 42 47 16
38 31 50 2 6 13
30 21 28 45 56 55
32 20 40 22 23 8
26 37 41 15 34 39
12 44 54 33 51 49
