21 49 39 58 55 13
20 52 51 3 27 56
9 28 40 50 36 57
47 2 48 35 6 18
26 10 14 8 11 53
33 41 45 31 19 43
1 24 16 42 32 38
12 15 25 54 37 29
7 46 4 17 23 30
44 50 5 34 22 20
8 27 52 18 33 28
36 2 58 14 13 57
53 47 42 56 49 45
46 9 55 39 16 54
10 35 17 25 40 41
12 19 51 44 30 4
22 43 5 23 1 26
34 11 15 37 38 21
3 7 24 31 6 29
54 25 32 48 52 58
41 27 57 4 45 14
8 33 36 44 39 47
16 37 55 53 40 30
34 43 26 35 42 29
15 10 19 2 6 32
49 51 46 13 28 5
12 1 18 21 20 7
3 38 23 22 9 31
17 24 56 48 11 50
33 29 15 45 57 54
30 37 13 52 55 41
40 4 58 20 26 8
9 53 32 42 14 5
48 19 22 23 35 11
27 51 38 39 7 12
3 16 25 24 50 49
31 28 44 47 6 17
10 34 1 18 36 46
2 43 41 56 21 54
7 35 48 37 5 9
38 4 24 45 15 13
26 33 11 32 28 49
53 55 6 22 8 18
21 31 23 20 10 16
57 29 43 51 36 17
56 50 12 19 46 14
42 44 25 39 3 58
27 40 34 30 1 2
16 13 52 47 26 7
15 54 35 51 21 55
32 48 23 57 49 12
6 39 36 17 20 45
41 38 53 25 46 2
8 14 28 34 37 31
24 58 22 9 52 4
10 44 3 33 56 1
29 5 18 19 30 50
11 47 40 42 43 27
57 35 8 16 15 38
48 17 26 7 55 34
6 46 21 4 31 32
13 22 56 45 29 53
14 39 52 20 43 1
40 18 19 9 42 54
10 12 30 47 33 24
44 2 27 36 23 37
28 11 58 50 3 41
5 49 4 25 51 34
17 9 29 1 21 8
47 54 10 14 48 20
52 15 6 12 36 13
2 57 37 26 46 24
3 18 45 40 5 16
41 42 11 23 51 39
30 25 31 28 22 55
19 58 27 43 38 49
7 56 53 33 32 35
50 54 20 44 24 57
29 23 46 14 11 6
55 42 45 2 12 28
37 19 49 58 1 17
21 30 32 8 3 43
38 47 50 4 26 25
33 13 40 5 10 48
39 41 35 27 36 22
51 53 31 52 18 34
7 16 9 56 44 15
29 30 28 38 2 20
50 25 13 19 32 8
22 4 6 49 14 33
52 21 36 24 42 37
11 7 44 55 57 10
35 12 47 39 1 40
54 31 17 53 27 5
58 16 46 43 48 51
26 41 56 15 9 18
34 3 30 45 23 10
42 20 4 22 7 37
5 21 57 28 25 27
49 40 48 38 29 44
55 17 2 50 9 33
18 41 47 58 32 15
46 34 39 52 24 19
11 13 3 35 31 16
36 45 43 12 53 26
1 54 51 6 8 23
14 58 38 56 30 55
32 10 50 29 27 39
52 57 42 4 34 41
36 3 26 46 31 48
49 8 7 35 20 19
25 5 1 11 56 2
23 53 33 40 15 21
28 17 16 54 22 12
37 45 47 51 6 9
43 14 44 13 18 24
2 8 42 57 48 3
1 53 35 29 58 50
32 34 56 23 54 40
31 12 33 9 25 49
6 45 7 43 52 11
28 4 37 18 39 10
24 51 30 13 26 21
27 20 15 46 17 22
38 5 19 55 47 36
16 44 6 41 14 29
49 31 52 10 40 2
37 50 51 43 7 33
30 39 9 15 48 53
54 13 27 1 3 42
36 56 20 32 16 11
5 8 34 41 24 12
45 28 46 58 35 44
18 23 14 25 17 38
57 26 22 21 19 47
55 32 43 4 2 3
15 37 39 5 56 31
20 12 9 13 41 10
6 33 25 16 34 42
11 49 36 30 18 54
24 29 55 27 47 23
48 45 21 46 50 8
40 22 14 51 58 7
26 38 35 17 44 52
19 4 1 53 57 28
