25 62 39 36 40 20
29 11 38 31 35 49
65 2 6 33 1 16
46 7 57 22 61 48
5 37 66 45 64 53
10 15 44 55 19 13
34 60 23 54 56 26
32 12 47 63 4 9
41 52 58 43 8 30
27 51 67 14 3 21
42 59 17 24 28 18
50 26 35 16 7 62
2 31 10 53 40 22
19 66 65 41 29 6
51 61 44 23 49 45
24 48 11 52 9 64
67 55 25 57 12 33
63 30 14 46 1 5
58 17 4 60 21 13
36 43 27 34 47 28
20 54 37 38 18 50
32 56 8 39 15 42
3 46 40 66 23 59
57 1 52 1 10 1 58 45
5 1 9 51 22 1 34 19
44 20 16 64 41 17
63 37 27 25 2 42
33 50 14 39 11 4
59 7 8 47 31 21
6 28 26 49 3 32
60 55 53 24 62 43
12 36 61 15 54 65
29 13 30 48 38 56
1 35 18 66 67 34
27 32 23 58 50 19
4 53 59 20 57 26
3 39 44 54 63 24
51 38 7 46 41 2
47 29 52 14 55 37
62 45 22 30 6 12
13 8 49 36 67 64
21 65 25 11 18 10
33 40 60 28 15 35
61 9 56 17 5 43
48 14 42 19 16 31
37 24 41 22 26 36
1 4 3 52 62 38
34 32 7 30 33 53
59 60 29 61 10 39
42 31 45 13 65 50
6 46 18 64 27 55
48 49 54 25 5 47
56 20 12 40 51 58
66 28 16 8 44 11
15 2 9 21 57 35
43 23 63 17 67 29
13 3 33 41 18 61
14 25 34 32 45 24
37 4 40 8 6 48
2 5 39 26 58 12
62 17 31 27 66 57
20 19 28 7 21 1
53 52 15 49 50 46
43 64 54 35 42 51
30 47 65 67 44 60
23 10 36 16 38 9
11 56 63 22 59 55
40 24 1 5 27 13
21 46 62 54 29 32
28 39 57 51 65 37
9 42 66 60 49 20
19 26 33 52 63 36
35 45 41 10 47 56
18 53 8 12 14 23
50 48 17 2 34 3
38 22 43 44 25 59
6 58 67 7 11 15
31 64 30 55 61 4
45 21 52 16 63 40
29 36 5 57 42 3
26 25 1 8 17 51
9 13 7 59 54 14
23 22 64 15 33 62
11 16 41 12 27 60
10 66 50 56 30 24
18 19 49 4 43 2
38 6 61 39 53 47
31 34 58 44 37 46
35 48 55 65 20 32
67 52 5 28 10 22
