2 76 53 27 70 68
74 20 14 13 61 8
1 77 47 4 87 46
50 86 43 83 40 81
51 84 26 41 79 72
24 90 33 89 63 10
57 29 45 35 22 88
56 52 66 28 58 69
67 49 82 54 62 34
9 65 38 16 7 31
39 18 59 25 55 12
64 44 42 80 32 73
78 19 60 23 30 37
75 11 71 17 5 85
21 36 15 6 3 48
29 61 81 51 4 68
76 83 69 62 35 20
63 41 43 54 14 67
34 8 10 53 13 9
90 46 22 65 42 84
39 87 66 27 38 32
52 73 1 24 78 45
80 5 37 40 21 49
15 57 48 56 30 77
25 19 86 17 2 72
28 33 79 64 23 3
50 6 47 31 85 12
11 60 89 59 88 82
55 16 74 71 26 36
44 18 70 58 7 75
69 46 32 54 43 21
1 41 57 66 40 34
51 14 27 30 22 17
77 79 80 28 76 25
50 31 56 42 49 24
90 68 67 52 8 86
16 47 64 48 45 39
85 83 63 3 4 65
61 55 60 6 72 38
5 26 88 62 53 58
20 81 11 78 36 18
70 73 75 82 23 74
7 10 71 89 29 19
44 59 84 2 15 35
87 13 33 37 12 9
34 31 68 22 43 77
86 61 64 21 56 39
40 3 24 69 53 17
45 62 27 36 85 32
23 46 51 63 74 11
18 30 28 90 54 16
80 52 41 60 5 20
82 83 87 10 44 25
7 35 89 12 73 26
8 59 79 49 57 4
72 65 48 75 37 76
38 58 42 14 9 81
88 6 1 71 67 2
33 29 50 15 70 78
19 55 47 84 13 66
68 53 11 45 54 87
3 28 34 39 60 44
43 57 62 25 52 16
83 51 59 75 77 24
48 10 42 27 74 35
89 65 81 5 14 1
36 12 2 37 69 61
71 17 50 58 8 64
9 49 78 32 15 72
29 21 31 63 13 18
26 66 23 4 76 90
22 40 73 79 67 55
85 46 70 41 19 38
30 6 82 86 80 47
20 56 7 84 33 88
68 35 37 28 14 71
77 64 27 78 5 12
60 65 13 24 87 58
8 45 44 62 26 31
42 74 89 18 2 43
46 21 9 17 79 70
66 29 49 23 40 25
56 72 16 63 1 82
61 53 19 67 32 83
76 36 30 59 50 41
88 75 90 15 6 39
22 34 52 81 47 85
20 48 55 4 54 7
33 69 51 80 38 57
3 73 86 10 11 84
40 70 45 60 12 42
18 71 62 72 24 46
44 89 30 79 68 65
32 17 41 29 28 74
37 56 83 47 8 90
15 64 63 81 22 7
36 4 43 82 38 53
39 49 20 10 51 19
58 35 55 33 11 61
31 27 5 1 25 84
87 75 14 86 34 69
54 23 13 6 57 52
85 78 3 76 88 16
73 50 21 66 2 77
59 9 80 48 67 26
20 37 79 53 42 29
47 72 40 68 33 36
45 41 65 18 82 15
8 27 25 55 86 46
61 89 62 70 64 34
11 7 49 13 1 76
81 30 60 73 31 83
48 32 51 2 52 14
77 59 78 90 71 38
84 21 58 57 39 85
26 28 9 22 69 6
88 63 23 87 80 50
35 3 19 56 43 75
5 24 54 74 66 44
12 4 17 67 16 10
2 55 29 82 64 52
86 60 32 7 77 33
85 34 73 46 37 59
69 81 72 13 90 70
31 28 15 26 20 87
3 47 57 9 71 27
6 84 76 43 24 8
4 25 67 11 50 30
17 1 23 61 44 48
38 10 56 5 45 79
16 42 22 21 75 41
78 54 40 51 58 89
12 62 63 19 66 68
14 88 36 83 18 49
53 80 35 74 39 65
29 59 13 43 27 28
44 71 4 76 86 33
7 34 2 72 45 30
73 9 90 25 41 61
37 38 22 89 20 17
55 15 23 62 42 85
70 87 67 36 51 56
52 84 53 49 50 75
66 63 8 60 48 18
65 78 14 47 26 21
32 77 6 35 10 40
12 39 54 1 79 83
24 82 57 19 81 5
64 69 74 31 88 11
58 68 80 46 16 3
41 71 22 23 56 53
84 2 4 9 60 36
86 85 28 49 63 51
42 17 6 65 33 59
38 25 26 47 75 54
30 1 8 70 32 35
64 31 67 57 10 37
11 27 24 34 15 80
19 76 87 40 18 52
16 89 50 55 44 69
43 90 58 45 20 21
72 12 77 81 3 74
79 82 66 88 78 61
83 68 46 13 48 5
14 39 62 73 7 29
35 36 54 31 17 86
38 2 40 8 11 28
52 70 4 27 37 44
75 20 63 30 9 64
21 23 10 59 72 1
34 51 12 32 90 55
53 81 16 46 66 33
5 22 18 50 61 3
49 58 25 41 89 6
69 48 88 65 19 73
42 67 39 71 24 76
77 84 45 14 80 29
79 62 15 47 43 60
87 74 7 57 83 78
68 85 13 26 82 56
