24 44 27 33 1 59
23 19 51 2 46 26
21 38 3 4 7 35
54 36 6 34 41 17
49 12 45 47 57 25
8 22 58 16 29 10
28 55 9 52 14 53
32 18 5 43 30 42
50 31 37 39 15 40
56 48 11 20 60 13
2 8 7 49 54 59
52 58 45 57 1 21
33 19 3 42 41 47
55 27 46 12 5 26
43 24 39 56 14 28
4 36 11 35 29 30
51 25 20 10 53 37
18 16 34 17 32 31
50 40 22 6 9 48
60 44 38 15 23 13
14 49 58 3 46 41
59 10 7 19 57 5
37 18 8 36 26 55
20 52 54 27 39 51
42 17 38 31 45 22
53 50 1 23 4 16
28 60 48 34 35 33
21 6 12 13 32 29
43 9 15 24 25 30
47 56 44 2 11 40
39 58 4 19 20 8
5 54 34 53 33 23
51 18 6 38 1 14
9 24 60 37 42 46
13 30 45 16 7 27
31 55 29 59 3 47
21 26 49 28 44 40
41 12 11 10 43 52
35 36 22 32 15 57
25 50 48 56 2 17
6 60 4 5 24 47
16 33 21 49 39 37
59 40 30 58 12 1
11 7 15 42 51 55
13 31 41 22 25 46
44 3 52 50 18 36
29 34 2 27 10 9
26 23 35 17 20 14
32 38 56 19 28 54
57 45 43 8 48 53
5 4 55 58 44 51
1 46 10 36 47 39
34 42 20 50 30 12
49 52 31 54 13 56
35 59 21 9 53 18
26 37 24 41 48 32
7 43 33 29 17 40
3 2 16 57 6 38
27 23 25 28 11 8
45 14 19 15 22 60
56 34 59 46 21 4
12 17 35 24 51 49
10 57 13 55 43 50
38 39 53 11 29 26
44 8 1 9 19 31
25 60 16 54 40 18
58 28 6 7 36 42
22 47 14 30 37 27
15 52 2 48 5 33
23 41 20 3 45 32
40 24 19 55 34 11
1 35 42 26 10 25
6 53 30 60 49 8
33 51 54 21 22 43
37 28 12 45 4 2
3 13 17 39 9 5
47 15 20 16 59 52
29 27 41 18 56 57
36 58 48 31 38 23
14 46 32 44 7 50
1 11 5 22 34 49
17 8 15 47 21 28
41 4 57 40 13 9
10 45 23 52 6 24
53 31 3 12 27 19
25 32 33 38 55 58
48 29 42 14 54 44
7 20 39 60 2 18
46 59 50 37 35 43
30 16 36 26 51 56
13 47 53 32 58 24
40 38 34 8 42 52
41 1 55 48 21 2
19 39 44 25 35 6
54 37 17 30 3 10
51 59 36 45 50 60
22 56 9 23 12 7
46 5 29 20 16 28
14 26 57 11 33 31
18 27 43 4 49 15
