69 1 61 20 40 59
60 28 54 43 64 18
48 9 53 49 52 63
36 42 3 12 6 41
11 8 35 73 46 38
19 13 15 58 7 30
62 71 4 14 32 65
44 39 29 10 72 56
37 55 31 26 34 24
51 70 2 22 67 17
45 23 47 5 33 57
25 66 16 68 27 21
50 65 40 63 7 11
58 12 49 56 54 73
13 44 14 53 37 8
10 71 34 35 48 36
47 69 55 62 17 28
72 25 1 2 9 57
38 42 59 4 67 60
30 20 26 29 16 6
66 51 43 5 31 39
19 18 50 27 45 32
3 68 64 52 22 33
41 46 21 23 15 70
24 53 72 11 47 61
65 1 57 49 58 1 36 59
39 1 37 62 60 1 9 16
2 1 48 13 54 4 66
51 20 52 28 71 44
8 12 17 43 23 27
70 24 29 45 63 25
64 6 10 61 55 19
15 69 34 33 50 42
7 1 21 14 3 73
32 22 41 26 38 5
40 35 67 31 56 30
46 39 18 68 13 49
4 70 6 9 11 43
2 10 27 37 15 52
72 69 45 8 58 51
73 59 62 23 19 48
14 34 63 38 61 56
18 21 22 42 29 47
67 31 68 57 53 20
17 26 33 71 40 46
30 54 5 65 3 25
7 32 55 66 60 12
35 41 1 44 50 64
28 36 22 24 16 13
27 20 58 48 14 11
37 38 23 71 6 72
9 31 65 29 46 19
33 61 32 25 49 51
34 45 40 21 44 54
59 35 12 63 47 39
24 42 64 57 62 66
16 73 53 55 5 70
60 17 68 1 30 10
41 56 7 2 18 69
8 4 3 28 26 15
50 52 36 67 43 58
47 40 51 13 38 9
22 14 19 35 25 23
70 65 48 12 68 37
39 33 30 55 41 27
64 5 7 59 29 4
11 49 67 1 66 28
16 43 71 3 2 45
6 57 52 34 8 18
36 60 63 20 72 15
21 56 26 53 62 50
31 61 42 17 73 44
32 24 46 54 10 69
55 2 23 40 68 29
66 59 9 18 33 58
15 45 38 39 64 48
50 28 12 72 30 14
73 43 20 34 22 65
17 11 3 57 32 37
49 5 71 60 21 24
52 26 13 69 70 35
41 63 8 16 10 31
54 27 53 42 51 7
56 19 47 1 4 36
46 44 62 6 67 25
61 58 60 65 39 2
