42 47 5 49 72 59
26 61 45 16 64 41
27 20 32 18 66 53
51 29 33 37 34 79
40 82 77 10 14 60
57 69 68 1 43 52
63 75 8 19 30 74
55 25 76 78 38 4
44 39 31 17 58 48
21 81 35 62 70 9
12 22 15 80 2 73
6 56 23 65 36 67
13 50 11 54 7 3
71 46 59 28 24 40
68 75 20 38 42 14
53 60 30 52 37 61
76 49 66 81 79 1
25 26 29 44 63 9
2 43 58 72 78 41
16 70 17 22 56 4
62 34 71 67 5 50
77 8 80 46 11 45
13 10 18 23 69 39
12 21 19 36 51 31
82 55 73 27 74 54
7 47 15 32 6 57
33 3 35 48 28 64
24 58 38 30 65 81
56 1 5 61 11 1 63 2
16 18 79 8 71 25
37 80 78 62 42 19
34 41 49 31 75 82
21 53 50 14 39 6
26 68 7 73 10 46
51 23 28 45 17 55
66 9 3 72 57 36
43 47 77 20 4 54
69 24 64 60 44 15
70 13 33 40 1 27
65 59 48 29 76 22
32 67 12 35 74 52
39 82 51 7 78 30
63 72 17 18 68 81
3 49 26 4 71 21
79 73 11 9 53 42
66 62 28 56 38 77
59 45 57 60 20 25
6 37 74 58 22 13
36 32 69 14 61 8
44 35 34 2 19 1
23 76 46 47 33 12
41 54 70 80 29 24
64 52 40 50 55 65
43 67 10 48 15 75
31 30 27 5 9 16
81 57 42 28 26 39
73 60 63 49 35 6
38 3 18 59 2 74
22 21 68 34 11 32
70 77 58 25 51 53
54 66 44 33 71 65
15 31 79 20 50 72
48 56 14 52 78 45
17 7 76 69 40 62
75 36 13 24 16 47
64 80 43 82 23 5
37 8 1 41 12 55
19 27 29 61 67 46
4 32 51 10 44 59
30 48 72 54 25 21
2 33 49 39 68 62
73 65 28 70 31 69
53 81 16 40 3 43
55 14 34 58 80 63
75 1 50 56 46 18
9 45 67 38 13 82
74 41 4 11 66 60
78 29 10 8 64 47
15 76 37 5 36 26
71 52 20 6 19 17
42 12 7 24 77 27
61 79 22 57 35 23
63 59 69 82 16 21
60 81 56 32 13 80
1 62 53 45 31 10
67 4 72 14 28 37
47 18 30 11 55 70
20 65 78 3 12 34
35 17 24 50 26 66
5 40 39 29 73 75
41 25 36 33 22 7
79 6 38 46 43 44
74 51 71 68 15 61
23 9 19 77 48 49
42 8 52 76 54 2
64 27 11 57 58 56
