75 59 5 34 37 19
29 25 13 76 43 48
64 68 27 40 15 16
55 58 41 24 17 51
70 31 3 56 44 32
61 60 50 4 53 35
72 20 74 66 54 52
47 46 14 69 33 71
57 23 38 49 45 62
1 10 9 12 18 63
39 28 22 2 36 30
26 11 67 42 8 21
65 6 40 24 7 73
51 29 53 32 52 68
23 37 20 70 35 55
43 75 33 38 9 60
59 46 41 4 56 25
13 39 49 72 47 26
3 54 71 63 73 64
14 21 10 30 76 45
7 2 18 19 44 27
16 31 58 11 22 57
36 62 6 74 67 5
15 69 34 12 50 65
17 48 66 42 1 61
52 28 70 8 24 60
59 38 51 44 35 10
30 71 21 58 43 18
7 4 5 49 16 9
37 3 53 6 76 26
32 69 11 62 61 2
28 75 54 48 15 47
23 25 27 39 65 66
46 45 22 67 72 29
42 33 19 31 12 64
73 55 1 56 74 50
68 57 41 13 14 63
34 17 8 40 36 20
49 43 44 6 66 37
23 4 69 76 22 24
29 15 9 58 70 42
31 53 54 62 10 65
38 47 12 27 32 67
35 72 56 68 71 17
18 8 51 75 74 13
21 52 36 48 1 57
61 30 34 41 3 7
39 46 50 19 40 63
64 60 2 55 45 25
33 26 16 59 73 20
5 11 43 14 28 72
9 6 32 22 17 10
27 13 69 54 21 35
19 47 29 8 57 3
74 24 49 71 50 31
63 16 46 60 34 55
28 33 11 53 25 44
65 59 68 36 18 42
52 7 56 15 67 76
20 66 45 75 41 12
73 39 58 38 14 61
2 1 40 51 5 23
26 64 48 62 70 4
30 63 74 37 29 33
25 3 72 50 10 36
15 66 60 71 11 59
76 18 28 20 61 46
17 16 1 13 65 38
67 68 55 69 48 31
45 35 24 32 5 39
30 9 23 54 26 19
8 27 6 34 14 4
37 22 62 21 51 7
58 49 53 64 56 75
47 44 40 41 42 52
57 2 12 73 70 43
60 32 76 65 19 72
67 24 61 16 30 54
9 48 50 27 37 11
45 4 3 15 51 33
44 36 58 46 23 13
55 75 42 6 57 39
5 38 70 53 18 47
10 40 26 56 69 28
22 63 35 43 52 64
29 21 73 66 34 49
14 12 17 74 59 7
1 62 68 71 20 25
2 41 37 31 72 8
18 54 56 33 6 45
36 19 43 61 55 15
22 5 73 60 42 48
70 65 46 52 49 30
50 64 44 20 67 14
25 34 57 51 26 32
16 68 47 10 23 74
66 62 12 35 58 28
24 9 59 3 13 2
8 7 39 53 1 69
63 27 76 17 31 75
4 71 38 11 40 29
21 70 6 41 50 16
54 12 55 68 49 22
57 74 65 9 61 64
10 13 67 33 5 66
48 63 8 45 58 59
18 60 14 3 40 62
72 30 75 44 73 4
43 51 31 47 39 20
26 56 36 29 27 24
25 19 52 69 38 37
7 42 71 28 32 23
35 41 34 11 76 1
21 2 15 46 53 17
