83 63 58 53 65 17
37 12 41 31 42 75
34 19 49 15 50 6
56 20 74 7 54 1
23 62 39 61 64 82
4 40 77 46 26 13
18 25 14 70 68 36
44 22 48 71 29 80
69 32 27 66 2 59
79 81 5 72 55 78
16 28 9 24 8 33
35 52 11 3 30 57
10 73 76 47 45 67
38 51 60 84 43 21
63 4 54 19 70 22
36 65 27 15 29 12
62 75 71 77 14 83
24 74 64 68 48 5
1 66 6 81 57 40
73 11 7 79 49 82
46 35 43 9 31 50
30 28 80 18 84 10
21 78 2 45 23 16
25 39 3 72 37 20
13 56 60 58 69 42
61 8 55 76 32 53
59 38 47 52 17 34
33 67 51 44 26 41
80 15 4 1 31 24
27 9 22 84 83 11
70 57 74 21 39 65
79 68 12 56 23 3
77 58 8 36 81 82
50 40 75 60 55 17
6 53 45 30 33 29
7 34 61 28 14 48
51 78 59 37 62 10
64 20 26 69 76 43
32 72 35 63 41 71
47 46 16 18 19 44
54 5 13 73 38 66
67 2 42 49 52 25
22 60 81 12 24 61
45 1 51 65 28 68
78 80 34 20 9 77
75 33 84 64 4 32
7 72 58 30 44 23
66 79 53 26 47 39
11 18 37 8 6 69
55 25 35 21 59 73
13 36 31 52 16 83
14 10 15 74 82 63
67 56 50 27 5 62
41 49 70 46 48 38
43 54 17 57 71 42
19 3 76 40 2 29
59 12 28 20 53 44
72 73 24 65 75 6
22 26 52 14 45 37
11 64 55 16 34 10
38 39 27 33 80 58
41 13 30 74 50 25
42 77 79 35 51 76
23 31 69 63 5 47
57 84 19 8 56 78
17 7 15 62 70 66
48 18 81 3 21 4
82 1 32 29 43 67
54 68 83 2 60 46
71 9 36 49 61 40
55 6 52 41 27 23
53 19 14 35 13 64
31 65 20 22 79 38
17 24 44 39 10 56
82 50 21 80 69 72
5 8 45 34 42 46
25 47 62 9 81 54
26 63 1 49 60 18
32 83 30 51 70 73
74 36 67 75 3 28
57 77 33 12 7 2
29 78 4 66 11 61
43 16 40 15 37 48
71 58 68 59 76 84
14 44 9 69 1 79
23 17 19 32 80 25
34 75 26 81 27 70
60 30 8 39 67 31
11 46 53 51 36 56
40 82 65 78 41 18
76 21 33 5 15 52
6 16 38 68 35 7
42 61 84 50 20 63
3 66 49 10 22 43
83 47 29 28 64 57
2 71 37 24 13 55
58 12 62 4 74 73
48 59 72 54 77 45
