43 59 55 24 22 45
23 1 26 39 29 34
2 63 28 13 64 21
41 58 62 37 35 5
51 49 27 57 38 33
47 3 32 46 56 8
19 14 66 25 67 12
17 31 44 30 60 7
36 15 50 40 65 42
10 53 61 18 9 20
6 68 48 16 11 52
54 67 4 56 37 69
27 26 66 45 5 47
64 59 29 62 21 40
28 33 32 19 31 36
8 44 52 53 42 35
51 50 11 20 43 54
61 4 68 34 38 55
46 7 49 41 25 2
6 13 3 12 22 58
39 69 48 17 10 63
18 30 65 23 24 14
1 57 16 60 9 15
4 26 1 5 50 53 1 28
25 1 52 34 64 27 58
61 45 67 36 41 11
65 31 2 29 38 54
32 18 57 59 69 6
30 62 20 63 56 19
9 51 37 48 42 7
21 24 15 49 47 35
43 68 23 60 3 10
14 39 22 66 46 44
13 16 17 55 8 33
12 40 69 28 61 1
34 19 37 24 50 31
9 65 68 25 64 47
44 56 51 29 5 6
48 20 22 38 15 41
60 59 33 58 2 26
52 17 43 62 66 54
11 53 3 14 55 21
49 32 42 23 12 16
10 13 46 4 36 1
35 7 18 27 63 67
45 40 39 30 8 57
3 17 59 15 51 34
54 41 24 44 16 53
10 25 22 32 29 11
12 62 9 50 2 27
68 37 67 26 28 8
1 5 40 43 49 14
19 21 4 39 6 65
57 60 56 64 48 36
47 63 52 33 61 23
38 35 13 69 30 66
42 45 46 58 18 31
55 20 5 7 39 32
16 28 10 65 27 56
53 29 17 67 57 50
13 24 25 62 51 61
21 44 36 26 9 43
31 3 20 52 69 49
8 12 60 41 18 59
22 54 63 68 42 1
2 34 30 66 47 48
35 15 45 33 14 4
7 19 58 11 40 38
64 55 23 37 6 46
53 62 39 68 36 51
20 66 42 59 28 57
32 34 60 13 54 14
26 21 56 22 52 7
15 12 31 5 11 64
29 27 43 46 48 30
63 8 49 4 58 65
37 47 18 17 1 38
2 61 35 3 16 19
6 10 24 40 33 67
69 25 50 45 23 44
55 41 29 9 52 28
11 46 62 65 57 26
49 37 39 27 53 13
24 4 17 20 2 68
5 33 25 42 18 3
66 50 64 1 32 41
69 60 51 47 22 19
56 23 40 31 35 9
38 14 63 16 36 59
21 30 45 54 12 10
6 7 8 61 34 43
58 48 15 67 44 55
56 66 18 50 49 68
25 28 38 35 39 60
59 54 9 5 19 13
42 26 64 14 17 61
33 65 12 44 43 37
3 1 62 48 45 53
36 58 69 7 29 24
57 55 47 31 10 41
40 32 30 52 4 51
22 11 2 8 23 27
67 46 16 34 20 21
15 6 53 63 26 25
