33 9 39 37 15 24
57 55 41 14 20 25
38 58 16 31 28 12
7 2 22 1 60 21
35 3 44 32 17 30
40 19 36 8 34 6
5 43 45 59 29 26
27 23 50 46 54 13
52 53 4 10 48 56
49 18 11 51 42 47
40 22 28 37 20 32
25 1 15 19 38 43
39 7 30 58 33 34
54 31 59 57 44 46
18 36 12 41 52 50
53 51 13 2 24 45
4 21 27 29 14 49
47 6 10 26 60 9
11 8 55 17 48 5
56 42 35 23 3 16
28 15 51 41 53 22
7 57 32 36 45 38
54 26 39 40 25 2
24 10 20 18 27 34
16 50 21 19 11 30
14 44 60 43 52 42
9 5 8 56 58 23
35 4 59 6 31 37
12 13 17 48 47 29
3 46 49 55 33 1
30 54 60 20 18 15
44 26 56 36 21 51
58 41 42 32 2 4
53 40 31 29 9 11
52 34 55 13 45 35
50 1 10 5 28 14
23 38 37 49 48 19
33 22 27 16 57 8
3 12 25 24 59 7
47 39 17 6 43 46
29 36 54 1 42 9
23 45 48 31 18 14
51 22 19 10 55 58
41 49 24 30 35 5
21 32 52 59 39 15
44 43 40 7 13 16
26 46 8 12 20 53
38 6 2 11 50 3
34 4 28 33 47 57
60 37 17 27 25 56
48 16 59 39 49 36
53 55 46 43 21 41
35 8 38 2 10 44
14 12 26 34 11 54
18 5 6 22 13 32
15 50 57 58 29 24
45 37 47 1 30 3
60 51 25 4 23 40
42 17 20 52 31 33
56 19 9 28 27 7
46 15 2 5 36 34
22 14 58 3 53 47
10 32 43 54 49 23
11 41 31 13 60 33
37 51 52 8 7 50
42 30 29 25 6 28
9 57 20 21 35 48
38 59 18 55 56 40
16 24 1 17 4 26
12 27 19 45 39 44
34 32 31 50 25 53
9 30 49 46 52 22
21 47 5 42 40 38
17 35 33 26 58 18
45 7 11 20 54 4
60 29 3 8 19 39
43 56 37 2 12 57
24 28 23 55 44 6
13 10 14 15 16 36
48 1 27 59 41 51
