53 49 22 6 10 27
47 43 11 38 14 15
29 45 23 3 35 44
2 51 60 50 54 58
28 31 30 33 25 34
9 32 48 26 16 52
56 18 20 17 24 39
12 36 13 55 19 1
41 57 42 4 5 21
37 8 46 59 40 7
58 28 9 48 15 22
53 17 25 3 32 51
14 30 11 35 13 20
43 56 42 12 45 2
55 50 21 18 59 33
23 34 16 24 60 27
29 52 31 19 37 57
54 39 40 1 10 47
36 5 26 38 7 44
8 4 41 49 6 46
21 59 23 11 9 17
57 48 35 24 15 18
39 12 19 22 32 14
33 7 31 51 56 16
27 52 42 41 3 25
53 46 43 5 13 54
1 34 38 37 6 50
26 60 28 40 36 10
4 44 2 47 8 30
49 29 58 20 45 55
25 22 11 16 43 18
13 39 48 42 50 7
52 28 5 54 1 12
27 31 41 59 2 14
8 58 55 34 35 17
57 6 3 60 9 36
30 49 37 32 56 26
23 10 15 4 29 33
38 47 20 46 21 51
44 40 45 24 19 53
27 25 54 36 55 57
2 3 5 9 14 49
34 50 22 32 4 7
46 35 15 39 42 1
31 53 6 23 20 52
19 38 40 12 48 33
45 24 26 21 11 8
18 44 41 10 51 37
16 59 58 30 43 13
17 60 56 28 29 47
2 36 46 53 23 57
11 33 54 42 48 34
8 19 27 50 1 5
9 20 12 7 37 35
47 6 59 28 25 45
55 26 3 15 16 41
56 21 14 22 44 60
29 10 38 32 31 13
52 18 39 30 4 58
49 51 17 43 40 24
50 23 12 41 47 26
15 45 59 56 34 36
3 8 22 31 20 54
37 38 28 16 42 19
25 60 48 44 49 39
51 13 40 35 21 52
14 33 1 18 53 4
46 30 29 9 27 43
7 24 10 17 55 2
57 5 32 58 11 6
36 47 21 48 31 49
13 18 42 60 23 8
35 54 9 56 27 38
14 3 24 28 46 50
39 33 10 45 52 43
15 58 25 37 12 53
40 17 57 22 41 30
59 51 4 20 26 19
44 1 32 7 55 11
5 34 6 16 2 29
25 9 47 58 24 13
18 12 60 31 46 45
52 37 36 17 50 8
20 41 32 33 44 28
10 22 4 5 59 35
11 26 51 27 2 39
1 53 16 42 21 29
30 7 19 15 54 3
6 55 14 48 56 40
43 38 23 34 57 49
50 27 4 44 12 31
42 5 10 25 36 20
33 41 24 60 58 1
45 16 17 54 14 46
19 35 32 21 43 2
49 7 56 52 11 53
26 13 37 22 57 28
23 30 55 39 38 6
59 8 48 51 15 29
3 9 34 40 47 18
10 19 50 11 46 56
7 58 21 36 28 27
6 17 44 13 33 49
45 1 30 48 23 51
32 40 15 5 18 31
55 37 43 60 4 3
34 54 53 41 39 9
2 52 24 38 22 59
14 29 35 26 42 25
20 16 8 47 57 12
