23 55 11 64 29 49
7 39 28 54 62 1
56 43 34 60 50 40
9 42 59 48 24 45
38 32 10 52 5 27
16 17 41 6 30 2
15 57 35 33 21 26
8 3 4 31 19 53
14 37 65 13 12 46
58 47 22 18 20 63
44 36 25 51 61 32
26 30 48 52 45 21
27 49 34 2 1 3
60 4 10 12 16 64
13 63 19 53 11 7
8 56 14 61 54 18
40 59 29 9 65 38
47 6 42 57 44 22
20 55 39 41 43 24
62 51 37 15 23 5
31 36 33 25 17 58
46 35 9 50 28 11
52 1 30 12 59 1 1 7
45 47 3 1 61 10 57 1
40 64 1 54 26 16 51
63 29 33 56 32 39
24 50 22 23 53 14
35 34 65 42 31 44
43 18 21 19 36 5
17 6 20 15 8 28
25 13 49 41 38 60
62 2 58 55 48 37
46 27 61 33 4 24
5 31 34 11 64 56
20 53 42 36 9 52
10 18 7 49 50 17
48 38 8 39 22 65
1 25 27 57 63 26
2 13 15 12 59 47
14 19 30 23 37 60
44 6 4 29 58 54
3 43 51 28 45 16
35 40 32 55 41 62
22 21 59 46 10 17
24 2 63 57 36 8
13 52 54 23 31 50
5 4 30 65 42 33
28 29 26 14 34 41
62 64 43 38 21 58
3 9 60 32 46 44
20 16 47 25 35 37
39 40 61 19 12 27
15 53 51 48 49 56
11 45 18 6 1 55
7 23 44 43 8 59
29 46 5 30 20 35
37 24 61 63 28 31
21 53 41 27 54 47
19 26 64 36 49 6
57 11 38 18 60 48
32 7 45 4 56 2
50 15 55 16 65 1
42 58 3 17 14 40
34 52 62 51 12 22
39 33 25 10 9 13
31 48 43 30 47 46
54 5 50 45 19 2
55 44 38 21 28 14
24 60 15 52 41 58
27 62 36 59 11 16
9 63 23 18 34 4
22 3 29 7 26 25
53 40 37 6 39 10
49 65 12 20 32 57
33 51 64 1 42 8
17 35 62 13 61 56
52 46 19 47 25 55
40 48 36 7 37 4
34 39 53 59 14 5
28 22 18 16 27 31
45 42 63 49 15 20
1 17 9 60 43 54
21 24 57 51 13 29
35 33 12 3 38 6
32 26 50 8 58 30
65 10 23 11 61 2
56 37 41 64 44 1
28 57 13 4 22 40
6 9 31 62 38 7
30 21 16 39 8 49
2 52 53 18 29 35
41 59 20 50 33 61
58 65 56 27 23 3
5 26 12 24 47 17
36 64 63 46 14 45
34 19 44 10 15 48
11 54 42 43 25 32
60 51 59 55 4 35
61 28 52 5 58 49
1 23 20 3 40 21
50 18 19 44 62 24
32 27 48 64 13 17
45 60 57 37 31 39
54 55 36 22 30 34
14 7 16 33 11 47
12 15 43 29 25 53
56 46 38 26 2 42
65 41 6 10 63 51
8 27 13 9 5 55
4 17 11 44 52 39
25 64 15 30 24 40
38 16 23 53 57 46
48 12 3 63 41 50
61 7 6 21 34 32
47 56 28 36 59 65
49 18 26 37 33 43
58 45 1 22 35 19
29 8 60 42 62 10
2 14 31 51 20 9
59 54 57 64 3 52
