3 25 56 22 10 46
5 19 47 51 50 14
27 1 37 15 29 12
26 16 23 55 20 34
53 28 33 42 21 36
40 41 39 6 9 54
49 13 2 38 48 11
35 17 4 52 7 30
44 8 45 43 57 24
32 18 56 31 50 55
46 9 29 23 5 42
10 40 13 37 36 33
54 3 27 2 34 4
30 20 45 53 38 47
1 44 16 52 18 25
12 14 7 8 11 39
24 22 6 48 21 15
57 28 17 49 51 32
35 43 19 41 31 26
38 1 52 9 36 1 27 10
18 1 5 11 25 37 53
7 55 24 29 3 50
42 16 22 4 13 51
32 43 2 30 39 23
6 47 31 34 33 17
44 15 28 8 56 35
46 12 48 20 57 41
26 40 21 14 49 1
11 30 19 45 54 16
23 53 52 13 31 24
27 55 43 37 6 28
34 48 32 56 7 9
36 49 12 50 35 22
45 25 14 41 17 29
38 54 26 5 44 33
10 51 21 8 2 20
19 42 57 39 1 3
18 46 4 40 47 15
36 7 41 56 23 27
48 33 9 16 53 43
22 8 52 55 54 5
20 39 31 25 24 49
4 29 6 26 32 10
28 34 50 1 45 13
17 2 37 19 46 44
47 18 57 21 11 35
30 38 51 12 3 40
15 24 10 42 14 54
31 48 5 36 4 1
39 53 34 29 22 44
7 2 25 47 26 28
21 12 55 9 19 13
45 35 46 33 32 27
51 52 3 11 6 23
49 41 30 18 42 8
20 15 50 17 43 40
14 56 38 16 37 57
44 27 39 13 47 48
9 36 11 24 26 46
51 1 55 41 35 53
54 10 17 28 12 18
50 23 8 25 4 38
3 16 21 15 32 5
33 49 20 29 19 52
6 56 40 2 45 42
37 22 7 57 30 31
43 14 36 34 38 18
