18 29 20 9 28 19
30 6 15 10 2 25
1 26 8 14 32 5
21 7 23 12 17 13
31 24 11 27 3 16
22 23 28 4 17 30
31 1 16 21 24 27
15 10 20 13 19 29
2 11 26 8 5 22
4 7 32 6 9 25
14 12 1 18 3 10
9 2 24 31 26 20
8 25 12 13 4 16
27 18 14 28 32 17
15 23 11 29 6 21
22 30 3 19 7 5
28 15 16 1 4 29
2 13 31 32 11 25
20 3 8 22 18 17
23 6 24 12 21 10
30 27 9 14 26 7
5 23 18 15 25 19
1 21 11 2 22 20
10 13 7 14 28 4
17 27 26 3 9 12
30 8 19 32 16 6
17 31 29 24 5 13
12 2 18 4 15 9
26 16 22 10 28 31
25 14 21 24 32 30
7 19 3 11 29 8
6 20 5 23 1 27
3 15 26 19 18 31
1 9 32 17 11 6
10 24 14 25 22 4
20 27 28 8 13 21
5 30 2 12 16 23
29 14 22 7 31 6
9 23 17 16 8 18
25 24 3 15 5 27
20 12 32 30 21 28
19 10 4 7 1 2
11 13 18 26 29 30
21 17 15 8 32 10
28 26 13 6 2 3
24 22 1 23 20 4
16 19 14 27 12 11
25 5 31 9 7 29
24 28 8 11 14 30
16 29 2 18 25 1
7 22 17 23 19 26
5 4 12 32 31 15
27 10 6 13 20 9
21 31 22 3 1 14
28 11 7 18 15 24
3 4 21 5 16 9
29 32 23 2 8 27
6 19 12 20 17 25
13 30 1 26 10 5
16 25 7 29 3 28
11 9 10 31 30 23
32 27 13 22 12 15
4 8 6 26 18 21
17 14 2 19 20 24
