37 10 34 63 67 36
31 56 1 41 6 77
44 28 59 19 7 72
48 49 58 3 43 22
75 21 8 30 5 12
71 25 57 51 14 78
20 29 11 42 53 50
65 47 23 55 46 24
15 60 61 26 64 9
62 45 52 2 76 32
38 27 40 16 35 73
39 4 68 18 13 54
70 17 66 69 74 33
3 57 44 53 31 21
14 28 48 47 67 77
72 9 1 36 71 50
58 29 46 32 78 45
8 61 62 23 35 25
73 22 18 11 13 52
56 65 69 34 2 40
5 70 16 4 15 43
17 39 30 59 37 38
64 75 41 68 42 33
7 27 55 6 49 60
12 51 74 76 63 20
19 54 10 66 26 24
13 73 65 57 8 72
46 18 2 5 14 67
38 11 32 56 70 36
58 21 64 39 25 53
50 33 9 48 34 4
76 42 77 30 55 71
63 40 15 1 66 68
49 54 59 52 41 74
29 19 17 47 43 31
23 12 7 26 69 27
45 44 61 10 24 22
78 60 62 28 20 16
35 3 6 51 75 37
48 38 53 65 5 76
58 55 66 67 59 71
32 30 14 15 50 49
74 23 36 13 64 2
21 34 47 61 68 73
24 62 56 43 12 39
70 37 57 25 41 18
20 10 75 40 7 17
72 63 26 16 29 6
28 31 9 69 11 45
19 33 22 46 51 8
60 1 42 54 3 52
27 35 78 77 44 4
70 59 18 71 62 21
73 36 25 5 66 7
43 68 26 2 57 50
31 69 38 75 58 24
46 11 6 12 34 8
61 53 28 40 54 32
41 27 3 39 45 20
14 13 16 19 42 56
44 67 30 9 74 29
64 52 63 48 55 35
4 23 76 22 60 37
33 78 10 72 47 15
77 1 49 17 65 51
50 12 54 7 58 36
38 46 68 62 26 3
66 9 42 8 39 70
28 63 13 30 24 27
20 4 64 14 73 31
69 52 37 16 44 47
43 77 45 25 6 40
57 32 55 1 5 34
10 17 2 78 48 11
67 41 53 60 72 51
74 18 75 65 19 61
35 22 76 29 15 59
33 71 23 56 49 21
7 47 64 45 8 38
24 52 70 14 20 34
54 62 43 55 9 78
40 4 51 26 30 11
31 42 25 28 10 46
6 36 48 57 59 61
50 22 5 27 37 56
15 71 41 12 17 13
2 16 39 29 75 1
49 66 23 44 18 53
77 58 35 74 68 72
67 3 73 76 69 19
32 33 21 60 63 65
26 40 55 36 22 14
37 41 7 62 48 46
47 61 27 70 2 42
34 71 54 64 16 31
52 15 57 77 23 75
18 6 20 9 30 58
11 5 19 49 39 63
17 72 24 4 32 3
33 76 13 25 1 44
68 8 69 53 59 78
51 43 28 21 38 66
45 12 65 35 50 67
56 74 60 10 73 29
40 47 5 23 9 41
34 19 15 42 62 58
49 2 20 37 72 54
8 18 48 36 31 27
76 14 43 61 11 33
67 26 32 75 78 13
3 7 29 66 77 65
21 35 4 69 10 6
71 38 60 63 45 57
68 30 25 52 56 17
1 70 12 22 64 28
39 73 51 55 50 44
53 16 46 59 24 74
72 66 14 27 75 62
78 34 26 18 76 49
2 8 63 41 4 58
11 56 47 54 57 35
52 61 5 33 28 29
50 31 3 13 40 70
6 74 39 22 32 71
59 65 30 64 43 10
60 36 44 42 46 17
24 21 67 1 15 7
9 53 37 73 77 12
55 25 69 38 20 19
45 51 16 68 48 23
