1 11 15 59 8 9
13 60 52 16 17 7
29 42 32 63 30 50
47 58 26 4 43 3
40 44 27 28 6 2
21 31 24 57 49 51
67 33 25 55 68 19
65 14 34 12 66 54
35 10 48 5 56 46
18 61 22 62 53 45
23 38 20 36 41 39
13 37 25 64 30 47
44 8 12 51 26 27
19 28 17 10 42 24
40 33 54 9 5 57
14 46 53 36 52 43
68 64 66 11 7 41
61 32 45 15 56 4
3 1 34 35 39 2
58 38 31 60 65 62
55 23 48 22 16 29
59 67 37 49 50 6
63 20 66 18 21 28
15 41 30 46 57 26
45 2 42 8 31 25
58 36 4 24 40 22
29 1 47 67 65 52
62 48 14 20 11 13
18 50 54 61 55 7
56 51 16 39 64 33
12 60 35 68 37 21
6 10 63 9 34 38
27 49 23 53 3 17
19 43 5 44 59 32
1 20 58 51 61 42
41 4 2 12 48 67
11 60 33 50 45 35
66 39 65 10 13 53
9 22 31 44 47 14
27 5 30 43 24 16
15 52 38 37 19 23
3 57 54 25 28 56
34 55 59 17 40 62
26 68 18 49 32 36
29 21 46 6 7 8
63 35 24 14 23 64
20 10 60 43 15 67
56 27 57 38 66 22
17 65 37 33 26 44
19 21 39 40 61 30
16 36 45 59 47 42
52 51 32 48 25 34
7 63 12 11 58 49
46 13 18 50 9 1
8 4 62 53 68 28
55 6 41 31 3 5
64 29 60 2 54 36
39 67 44 24 25 11
33 23 47 30 18 12
46 51 68 22 63 65
42 49 40 13 56 41
34 19 27 26 20 7
57 14 17 48 45 6
61 9 66 52 3 35
16 31 50 38 8 43
10 59 21 4 54 29
28 62 64 32 5 1
2 53 55 37 15 58
57 42 44 23 34 60
65 24 6 52 18 56
54 45 19 41 63 51
32 7 3 33 14 38
50 15 48 39 47 68
16 11 37 28 46 61
25 29 40 1 66 43
22 26 67 5 13 21
8 30 36 58 17 10
64 9 49 4 27 55
53 12 59 31 35 20
62 43 63 2 57 33
68 24 3 45 29 13
66 44 17 54 16 15
49 61 8 48 64 65
38 28 51 30 35 55
20 32 40 23 46 31
56 53 11 47 34 21
7 37 5 42 39 4
26 2 50 52 22 10
36 62 1 6 12 19
14 67 18 27 59 58
25 9 53 60 41 16
34 4 28 31 33 13
45 52 68 30 44 20
5 12 61 17 38 29
47 19 49 66 2 46
39 55 8 32 60 57
43 54 6 42 22 11
35 25 15 65 27 36
51 18 10 37 40 3
24 1 59 26 48 63
7 56 9 67 62 23
41 50 64 21 58 14
