17 66 31 1 6 36
54 79 74 26 53 8
91 32 56 43 21 22
15 30 90 51 82 60
9 57 61 29 65 63
28 62 78 39 67 76
41 5 84 45 48 19
73 35 80 25 4 24
92 42 69 20 71 58
10 49 3 70 89 23
7 88 55 34 81 27
14 47 83 46 37 85
86 2 87 59 77 44
16 13 33 11 75 38
18 68 50 40 64 12
52 80 61 5 74 72
6 84 78 20 8 90
35 79 30 62 3 73
58 56 49 1 7 24
39 42 34 4 15 9
37 19 59 53 43 28
60 27 63 26 85 44
36 18 13 2 46 57
65 48 81 92 64 21
12 52 10 47 91 45
23 66 86 75 41 40
25 31 11 83 69 68
33 82 55 87 29 76
51 70 50 32 38 16
72 14 67 22 77 88
71 89 62 15 17 54
85 5 49 13 21 39
26 20 63 4 28 10
23 9 78 44 43 84
60 53 46 31 61 58
47 76 36 86 34 25
59 56 80 50 38 83
51 87 1 67 12 65
79 18 17 22 75 7
48 91 70 55 69 72
71 27 45 19 64 57
82 41 37 2 3 24
92 90 77 29 16 89
14 81 8 11 30 52
35 32 6 42 40 74
33 68 54 73 88 66
28 47 80 44 7 51
49 60 65 34 75 20
12 48 27 78 56 25
36 37 23 5 22 62
13 77 4 1 92 50
70 9 30 41 86 58
26 42 17 59 29 11
55 66 71 52 8 24
31 85 89 73 45 32
64 74 43 63 33 67
91 40 54 83 90 87
57 38 21 84 3 53
72 68 2 10 81 15
16 19 14 35 61 76
88 6 69 18 39 82
46 11 28 71 41 79
62 31 59 51 9 52
33 92 56 60 25 32
23 83 34 90 74 58
64 89 4 53 87 66
37 13 91 7 84 26
8 2 29 80 85 48
76 15 19 6 49 47
57 55 63 12 22 35
42 38 65 79 88 5
24 70 27 68 17 14
81 20 67 86 16 36
77 82 73 46 43 75
69 40 39 30 1 10
54 18 21 61 44 45
50 19 78 3 72 26
64 80 60 76 11 9
38 6 25 85 52 23
89 49 92 79 57 83
81 53 51 42 33 41
91 35 77 31 28 82
74 1 68 55 59 5
16 30 8 88 17 37
56 90 86 62 63 18
87 73 72 21 47 71
69 45 54 34 13 22
78 58 7 4 14 40
20 2 43 70 61 12
10 24 75 48 15 67
27 84 29 46 50 66
36 3 44 39 65 32
18 76 85 53 77 30
19 23 1 82 83 42
6 8 64 49 62 91
45 86 31 14 78 79
88 57 41 47 60 74
75 26 4 71 61 56
29 34 70 40 28 13
43 52 3 87 36 68
90 17 48 38 58 12
84 80 81 65 69 89
55 25 46 21 51 10
63 72 39 24 92 59
67 44 11 66 37 15
35 7 33 50 54 20
9 27 22 5 73 16
32 79 64 2 30 47
62 68 34 77 48 61
69 4 41 36 29 49
87 74 46 56 70 81
43 72 90 65 76 57
8 58 25 89 67 13
21 50 35 60 86 6
15 16 40 3 55 31
22 1 71 33 80 10
52 37 42 27 18 73
82 66 38 45 26 9
78 51 17 63 83 2
88 75 44 85 91 92
28 59 14 54 12 84
32 24 53 20 23 5
11 7 57 19 39 86
79 36 21 80 90 70
47 16 3 48 42 60
49 71 40 37 81 43
8 63 38 34 46 1
74 29 22 44 31 64
28 52 88 56 2 89
75 13 83 9 53 55
12 4 30 54 11 72
73 23 69 50 17 76
10 65 85 66 62 19
25 39 20 14 87 91
41 24 77 7 6 27
92 51 45 68 26 35
58 5 33 18 78 15
61 59 84 67 32 82
29 60 1 86 54 37
76 44 52 4 57 48
21 12 9 69 8 19
64 83 20 3 13 88
6 10 14 56 73 34
40 46 62 72 24 45
68 91 15 63 36 53
7 65 16 74 71 2
30 67 26 80 23 31
33 25 77 17 84 49
89 47 41 38 55 18
22 11 92 70 78 82
61 85 50 90 28 42
66 5 75 59 35 81
58 43 51 27 39 79
32 69 7 87 62 60
80 20 44 68 19 46
24 34 37 31 21 33
76 89 84 40 63 56
53 67 29 3 71 6
15 92 61 17 86 52
2 45 90 73 55 11
38 54 47 39 78 75
57 27 5 30 87 28
85 58 36 72 64 35
43 49 13 66 14 42
83 12 41 77 10 32
74 50 48 82 9 79
81 88 26 1 25 70
91 4 18 16 51 23
65 22 40 8 59 47
67 31 2 19 54 92
61 86 3 27 33 69
24 36 71 30 60 38
75 45 87 42 63 80
58 76 68 37 32 29
66 1 28 78 21 74
77 15 51 23 56 64
83 73 8 5 70 7
9 72 65 25 14 18
11 34 17 57 50 91
48 22 59 89 46 6
81 82 62 13 44 12
90 10 53 49 35 88
39 26 43 52 41 16
55 79 85 84 20 4
