30 47 52 60 3 29
21 38 18 49 31 34
46 41 57 20 54 24
25 58 37 19 14 51
45 55 62 64 9 10
61 12 28 36 42 23
16 56 4 40 32 15
7 27 59 39 8 22
43 48 6 2 1 13
35 50 11 17 44 53
5 63 3 26 57 33
32 20 9 28 18 58
19 22 16 36 47 31
42 37 49 45 43 7
41 53 64 27 51 12
29 25 34 54 13 23
10 26 40 35 2 24
55 60 50 38 48 5
39 1 62 14 52 17
63 33 4 8 61 30
59 15 46 6 11 21
18 26 44 45 56 54
9 49 7 1 40 50 57 1
5 34 16 1 28 10 1 41
43 19 39 23 4 3
62 20 63 2 22 29
56 17 31 55 51 46
13 6 35 37 8 64
52 33 24 27 36 15
48 47 53 61 32 25
11 60 58 12 21 1
44 42 59 38 14 30
28 16 50 54 62 37
34 9 36 56 43 26
49 2 64 52 19 25
41 11 23 4 7 48
46 42 1 47 35 27
57 30 45 22 15 53
10 17 61 58 38 6
14 24 18 63 12 55
3 51 44 40 8 20
32 59 60 33 31 13
21 5 26 29 39 16
1 23 56 22 30 10
38 54 19 53 24 11
3 45 27 50 34 58
57 36 25 18 35 59
8 5 2 12 32 42
51 6 39 60 62 49
17 37 41 47 63 9
46 40 14 48 29 28
52 21 55 33 44 7
15 31 20 43 64 61
13 50 22 4 18 12
24 23 45 51 59 47
53 28 8 10 60 56
30 27 48 9 5 19
54 36 17 21 3 2
62 40 43 25 41 33
31 4 14 6 52 20
34 13 42 11 39 63
7 64 38 26 46 32
55 49 35 16 58 15
37 57 29 1 61 44
22 25 6 9 24 3
51 54 43 5 10 52
64 23 32 50 14 21
62 12 34 7 35 30
33 48 39 20 56 37
26 53 4 59 49 1
58 63 27 31 44 40
15 18 42 60 17 19
2 28 47 57 11 55
29 38 8 36 45 41
61 13 52 16 46 9
58 64 54 48 59 22
50 25 31 42 39 26
1 28 51 63 15 7
12 10 47 20 33 49
24 16 8 17 29 43
56 27 57 13 62 38
19 61 45 35 41 21
44 2 60 4 34 46
18 53 40 23 6 5
11 37 36 30 55 32
14 7 10 3 57 16
