5 20 46 54 42 40
24 9 62 41 22 35
49 61 44 13 2 45
68 25 36 37 67 74
32 65 51 27 30 16
52 15 53 19 29 58
55 39 10 64 57 26
12 33 63 18 47 21
31 28 48 73 71 23
14 34 1 43 38 60
72 11 17 69 6 50
4 66 70 8 75 7
56 55 74 3 59 13
10 27 53 47 68 40
18 49 37 57 51 5
39 48 54 35 1 21
6 2 22 65 43 33
69 52 12 8 28 9
45 72 32 36 15 42
64 44 34 7 31 41
19 66 16 38 23 25
75 59 58 60 11 62
46 61 71 67 56 24
73 29 70 26 50 14
20 4 63 17 30 3
65 1 18 57 74 48 7 1
36 1 1 6 31 8 2
21 23 10 51 43 62
66 46 39 53 69 59
38 40 41 13 72 73
35 60 27 25 63 52
42 4 12 14 49 64
55 45 24 70 30 58
28 22 16 15 34 5
75 19 37 71 3 50
67 26 44 9 20 47
61 68 29 11 32 33
8 56 54 17 23 18
72 24 2 66 51 52
57 13 27 70 62 31
63 53 71 74 42 6
65 25 49 47 50 34
38 58 14 35 33 67
43 54 41 68 26 75
3 64 36 17 1 59
20 16 61 29 22 10
40 39 32 37 12 55
9 60 73 7 45 5
11 21 30 19 46 28
4 69 15 56 44 48
51 8 13 34 71 68
58 31 65 3 10 66
43 17 27 41 55 49
75 74 50 1 32 20
28 62 26 42 18 25
22 53 57 36 21 4
40 19 33 24 44 60
6 45 46 7 12 29
23 35 47 61 5 69
30 9 38 54 37 15
48 67 52 11 70 64
16 2 56 39 63 73
18 14 59 68 20 72
26 58 17 44 12 71
28 74 43 66 61 60
5 50 55 33 53 31
15 64 51 13 75 35
42 41 30 69 10 1
72 67 39 27 19 34
70 36 56 40 6 9
21 7 3 32 25 2
49 38 63 62 29 48
16 14 11 54 57 24
47 37 8 59 73 22
45 52 4 46 65 23
43 35 70 44 53 18
32 5 21 67 17 13
29 42 9 2 75 55
14 40 31 63 28 51
50 60 68 22 64 56
23 36 8 58 20 39
62 54 65 12 73 19
52 59 61 30 6 26
24 47 11 4 38 74
48 34 66 10 37 45
49 33 1 16 7 72
25 41 3 57 46 15
71 69 22 27 32 55
62 5 30 44 39 14
65 35 42 40 11 8
74 10 19 2 70 17
12 48 75 53 36 61
34 3 73 52 24 18
59 51 67 50 41 4
20 7 38 56 27 28
37 13 69 58 16 43
33 71 45 25 54 64
1 63 57 9 68 23
60 31 72 29 47 46
15 26 66 49 21 6
22 17 7 39 52 42
36 73 44 51 55 11
53 62 3 16 8 67
50 27 54 61 58 4
59 24 25 48 5 43
34 57 75 33 56 30
64 72 28 65 70 37
1 18 29 71 66 40
10 9 35 46 74 49
31 69 68 21 45 38
6 47 19 41 14 32
2 23 20 60 15 12
26 13 7 63 65 36
