10 40 4 22 6 12
14 39 34 29 30 37
24 41 18 11 26 36
38 2 15 35 9 31
17 1 21 25 32 23
8 16 13 7 28 19
27 20 33 5 42 3
23 29 31 18 10 43
9 14 16 40 13 39
37 7 27 15 17 11
4 3 41 32 2 34
8 24 26 5 33 22
21 43 19 12 1 20
30 28 25 42 6 35
36 32 16 29 27 38
31 1 39 15 21 1 20 8
22 1 19 35 43 11 34
28 12 40 30 2 17
7 25 1 14 33 3
24 38 5 13 41 23
37 42 36 9 10 26
6 17 7 4 18 21
2 35 27 13 19 24
41 37 12 42 8 23
15 40 5 4 1 29
11 10 16 3 32 30
18 31 25 28 39 38
34 33 6 43 36 9
26 22 42 20 14 17
31 19 38 40 3 7
32 4 43 9 24 37
28 16 26 12 34 15
41 35 1 21 39 6
23 20 11 29 33 13
22 36 10 2 25 8
14 18 30 27 5 12
38 13 6 26 34 17
10 3 29 21 28 24
42 11 14 31 4 2
39 5 32 36 15 19
25 43 22 16 27 41
30 7 20 1 23 9
35 37 8 40 18 33
12 13 4 25 29 36
34 27 31 1 5 10
23 26 33 16 40 2
20 22 32 35 7 18
19 30 42 6 15 24
3 11 39 17 8 43
41 21 9 37 14 28
38 23 30 19 26 4
20 34 40 27 24 25
2 43 5 7 21 42
22 8 29 1 38 37
36 6 14 32 11 28
15 9 13 3 12 18
16 17 35 10 31 41
33 4 28 39 22 27
43 23 24 8 15 14
36 21 3 26 35 40
39 12 10 11 38 7
6 37 32 31 5 20
18 42 2 34 16 1
19 29 9 17 41 25
33 30 21 13 31 22

