45 23 46 14 26 20
47 18 29 27 38 36
34 2 22 31 7 33
17 41 40 1 8 28
3 12 9 44 10 11
21 42 16 19 30 5
35 24 6 25 32 15
4 43 48 37 39 13
18 17 28 34 31 29
11 38 33 8 23 16
5 27 15 10 40 14
44 6 4 22 30 45
1 3 37 7 39 32
13 42 12 46 36 41
25 19 35 26 47 48
21 24 20 43 2 9
11 30 14 31 39 18
8 46 10 37 7 6
40 32 44 26 33 42
16 29 25 21 41 22
20 17 13 3 19 27
1 43 38 4 45 35
24 12 2 28 5 47
23 9 34 48 15 36
25 18 14 42 37 20
8 11 31 26 21 27
10 43 39 17 47 16
30 48 12 32 1 22
19 28 15 46 44 38
29 9 24 13 7 45
36 4 23 2 6 40
5 41 35 33 34 3
38 37 26 12 21 17
16 48 7 15 18 44
47 20 32 29 4 11
39 25 41 2 27 45
5 40 34 19 46 43
28 35 10 23 13 30
14 36 8 22 24 3
31 1 42 33 6 9
45 47 11 37 15 40
7 10 21 48 20 41
13 8 32 18 2 5
33 12 19 29 14 6
46 17 27 30 35 36
28 22 38 42 9 39
44 3 25 23 31 43
16 34 26 24 4 1
45 21 33 18 36 10
6 22 48 17 11 5
7 27 43 32 23 28
20 16 39 40 35 12
2 26 29 15 42 3
14 13 44 47 1 34
41 31 37 24 19 38
30 46 4 9 8 25

