5 34 35 23 22 6
14 16 8 25 15 26
18 40 1 31 13 28
39 32 41 36 24 12
2 20 37 19 27 38
17 3 11 21 7 33
9 10 30 29 18 4
27 31 1 38 5 32
6 26 20 41 21 11
23 25 36 30 33 13
35 17 14 10 3 39
40 7 29 12 22 16
24 37 15 34 2 28
4 9 38 19 8 26
25 1 10 13 12 5 1 1
35 1 2 36 11 31 14
29 24 41 23 4 7
28 17 32 3 8 20
37 34 33 6 16 9
39 18 27 22 21 15
35 30 26 40 19 24
2 1 4 33 14 32
5 28 15 36 29 17
11 38 16 10 41 18
13 21 40 25 6 8
9 20 27 7 30 39
19 12 3 31 37 23
34 36 13 22 38 2
33 35 20 26 18 5
15 7 17 37 25 30
12 27 6 28 24 3
9 23 41 10 31 21
14 40 22 19 32 4
8 39 34 11 1 29
16 25 28 26 23 2
3 6 18 32 9 36
21 39 37 4 40 5
7 12 14 38 30 34
1 13 17 27 41 35
8 33 31 24 10 22
15 29 16 20 11 19
26 4 12 27 17 2
1 8 10 7 36 18
31 38 6 16 23 39
24 11 25 5 9 22
41 3 33 15 34 40
14 19 37 13 20 29
30 32 21 28 35 11
3 36 27 4 16 24
40 12 23 1 14 9
32 26 31 13 37 7
34 22 25 20 28 10
35 21 29 33 15 38
2 39 5 8 41 30
18 19 31 17 6 34
38 29 10 25 27 40
32 13 23 39 15 9
36 11 8 37 35 12
22 30 1 16 26 3
14 2 24 17 18 21
41 5 7 33 28 19
20 4 25 6 1 35

