44 43 53 41 18 40
42 15 51 35 47 23
52 8 13 11 45 32
9 38 3 10 5 37
26 21 22 39 25 4
46 50 27 16 12 20
2 24 33 29 30 14
7 34 49 48 28 1
8 17 31 6 19 36
42 39 27 11 43 13
15 5 44 22 29 25
1 10 7 47 53 52
33 17 45 49 37 26
24 16 23 19 40 38
46 28 51 32 31 30
2 12 36 21 41 48
34 20 6 14 18 9
4 3 40 50 29 35
45 1 23 43 46 22 1
28 8 47 27 37 21
20 52 5 30 48 17
6 10 50 24 36 15
9 49 2 3 19 39
25 33 38 53 42 12
18 32 16 7 35 26
4 51 41 34 13 14
31 11 21 1 44 9
29 48 37 42 6 46
18 27 12 5 45 24
25 47 32 19 50 34
3 14 53 26 23 31
7 4 43 17 2 10
30 11 38 49 15 41
22 40 36 51 52 33
44 35 28 8 20 39
13 53 2 16 6 5
30 1 18 3 27 25
45 15 19 14 7 42
35 12 17 28 22 11
40 21 10 49 32 20
23 9 13 33 29 8
41 39 46 47 24 4
26 50 48 38 44 51
16 34 37 52 31 43
45 36 29 53 20 28
41 6 25 23 27 10
32 19 48 15 4 33
5 39 11 40 51 7
24 42 3 34 44 17
12 1 50 37 2 8
31 49 22 47 13 18
21 14 35 38 46 52
43 26 16 36 9 30
28 33 42 50 41 5
20 25 24 13 7 31
37 46 19 18 11 53
51 45 6 43 3 21
10 8 14 48 16 22
27 26 34 2 35 15
17 38 29 39 1 32
36 52 49 23 4 44
40 30 47 12 9 45

