27 91 67 26 32 35
61 93 50 3 1 86
88 24 64 41 30 14
18 37 94 8 36 44
95 84 71 10 74 13
29 4 92 87 47 15
19 52 49 22 5 83
85 58 96 81 16 82
68 39 69 9 46 6
57 56 53 76 34 54
66 62 70 77 7 25
79 33 45 17 48 43
80 63 90 72 73 42
60 38 89 23 65 75
51 55 78 21 59 20
2 11 40 12 31 28
50 16 18 49 39 29
5 85 13 53 37 64
70 36 41 1 81 35
34 22 77 10 61 87
84 8 73 17 3 96
38 9 90 15 57 30
62 65 59 52 69 43
94 20 72 27 54 6
55 66 2 45 89 74
4 78 25 44 14 23
19 32 82 31 79 88
68 21 92 91 63 24
42 11 26 51 56 93
76 60 95 47 28 48
46 12 40 75 71 7
58 83 67 86 33 80
85 17 22 36 62 1
52 13 34 78 94 39
81 90 45 53 27 88
31 4 41 8 16 89
25 51 91 5 61 73
15 79 24 20 66 11
72 29 37 84 75 28
12 23 26 69 19 87
57 64 68 18 93 47
54 2 10 63 7 38
92 60 70 67 96 49
76 82 30 33 44 59
42 6 32 71 86 43
14 58 65 50 46 77
83 56 3 55 95 9
48 40 21 80 74 35
19 15 94 41 45 51
52 18 91 53 17 89
1 49 27 78 24 37
10 69 11 16 67 73
43 38 96 4 12 76
61 62 29 68 88 58
42 30 31 46 83 23
77 79 92 81 95 80
90 48 84 59 54 64
65 93 25 6 40 22
82 70 21 5 34 9
36 3 63 20 14 13
7 50 33 72 26 55
35 71 60 44 57 2
28 87 74 32 8 85
86 75 47 39 66 56
24 52 16 84 61 12
22 31 29 45 91 95
90 89 58 37 92 34
3 54 42 69 25 21
48 51 46 18 82 4
26 77 63 71 76 15
50 41 28 96 80 68
6 36 74 67 30 56
62 47 10 33 53 19
23 35 93 94 55 79
40 59 57 27 85 86
70 88 17 65 87 78
44 73 38 83 13 66
39 43 5 11 72 81
49 32 2 75 14 9
7 64 8 60 1 20
28 6 45 92 10 18
21 71 47 58 23 36
91 86 54 77 4 37
95 65 53 16 35 15
30 96 87 55 13 40
89 78 80 43 22 84
38 94 68 11 3 32
34 46 1 59 29 19
17 27 12 82 60 63
48 41 75 25 26 83
24 8 57 5 33 69
64 79 42 2 70 39
56 44 31 90 20 62
73 7 74 93 49 88
9 81 67 50 51 52
61 66 85 14 76 72
11 6 19 60 91 78
23 18 27 13 41 77
83 1 65 4 32 45
82 39 53 80 25 8
86 22 55 16 92 48
46 57 73 95 26 94
51 75 81 62 24 54
12 21 85 49 50 90
70 37 33 40 20 61
93 9 36 43 29 10
69 84 34 2 47 30
87 67 76 31 68 7
15 72 3 58 64 44
59 42 14 74 38 17
79 96 89 71 5 56
35 88 66 63 28 52
39 19 20 65 85 92
32 36 51 33 77 12
78 86 26 90 18 2
41 6 61 7 4 53
11 8 23 9 48 62
87 45 46 37 25 38
22 24 72 47 3 70
44 88 54 96 1 95
35 69 13 56 49 82
16 34 63 75 74 79
40 81 76 89 73 64
30 80 71 29 27 52
83 50 59 91 10 57
67 43 14 21 94 28
93 58 5 66 17 31
84 55 68 15 42 60
47 35 7 85 78 11
13 25 9 79 12 72
1 87 16 6 2 82
38 33 71 88 18 22
49 80 61 54 45 36
65 34 86 24 28 44
63 31 94 96 53 59
93 76 91 46 90 8
92 14 5 26 40 62
74 29 69 51 83 60
32 81 41 57 21 84
64 77 17 67 19 55
37 95 23 66 68 43
30 10 3 89 48 39
20 75 4 52 42 58
73 15 27 56 70 50
28 5 16 13 90 7
96 72 69 45 78 93
74 44 46 61 47 81
14 11 18 54 87 83
91 62 49 34 71 41
3 57 66 29 67 65
8 52 26 10 21 79
35 43 75 64 92 50
77 89 24 94 82 42
56 68 33 25 2 85
20 17 76 80 23 32
27 31 55 36 39 38
40 53 1 58 84 51
73 59 4 22 9 60
37 15 48 88 12 6
30 19 95 70 63 86
