27 14 18 21 2 25
20 3 30 22 15 26
10 1 16 4 8 24
19 31 35 12 5 33
17 23 29 6 11 13
34 28 12 9 32 7
17 33 22 8 19 29
2 11 20 26 5 25
14 6 28 31 30 24
21 10 23 15 7 18
16 34 4 9 13 1
32 35 11 27 17 3
28 9 5 30 26 1
34 33 8 20 23 35
29 24 21 22 32 12
31 13 2 4 27 10
15 16 19 3 18 6
7 25 17 14 31 9
3 23 5 18 2 28
33 32 4 7 26 19
1 14 21 12 35 8
13 25 22 34 30 6
11 29 15 16 27 24
10 3 34 20 25 12
13 18 29 14 4 5
16 30 32 8 11 31
6 23 1 35 24 2
22 28 21 10 33 15
27 20 7 19 9 17
26 21 12 13 5 16
23 4 19 11 28 3
32 26 24 25 14 34
20 15 8 1 29 7
31 27 6 2 10 22
9 33 30 18 35 17
26 2 16 34 21 32
27 11 23 18 22 20
30 7 5 24 6 33
12 31 29 1 3 19
13 17 14 8 10 28
25 4 9 35 15 21
19 10 30 2 34 23
24 20 14 4 22 3
5 6 8 32 15 27
35 7 28 29 25 16
12 18 9 17 31 26
33 13 27 11 1 34
5 24 15 14 35 30
3 13 26 33 7 31
19 21 11 29 9 10
17 32 2 28 16 20
1 12 4 23 18 25
22 6 9 8 3 32
25 24 10 23 16 33
4 21 31 6 20 17
28 29 27 30 12 13
18 19 34 26 8 14
5 1 35 7 22 11
15 12 6 33 14 2
24 1 18 25 19 32
2 8 27 28 26 4
30 22 23 9 16 21
35 29 3 10 20 13
31 34 15 5 17 11
7 8 13 24 19 22
32 18 10 21 5 27
3 25 33 15 17 1
6 2 7 29 34 20
16 12 14 11 4 30
26 9 35 23 28 31
