17 35 64 75 8 41
16 55 40 15 19 32
42 87 11 5 22 86
63 67 61 46 27 45
23 78 54 79 13 4
31 50 53 90 18 77
56 44 49 12 59 72
80 52 60 21 66 85
57 25 24 71 65 88
76 51 28 6 74 83
3 58 73 2 20 68
43 82 30 38 9 47
36 7 34 48 89 33
70 10 29 14 26 62
39 69 37 81 84 1
55 90 61 78 11 41
66 64 44 50 27 24
52 74 32 75 31 86
76 45 19 13 5 71
58 4 22 85 25 47
20 60 42 83 57 36
17 33 82 87 28 73
18 54 2 21 9 63
53 69 68 8 79 30
29 23 12 84 35 3
15 26 77 89 72 81
10 39 67 49 43 40
65 59 38 62 1 34
37 80 6 7 46 14
51 48 88 56 16 70
28 13 86 25 61 36
69 41 63 52 22 76
19 29 21 75 4 82
44 45 85 32 17 68
47 83 50 35 11 2
60 34 5 15 24 12
6 20 18 78 10 87
72 43 27 48 65 79
89 67 37 53 64 56
71 8 1 70 31 33
42 3 9 62 51 81
26 39 7 38 55 66
90 58 88 23 14 59
46 30 16 84 54 49
57 77 40 73 74 80
20 5 52 50 29 48
86 47 53 41 44 65
79 63 28 10 37 19
72 6 34 13 82 70
9 56 26 31 78 27
60 7 25 51 45 59
22 84 15 64 38 21
30 57 58 66 32 67
16 1 24 42 80 23
62 83 75 68 46 90
77 12 36 43 71 17
14 87 89 8 4 39
55 73 81 35 85 54
49 61 74 88 2 69
40 18 76 3 33 11
32 37 38 60 29 13
82 23 51 44 20 22
47 57 10 27 7 1
59 19 78 77 52 64
4 42 31 6 12 48
68 66 43 86 81 56
70 87 35 67 90 69
30 83 41 33 15 80
50 76 65 61 75 26
24 58 46 17 21 55
18 88 84 28 5 89
74 79 85 34 3 39
54 62 8 72 40 25
14 71 16 53 63 2
73 36 9 49 11 45
82 68 15 37 42 35
81 12 13 83 52 10
77 69 66 65 33 20
61 70 59 18 22 80
67 3 4 1 28 50
87 21 79 31 40 51
16 86 39 58 62 78
55 2 25 76 43 84
74 90 71 44 9 7
11 88 72 19 60 46
26 32 48 73 41 23
64 85 5 36 30 14
63 47 29 8 24 56
27 49 17 89 38 6
45 75 53 54 34 57
79 42 33 52 50 55
22 68 12 7 28 78
13 46 74 59 15 87
84 32 83 9 77 61
4 71 62 30 73 18
48 81 14 47 19 67
2 56 17 23 40 60
21 27 8 34 88 76
29 86 90 85 6 57
66 41 89 1 82 45
3 75 72 36 16 69
65 70 49 37 54 58
24 53 35 51 10 38
5 25 31 39 63 44
11 80 20 64 26 43
7 15 23 67 76 62
59 6 21 71 50 32
56 84 19 90 73 42
40 36 46 22 66 29
82 8 65 12 55 74
45 72 10 2 86 30
78 49 5 83 53 3
25 14 27 68 18 52
41 85 28 24 70 43
38 48 87 63 77 58
80 89 54 69 31 47
11 34 51 4 17 37
33 81 64 61 16 57
9 39 75 88 13 20
35 1 60 26 44 79
