2 7 25 10 12 27
29 13 45 35 49 34
46 31 15 11 21 28
9 42 8 38 6 30
40 32 47 48 50 26
20 14 3 4 19 37
22 44 43 39 33 41
18 23 5 17 24 1
26 31 36 48 12 16
37 27 50 15 30 29
38 2 42 11 20 13
35 10 8 28 3 41
39 6 23 25 19 18
16 47 21 33 40 4
1 22 7 44 34 17
32 45 49 46 5 14
36 24 10 9 43 19
23 1 20 4 40 1 26 29
18 1 15 34 25 47 35 1
44 28 46 5 30 16
24 11 2 8 33 49
36 39 50 7 21 6
13 38 1 22 32 37
43 3 12 42 45 48
14 17 27 31 9 41
7 47 36 29 8 18
6 26 10 13 5 40
16 45 11 1 37 20
34 12 38 27 39 46
17 33 32 19 30 35
25 14 44 3 15 24
41 48 49 23 50 42
4 9 22 28 31 2
21 17 13 43 29 11
20 15 39 26 3 33
7 41 37 32 24 25
49 10 14 6 16 44
47 22 5 42 27 36
23 38 19 45 28 4
18 30 2 43 48 40
9 35 1 12 8 21
50 31 3 34 46 33
41 36 17 49 38 15
39 5 28 20 48 2
19 42 44 21 37 26
29 1 46 6 24 43
27 13 25 50 18 16
47 11 9 45 7 35
30 22 40 14 4 12
8 34 31 10 23 32
49 21 5 3 25 38
19 41 1 2 47 46
11 26 30 45 22 24
50 43 13 14 23 28
35 44 27 40 36 20
48 37 33 34 9 6
15 10 42 18 4 7
16 29 17 12 32 39
8 40 45 22 25 31
37 34 14 2 35 36
9 28 26 49 1 18
32 20 6 47 43 15
4 27 48 8 46 17
33 19 13 5 41 12
30 21 3 23 16 7
29 50 38 31 44 10
24 39 9 11 42 40
43 5 34 15 8 37
21 18 48 41 14 45
12 2 23 38 44 47
24 16 19 50 35 22
26 46 20 10 17 7
42 33 28 36 25 29
3 4 6 27 11 32
30 1 31 13 49 39
12 18 24 34 20 21
48 29 23 16 15 22
3 2 45 17 6 50
31 35 43 5 26 42
40 7 27 28 49 19
33 14 47 10 39 38
41 25 30 1 36 11
4 32 8 44 13 9
46 40 18 37 23 35

