25 12 35 33 26 27
16 39 7 13 21 34
28 20 6 18 37 38
36 30 23 32 24 1
9 4 2 22 19 3
5 29 14 15 8 10
24 28 17 31 11 21
6 1 33 19 7 12
35 10 36 9 30 16
20 5 27 2 13 17
3 8 4 29 25 38
37 26 15 23 34 11
32 22 18 39 31 14
8 19 28 12 9 20
2 11 10 7 25 1
31 26 29 38 15 16
24 13 30 22 35 6
27 21 23 4 18 5
17 39 3 34 32 14
36 31 33 37 29 13
27 4 24 15 35 1
6 32 12 21 22 9
26 7 34 3 14 28
39 37 36 5 2 8
11 30 25 19 16 20
38 17 10 23 33 18
29 1 21 26 14 2
34 5 25 24 6 31
11 20 38 35 27 32
37 16 22 39 10 19
13 23 8 4 28 33
18 12 3 7 15 36
17 9 25 30 29 39
35 21 2 34 22 8
3 33 37 12 11 24
1 18 16 32 9 13
14 17 7 6 36 38
19 30 27 5 31 23
15 20 4 26 28 10
18 14 13 16 35 11
21 6 19 36 27 3
7 4 32 30 31 37
15 23 17 25 2 22
28 34 1 10 33 29
9 38 39 26 24 5
8 12 31 20 3 30
28 27 2 10 32 16
13 38 19 21 25 15
9 33 5 14 36 11
22 24 29 20 7 18
8 1 26 17 37 6
12 34 39 4 23 35
5 21 7 33 25 32
10 13 22 38 3 26
2 16 24 12 17 4
31 20 34 1 36 9
30 14 35 23 37 28
29 11 15 27 6 39
19 32 26 8 18 24
33 38 21 1 2 30
25 13 31 14 10 12
27 15 9 7 8 37
35 19 18 17 34 29
16 3 6 23 39 20
4 36 22 11 5 28
