35 22 9 48 44 38
5 40 8 21 12 24
31 2 33 23 39 29
14 20 17 41 18 28
25 7 47 1 4 45
27 26 30 34 37 42
36 3 15 11 10 16
43 13 46 32 6 19
9 28 40 31 23 5
45 24 33 2 34 20
7 42 10 37 41 48
44 18 29 13 26 36
12 15 32 30 3 47
11 46 4 38 21 39
25 19 8 22 14 27
1 16 17 6 35 43
24 26 31 9 13 2
29 40 38 33 48 47
21 45 36 27 28 19
39 1 14 16 42 3
10 34 44 12 4 6
23 7 18 46 30 25
5 22 37 15 41 43
35 11 17 20 8 32
45 6 10 24 48 14
47 46 34 13 40 18
9 33 23 3 25 21
11 2 42 37 19 17
20 29 27 44 16 15
8 26 38 28 32 1
43 30 5 4 35 36
12 39 31 7 41 22
34 13 19 25 16 40
46 21 37 47 1 44
30 38 9 10 36 20
3 48 28 43 18 2
35 23 24 11 22 39
4 31 41 8 15 45
12 27 42 14 29 32
17 7 6 5 33 26
38 36 25 2 37 24
19 48 11 15 31 1
27 43 23 18 10 12
3 29 46 4 17 5
41 45 16 26 9 32
6 39 20 22 47 40
21 34 7 13 14 35
33 8 28 42 44 30
15 5 18 1 2 38
20 12 37 48 46 16
14 21 4 36 17 22
40 3 23 42 6 26
25 13 11 29 28 10
33 32 44 45 31 19
39 9 43 7 8 27
47 24 41 34 30 35
16 21 22 18 42 36
37 32 4 6 33 13
28 11 15 46 7 9
26 19 29 10 24 39
30 14 41 44 43 25
2 17 45 40 1 12
48 20 5 8 23 34
38 47 35 3 27 31
26 41 25 36 39 46
18 32 16 4 24 7
14 44 40 37 23 15
22 28 12 27 33 11
29 1 43 9 34 3
48 10 2 17 47 21
31 38 6 19 20 30
42 8 13 5 45 35
41 46 1 40 27 24
47 9 11 26 43 14
30 22 6 21 29 2
10 37 33 18 35 8
16 19 4 23 45 28
32 36 48 44 5 39
20 38 3 13 12 7
17 15 42 31 25 34
2 6 47 8 11 41
39 18 37 45 9 29
19 36 44 7 5 3
32 40 34 22 25 10
43 42 21 24 15 20
35 12 48 28 4 26
16 31 14 33 38 46
1 27 13 17 30 23

