18 30 4 5 35 21
31 13 20 17 16 1
24 28 6 19 15 22
9 12 7 29 10 25
27 33 3 32 8 11
26 2 34 14 10 23
7 11 31 33 18 6
25 2 21 9 4 17
12 3 5 27 13 34
35 8 19 26 16 20
30 22 32 15 23 28
14 29 35 1 24 25
19 10 30 1 33 5 17 1
1 1 7 32 13 15 1 11
34 1 23 31 21 14 28
9 24 3 18 16 22
29 6 20 8 2 4
30 12 27 24 26 14
21 8 1 7 5 6
31 35 16 3 32 10
11 20 19 27 28 4
23 26 18 15 9 25
22 34 33 12 17 29
2 11 23 13 21 19
15 32 34 5 4 20
3 28 13 17 25 26
33 29 16 22 2 14
8 30 6 9 27 31
10 35 12 18 7 24
1 26 29 16 4 3
34 5 25 19 32 24
20 14 12 6 21 11
35 15 1 2 27 7
31 18 8 17 23 22
30 28 9 10 33 13
16 5 2 25 35 11
27 20 17 7 23 30
32 21 33 6 12 26
4 15 24 3 14 8
29 9 18 31 19 28
22 1 13 34 10 8
28 29 5 25 6 23
34 18 3 2 20 30
13 14 17 32 9 35
24 22 10 11 26 4
21 16 27 15 33 7
19 1 2 12 31 32
21 7 10 3 29 23
4 6 13 24 31 17
14 15 5 16 8 12
35 30 26 11 34 9
28 25 22 1 18 27
33 19 9 20 3 15
32 17 2 8 27 29
12 25 33 1 20 10
26 22 7 5 31 30
28 11 16 34 24 21
6 19 14 18 13 35
23 9 16 4 1 12
17 11 18 29 30 15
4 34 14 28 7 35
10 6 27 26 3 19
23 24 5 2 31 33
25 13 32 20 22 21
8 17 15 30 1 34
