30 39 74 24 2 98
97 32 80 45 57 36
92 12 9 27 96 72
66 75 93 5 81 61
28 56 17 52 100 49
10 42 21 64 84 89
16 11 53 35 8 29
63 1 31 46 33 3
54 68 7 58 77 15
19 86 95 78 51 14
13 91 43 94 44 82
69 40 70 18 76 88
71 55 65 48 90 60
73 38 85 20 37 99
34 6 47 41 87 79
23 25 83 62 50 67
59 15 22 4 26 27
1 19 24 93 58 11
16 84 3 66 30 95
8 80 12 17 91 31
70 36 55 98 56 75
51 53 69 10 13 37
7 71 5 78 94 97
90 88 9 49 25 85
76 20 74 57 28 23
48 34 96 35 89 39
4 41 54 46 64 86
40 21 47 59 26 29
82 32 50 73 81 6
61 52 14 68 62 22
87 18 63 67 42 92
60 44 2 99 83 100
65 33 45 38 79 43
1 70 72 77 55 16
9 5 76 89 86 91
27 29 90 64 95 58
24 82 49 51 36 26
84 50 59 20 12 48
85 93 71 14 75 87
31 62 41 40 74 32
56 3 18 25 45 10
53 96 63 57 98 47
79 68 35 13 97 46
52 73 43 60 8 66
7 39 22 19 72 100
42 2 94 6 77 33
54 37 61 65 30 80
11 23 38 21 44 88
17 67 99 34 4 69
92 28 15 78 83 81
63 76 71 32 58 56
9 64 98 18 24 16
51 46 100 85 45 8
86 90 6 52 57 1
47 55 95 5 54 20
37 2 48 43 21 68
60 80 94 4 66 53
75 83 11 41 12 39
34 10 70 61 59 23
40 79 92 99 7 89
14 3 73 69 49 35
72 26 50 88 28 13
44 78 30 93 42 36
62 91 27 81 84 33
65 96 25 31 29 22
87 38 82 17 77 74
97 19 20 67 15 2
32 95 39 52 70 94
16 23 69 46 6 92
26 13 48 85 41 76
9 53 8 75 79 1
89 30 50 11 63 68
83 88 57 3 22 43
56 91 72 59 87 62
15 33 36 74 73 34
12 98 14 90 66 65
24 27 45 37 47 77
4 61 19 35 38 84
31 54 82 28 97 60
21 58 99 5 51 18
100 64 96 93 40 78
49 29 67 80 10 44
55 86 81 7 25 17
71 9 13 42 70 20
95 98 34 46 43 62
8 74 83 69 72 63
36 37 35 76 12 50
23 4 65 24 32 5
97 61 21 53 100 90
80 78 89 88 59 6
92 66 29 91 48 45
55 30 49 15 99 41
77 51 25 79 71 52
82 16 68 96 33 19
94 93 86 26 56 73
64 67 11 3 60 85
14 2 18 31 27 7
57 87 10 81 39 54
22 28 38 42 1 40
84 17 58 44 47 75
15 63 62 29 13 24
88 74 51 66 96 97
86 36 68 99 95 23
94 67 45 30 76 72
12 43 64 92 70 25
82 20 8 3 34 27
57 41 77 56 21 9
39 4 78 91 50 1
22 49 79 60 84 5
2 35 100 32 75 54
69 80 55 26 52 38
98 31 42 48 73 61
18 59 81 44 71 37
33 47 93 83 89 90
87 11 46 28 65 7
58 16 10 17 14 40
85 6 30 19 53 70
72 54 24 78 3 21
100 80 4 13 92 74
68 31 66 39 49 64
45 82 88 61 63 2
12 69 56 47 60 42
62 1 36 71 89 94
27 93 97 50 10 52
6 98 20 86 83 58
79 48 67 73 16 57
76 44 8 22 55 87
65 81 40 51 9 34
91 53 33 23 14 15
75 43 29 99 19 28
32 18 77 90 11 84
5 25 37 96 46 26
59 35 17 95 7 85
38 78 60 63 41 10
100 88 16 27 94 87
3 47 86 71 39 61
81 20 56 80 68 24
21 62 4 6 93 55
40 19 48 83 49 77
43 11 97 42 72 14
7 52 23 84 82 30
13 22 75 67 31 90
35 99 26 45 74 64
33 92 57 8 5 70
1 34 66 25 54 76
79 85 28 96 36 91
29 37 51 98 17 32
58 73 41 2 65 59
9 15 44 50 95 69
38 89 46 12 18 53
72 99 52 47 31 81
39 42 5 82 62 80
88 24 86 10 8 33
11 61 13 55 57 40
98 23 19 79 94 54
74 75 78 48 27 25
14 100 84 26 9 67
30 46 12 73 22 71
70 50 3 38 58 7
45 60 96 15 6 17
53 32 59 68 92 93
1 64 83 37 87 97
77 20 65 36 69 89
43 90 51 56 4 16
41 18 44 66 35 28
95 76 91 49 63 21
34 85 52 2 29 12
22 99 48 94 9 11
25 24 42 100 57 59
37 15 79 70 86 82
54 17 26 62 71 53
58 78 13 16 45 39
90 23 40 72 35 60
84 77 28 93 98 88
74 7 49 61 1 47
83 27 73 80 51 76
64 5 44 63 14 34
81 8 96 95 67 38
36 66 10 2 46 19
89 3 41 29 97 4
6 68 75 18 65 91
50 85 31 55 92 56
33 21 32 20 69 30
87 40 84 43 45 53
28 34 80 86 16 63
76 61 42 96 24 99
67 52 58 74 9 37
77 81 12 23 100 3
47 97 62 8 48 18
70 17 73 68 90 78
39 14 46 29 88 55
25 35 87 21 82 15
54 38 6 36 5 31
49 43 2 11 69 71
91 7 93 20 22 41
33 72 98 44 85 4
10 26 95 92 65 1
56 59 66 30 79 83
89 60 27 19 13 32
75 94 57 50 64 51
