93 76 60 90 24 9
87 31 14 21 61 27
36 20 68 95 77 74
8 30 33 46 12 75
42 19 63 28 35 41
94 70 82 47 65 4
89 58 49 54 2 22
1 88 39 84 78 85
34 7 64 17 62 81
59 79 25 66 44 52
29 10 83 5 6 69
23 67 16 56 48 38
15 91 18 45 80 40
72 11 96 51 13 97
71 98 3 37 92 57
50 43 55 73 32 26
53 99 17 86 54 88
39 76 70 75 7 58
22 69 20 31 25 19
62 21 33 85 36 47
82 44 9 77 80 67
4 91 6 78 72 16
95 45 34 49 87 79
43 63 24 11 40 59
53 27 96 30 48 35
98 74 60 32 18 84
61 1 37 68 56 42
13 46 73 71 14 5
29 26 28 89 57 93
83 38 99 92 64 12
10 52 8 50 81 94
65 97 86 3 23 41
2 90 51 66 55 15
43 45 62 98 35 4
60 25 95 58 96 67
68 34 88 9 19 14
87 71 39 53 33 11
47 21 57 42 83 80
73 8 59 32 16 70
3 31 72 99 26 74
85 69 66 7 49 65
90 29 30 78 18 92
36 1 24 81 5 86
46 41 77 10 89 61
76 17 12 20 15 48
97 79 50 82 38 54
2 84 63 91 37 52
44 93 23 27 22 75
51 40 56 6 94 28
55 35 64 13 67 74
96 71 65 32 36 88
81 78 53 19 61 70
26 30 80 98 17 1
33 38 5 76 42 45
84 50 72 15 95 14
7 18 41 54 4 27
46 44 92 47 56 63
99 43 9 91 66 8
11 85 28 79 22 29
23 94 73 20 39 24
12 10 59 37 90 34
87 68 62 25 2 75
58 13 31 6 82 57
86 21 52 93 64 69
48 89 55 97 40 83
16 60 77 3 51 49
67 28 71 8 27 1
65 74 39 92 79 91
56 10 19 84 17 45
24 26 38 37 87 46
73 18 35 11 6 12
94 72 43 25 76 21
41 15 69 70 88 98
54 47 40 52 20 90
75 9 89 36 53 3
49 55 86 57 14 30
16 13 83 61 63 85
64 5 59 80 97 58
78 95 93 48 66 62
60 44 42 50 99 7
2 96 34 33 77 31
29 51 81 23 4 68
22 32 24 82 3 10
74 41 37 8 11 25
84 54 6 26 70 36
79 40 75 14 98 16
21 73 63 97 30 9
52 35 15 49 71 61
83 20 66 28 72 53
33 93 1 7 59 94
45 46 88 90 64 23
56 86 80 62 22 12
82 34 29 55 27 60
18 5 44 31 51 48
99 4 95 76 69 89
39 67 2 65 50 19
57 68 91 96 85 38
81 92 58 87 42 43
17 47 32 13 77 78
9 23 98 10 72 71
56 36 30 83 15 60
35 66 16 80 84 33
12 63 53 25 5 4
61 75 50 29 86 45
6 90 48 49 39 68
20 70 3 85 87 93
14 7 8 24 92 2
11 27 94 17 46 58
78 69 67 43 54 34
40 21 32 38 95 81
74 82 42 59 89 96
57 41 51 22 73 64
91 97 47 76 31 1
77 88 79 55 62 26
65 28 13 52 99 18
19 37 86 44 94 15
66 17 6 63 60 87
5 8 98 93 56 54
42 20 11 9 2 69
80 74 4 90 75 71
48 92 72 33 73 89
12 49 78 24 58 23
35 57 36 34 99 97
62 13 19 40 76 3
18 79 70 10 68 21
61 38 55 44 65 84
51 85 32 45 31 30
59 81 26 67 53 41
25 91 82 88 28 7
27 95 37 64 16 47
50 22 46 83 1 96
14 29 52 43 77 39
69 33 24 79 57 56
35 70 40 5 2 72
38 30 93 4 34 13
62 49 10 63 65 31
45 74 53 58 73 44
36 25 92 17 16 55
1 3 11 88 66 21
26 61 90 22 97 95
37 75 20 18 43 82
80 85 76 41 6 50
77 84 71 86 48 99
7 52 46 98 67 68
19 23 87 8 47 89
15 96 54 28 39 81
32 12 94 42 29 91
59 51 27 9 78 83
60 14 33 20 64 26
5 16 62 41 90 21
93 88 80 72 49 37
18 56 85 55 71 95
30 61 67 99 24 47
96 43 7 79 84 23
97 75 6 52 19 32
38 9 17 70 29 74
64 4 28 44 3 2
68 54 31 92 60 11
58 10 14 35 1 51
77 65 22 53 15 8
69 48 50 13 59 91
94 78 57 63 36 45
34 25 42 40 39 46
81 89 27 66 12 98
73 83 76 86 82 87
