76 28 2 73 75 49
15 13 14 40 35 36
27 45 39 58 71 53
65 30 50 1 16 70
12 23 3 26 66 38
32 41 60 5 54 80
61 47 55 10 29 59
22 56 44 18 72 8
42 6 20 4 67 9
52 74 37 77 21 63
48 24 7 51 69 64
11 33 62 25 78 79
43 34 17 57 68 31
26 1 46 73 19 32
16 10 23 27 75 72
40 80 67 2 3 45
28 36 39 50 41 74
38 49 6 47 60 56
63 53 70 29 8 24
11 35 18 54 64 17
55 25 5 52 14 31
20 69 43 33 13 65
22 12 57 30 71 59
37 15 61 34 62 51
77 9 7 46 58 68
19 66 44 76 79 42
21 78 10 48 4 45
5 6 73 29 64 50
75 3 65 39 63 56
31 36 47 69 11 1
26 30 17 14 74 33
49 18 71 32 16 62
79 9 59 38 43 35
51 76 78 58 8 40
28 46 34 54 44 13
25 48 68 42 12 70
19 53 4 77 2 23
41 52 67 72 24 37
66 20 22 27 60 61
55 80 57 15 7 21
17 6 76 36 65 45
33 58 34 73 63 16
70 51 38 11 5 46
62 75 64 9 53 1
8 32 13 10 79 52
31 42 37 28 30 35
47 72 39 25 26 77
69 14 2 60 59 21
12 49 24 50 80 4
78 57 19 20 55 74
43 61 3 44 71 48
41 68 29 18 15 27
23 22 67 7 40 54
51 56 33 53 31 66
69 38 75 45 42 32
60 77 35 62 10 12
72 17 1 58 55 49
14 34 8 6 39 11
46 50 78 15 2 63
21 70 73 67 27 43
37 29 79 16 3 22
23 28 64 52 47 20
74 57 13 61 76 25
71 24 54 68 65 66
59 7 44 41 26 4
80 19 48 36 56 9
5 18 75 34 40 30
3 73 11 53 10 15
39 33 29 2 46 52
47 22 42 13 17 21
8 54 12 1 37 43
14 16 20 76 24 77
26 50 51 79 57 60
67 5 68 59 49 78
44 64 36 38 25 58
9 45 74 18 31 23
62 27 55 48 65 28
56 70 61 35 4 7
71 40 19 6 69 41
66 72 30 32 63 80
60 39 12 78 13 73
68 37 26 36 20 75
49 54 10 57 33 42
31 48 15 16 67 8
21 79 58 56 23 5
45 11 50 19 61 77
4 29 71 64 72 14
35 2 27 24 44 32
74 1 80 6 22 51
70 41 9 55 34 66
46 62 76 30 43 47
63 28 25 40 17 69
65 18 53 7 38 52
3 31 54 59 50 72
8 73 36 61 42 23
75 15 60 33 19 24
56 45 16 13 68 55
29 1 21 35 39 20
63 51 14 12 47 41
43 32 53 22 78 28
79 77 48 65 34 49
59 74 40 64 70 46
44 9 10 37 5 69
80 52 26 71 76 11
30 7 27 3 25 6
4 58 2 57 66 18
17 38 29 67 62 19
68 61 79 1 14 28
42 77 41 64 43 56
72 12 40 9 21 65
53 35 69 80 46 16
13 27 31 49 26 63
24 30 57 23 44 11
2 20 5 7 8 62
67 36 18 39 51 10
78 60 71 17 37 70
50 38 76 22 55 33
54 52 58 75 48 6
34 32 47 74 4 3
45 59 25 66 73 15
