60 28 4 30 53 16
47 17 9 42 8 59
56 43 36 15 22 50
7 35 69 12 14 45
26 40 68 23 52 41
3 75 18 10 1 62
19 63 55 20 73 33
21 44 78 64 6 66
34 11 48 25 49 24
27 54 5 70 29 72
51 57 61 37 39 65
13 71 79 38 77 2
31 58 46 76 67 74
32 69 17 1 73 50
30 22 19 12 42 3
35 16 36 8 18 64
25 78 70 75 9 15
39 59 44 28 23 14
52 5 37 60 63 79
10 41 2 24 21 56
48 20 65 32 31 66
72 38 34 62 7 26
53 6 40 11 74 57
68 61 45 55 54 67
4 77 51 58 27 47
43 49 29 13 33 46
3 14 71 70 56 76
37 9 25 1 66 1 50 10
20 38 1 75 36 42 1 28
2 15 65 30 18 69
61 21 48 8 5 19
1 39 41 34 58 60
6 52 43 4 55 59
29 51 74 64 71 45
63 47 31 16 13 72
67 33 27 23 62 22
24 35 73 26 78 53
79 11 76 44 12 54
77 49 68 57 17 7
46 32 37 40 30 75
14 41 15 64 38 19
50 58 6 63 18 29
31 55 8 39 2 25
27 53 56 66 69 34
42 23 16 71 43 11
67 24 3 72 4 44
59 12 70 49 40 20
35 52 51 54 13 17
26 79 28 48 57 33
68 1 22 74 21 77
78 60 36 65 46 10
62 45 5 9 76 73
47 61 44 71 7 32
75 42 6 31 34 14
69 40 64 43 72 39
57 8 54 41 3 63
28 22 66 49 2 58
59 38 74 35 37 27
73 70 30 36 11 68
56 78 62 55 79 47
17 45 21 20 23 15
33 24 12 18 61 9
76 10 26 51 16 32
1 4 7 13 65 5
29 19 60 25 77 67
52 50 38 53 48 46
66 54 39 73 75 47
62 57 30 58 44 43
18 72 14 22 37 55
15 34 8 68 28 51
74 32 23 5 2 3
42 67 63 21 70 35
46 26 71 6 12 1
40 16 79 50 65 24
45 31 49 19 10 53
9 48 64 27 60 13
7 20 56 11 29 52
77 33 78 69 59 76
41 17 25 4 36 61
66 15 12 74 62 63
73 46 72 79 51 42
65 19 6 47 68 35
23 55 49 38 60 1
71 30 9 39 67 52
34 64 10 22 70 57
21 25 18 53 76 43
44 28 13 37 69 41
11 3 31 78 27 17
58 7 24 54 36 32
14 26 77 50 20 61
2 59 29 16 48 75
45 4 33 8 56 40
43 47 67 5 34 12
19 13 23 70 66 18
69 51 21 38 9 31
28 65 27 52 25 73
7 76 50 55 41 42
60 72 11 61 75 35
33 53 1 14 36 2
59 64 58 79 68 3
62 37 20 24 6 8
49 74 54 56 30 26
17 63 71 40 10 48
22 29 39 78 32 4
5 46 77 44 15 16
57 25 38 45 66 42
