30 51 72 5 70 48
73 40 11 35 44 57
41 23 63 17 46 60
58 67 24 20 31 15
65 6 4 38 62 49
7 28 56 9 32 12
64 14 50 42 59 53
47 13 33 68 74 22
10 29 8 25 3 45
19 54 34 61 52 27
16 71 69 36 21 37
55 1 43 2 39 66
58 18 32 70 60 26
35 33 6 31 42 12
56 5 3 49 14 23
22 11 64 41 34 4
20 30 28 54 37 8
25 63 71 62 47 57
59 27 45 55 40 65
15 18 19 69 10 1
24 9 48 50 26 43
72 68 73 66 61 16
44 21 17 67 74 7
39 52 53 13 38 29
49 2 46 36 51 64
19 1 59 30 33 41 1 3
6 1 45 47 37 1 58 23
60 56 25 24 34 35
43 65 68 7 11 71
48 66 15 63 44 38
14 62 31 51 21 10
9 20 53 16 2 40
17 50 39 32 73 27
29 70 54 22 12 55
69 4 42 5 13 8
74 36 72 18 57 52
1 46 26 67 61 28
65 64 60 44 30 47
17 20 11 6 66 59
38 31 7 3 70 50
40 24 12 71 23 13
25 9 36 73 15 55
2 74 62 19 56 48
52 10 5 28 22 58
57 69 51 34 29 68
27 8 18 46 43 16
42 45 67 54 72 41
53 33 32 21 49 1
37 39 14 63 35 61
26 55 10 4 56 30
62 58 36 34 50 40
52 3 69 64 6 9
28 11 70 42 15 2
59 60 5 29 43 21
13 61 41 7 25 18
71 72 31 4 17 19
20 46 35 48 32 47
23 16 44 54 39 33
74 26 51 45 38 73
57 24 22 14 65 1
27 12 66 37 67 49
68 63 55 8 53 58
70 62 69 43 41 20
18 3 34 39 28 71
21 42 46 30 25 38
57 48 61 45 64 17
9 37 29 11 72 33
16 50 67 60 19 22
66 54 4 47 40 51
56 1 6 27 13 63
10 7 73 49 24 59
12 14 44 26 36 68
53 35 65 15 5 74
23 31 2 32 8 52
66 19 70 46 57 9
3 48 54 11 60 13
37 22 56 18 73 42
28 27 21 64 68 24
58 41 29 1 16 35
12 17 43 51 53 25
5 71 44 50 55 6
72 23 15 26 7 62
30 49 74 31 69 39
52 4 20 33 45 14
8 47 38 61 59 36
2 34 67 63 65 10
40 19 37 6 41 32
