55 33 19 28 56 46
67 61 69 65 3 8
48 37 15 20 41 5
29 32 35 38 63 7
11 70 30 62 21 27
12 2 44 31 17 47
52 39 57 51 4 24
1 6 50 23 25 54
68 16 14 22 18 64
42 58 9 13 66 59
40 43 36 10 49 60
34 26 63 53 45 37
47 35 33 3 52 6
67 18 17 23 7 56
25 68 12 46 66 4
16 48 51 19 65 43
5 69 21 45 13 40
32 34 10 39 62 59
55 70 31 64 29 1
49 53 50 42 15 14
41 30 58 36 24 2
44 11 8 57 54 60
9 27 22 61 38 20
28 40 3 26 48 1
42 1 64 37 33 25 39 1
7 45 41 10 6 16
59 17 5 57 53 70
63 36 15 46 8 47
50 56 44 68 69 29
43 38 55 2 11 34
18 61 13 52 19 26
62 28 54 12 58 20
24 23 65 66 27 35
9 60 31 21 14 51
49 4 67 32 22 30
70 3 56 41 34 25
6 18 48 44 59 38
47 57 10 50 55 13
62 15 69 33 31 26
29 46 43 58 23 21
36 1 35 19 42 22
11 68 40 7 24 61
12 5 49 65 9 64
4 2 45 14 8 28
54 53 32 16 52 27
17 20 39 30 60 63
66 62 37 51 67 36
34 7 49 69 1 46
29 41 12 42 57 18
19 10 4 53 64 11
6 9 26 24 32 55
40 38 56 58 16 39
3 20 23 45 59 68
27 13 25 60 15 67
35 51 54 5 61 2
44 14 43 70 33 63
48 66 52 31 30 50
21 47 65 37 28 22
17 29 62 8 40 9
4 42 23 16 55 69
64 26 46 60 41 38
2 67 70 39 19 68
30 28 61 15 44 34
63 54 18 24 49 3
13 20 53 8 43 6
56 21 10 35 12 48
17 22 33 51 50 45
25 36 59 52 65 11
31 27 57 58 37 7
1 5 66 14 47 32
26 21 16 20 44 49
22 63 13 48 2 62
9 50 41 67 35 11
60 33 58 18 4 34
7 10 42 70 51 28
27 39 3 36 5 29
32 8 19 37 12 23
38 47 24 69 25 53
15 68 52 43 1 17
59 55 14 54 30 40
61 64 45 56 57 66
6 46 42 65 31 39
