45 4 41 31 7 13
40 11 9 8 16 38
12 25 17 33 1 3
5 24 46 10 42 39
43 6 22 26 18 35
19 44 37 23 29 15
30 14 21 32 34 20
35 36 28 27 2 12
26 43 17 5 11 15
34 42 38 8 22 3
36 7 29 14 39 32
45 28 2 4 16 9
18 40 1 46 31 25
20 33 41 27 30 23
44 10 13 19 21 6
17 39 24 37 32 4
42 22 5 12 36 45
20 46 16 19 3 26
8 11 44 7 24 18
13 34 28 43 23 14
35 6 31 37 30 15
38 33 9 25 21 41
29 27 1 40 2 10
26 30 4 42 18 12
9 35 7 5 23 44
10 20 11 37 46 34
28 14 19 17 45 8
39 38 15 25 2 13
31 43 27 16 36 22
6 41 1 32 21 3
29 24 2 33 40 26
12 35 43 38 14 46
41 5 17 18 23 6
3 15 10 28 9 30
1 25 32 13 8 37
22 7 39 11 33 16
44 36 40 42 20 45
24 31 21 34 19 27
4 8 23 29 10 26
41 44 39 1 28 22
36 38 24 30 17 6
18 27 11 13 9 29
20 19 25 35 4 42
40 15 45 21 12 34
46 32 33 16 31 5
3 37 14 43 2 7
22 30 11 44 15 25
16 10 34 17 13 42
2 21 18 35 39 8
4 1 19 36 43 33
38 3 31 5 29 20
23 41 40 14 24 45
7 12 46 6 9 27
32 26 42 28 37 11
18 3 36 33 21 10
30 29 35 1 45 9
12 16 37 41 34 24
40 13 6 26 28 7
2 38 23 22 46 19
15 8 14 39 5 27
31 32 17 43 44 20
25 34 18 4 6 7
45 38 5 1 26 24
10 12 31 39 20 2
23 33 13 36 25 8
19 15 35 11 32 41
14 27 16 3 44 4
9 37 43 42 40 30
21 22 29 17 46 28
34 4 33 38 35 44
11 6 42 14 1 31
20 8 18 41 28 15
7 10 30 22 17 2
21 5 43 29 16 25
45 37 26 46 27 36
32 19 23 39 12 40
3 13 35 24 9 44
15 1 46 33 7 14
27 45 32 10 18 38
13 4 5 37 40 22
24 25 28 31 19 36
8 43 29 6 20 12
2 3 11 23 17 21
34 26 39 9 41 42
30 5 12 16 13 19
27 17 10 25 35 40
2 41 36 11 29 34
46 26 8 44 31 30
7 42 37 21 28 38
6 39 33 43 45 3
9 14 20 24 22 32
16 23 1 15 18 4

