74 66 36 20 19 65
7 30 69 22 52 72
25 77 4 15 44 12
62 17 26 31 42 38
37 73 14 41 47 48
71 55 11 3 39 75
61 49 6 53 33 28
18 13 32 70 81 10
2 21 57 64 34 51
50 56 43 59 29 35
5 54 9 68 58 82
8 23 67 46 16 1
63 40 78 45 76 79
77 60 80 27 11 24
72 71 38 73 10 66
52 20 3 34 49 15
2 18 12 36 26 7
58 29 57 6 75 70
44 31 8 9 81 64
63 54 65 16 40 17
56 27 13 76 47 67
43 79 28 60 37 30
19 32 22 50 68 42
21 39 24 61 1 48
23 53 14 78 80 35
51 25 55 41 74 62
46 5 69 45 33 4
52 82 16 59 36 73
28 3 27 72 12 56
57 17 37 67 22 44
11 10 34 7 63 50
6 40 31 30 32 39
68 38 48 55 65 76
58 64 19 46 35 61
33 81 60 14 45 66
26 79 25 80 13 20
69 47 62 71 9 29
42 18 75 21 8 53
41 59 2 5 23 77
74 78 43 1 15 54
24 82 51 70 4 49
48 36 10 56 46 40
55 58 34 16 44 14
12 45 11 29 20 64
26 69 9 63 19 6
79 61 27 18 68 71
32 3 7 25 17 21
78 67 66 39 51 5
70 42 1 33 37 72
35 82 13 15 62 22
52 50 47 54 31 77
81 38 49 43 75 23
30 73 57 53 24 59
76 28 80 74 2 4
60 41 61 65 8 26
19 11 18 37 56 78
33 13 55 17 51 36
27 14 50 44 21 40
48 43 58 62 66 77
47 3 63 42 24 5
54 4 29 67 7 79
68 75 53 31 46 15
72 34 80 9 65 32
28 20 41 69 57 16
6 64 23 10 74 52
12 59 70 39 76 81
35 71 45 8 30 25
1 22 2 49 73 60
82 44 33 38 29 63
75 72 54 14 26 19
51 48 31 7 18 28
66 24 13 23 69 68
77 46 74 79 70 17
78 8 59 4 27 58
76 5 35 32 57 49
16 12 43 10 80 42
39 41 15 64 38 56
40 25 1 11 53 52
34 22 36 45 61 47
81 21 82 71 6 37
62 67 30 3 2 65
73 50 20 55 60 9
57 42 46 13 77 7
75 32 33 24 78 41
17 49 8 69 14 12
66 70 44 35 28 47
40 26 5 34 74 37
80 56 65 51 52 71
64 50 76 79 62 53
36 63 60 58 72 21
73 68 6 43 67 25
15 16 81 11 2 61
22 10 31 29 55 27
19 59 45 38 1 3
20 48 30 82 23 54
4 39 52 18 9 17
36 64 71 28 5 70
56 77 8 34 33 68
12 65 21 13 78 73
79 11 51 26 58 32
38 37 24 50 16 2
80 1 19 57 31 82
81 35 3 27 54 41
14 4 63 22 43 20
44 7 39 23 60 62
49 72 46 47 55 18
42 15 40 66 6 59
67 9 74 53 48 45
10 61 76 25 69 75
77 19 29 30 51 81
54 57 38 8 36 11
4 23 26 3 70 50
37 62 52 32 27 46
47 7 33 65 15 58
24 71 22 40 12 74
78 42 64 48 25 60
59 80 55 61 63 67
21 41 68 49 45 10
17 53 76 82 43 72
29 28 2 13 14 39
1 18 44 5 6 20
9 30 16 75 66 56
69 79 73 31 35 34
