68 69 58 36 5 1
49 44 6 2 29 37
18 28 9 82 7 77
31 17 8 79 35 50
41 78 66 56 11 16
54 70 55 83 60 42
87 19 32 65 52 24
47 84 72 86 25 45
73 12 10 64 33 85
15 40 62 71 30 21
61 46 43 76 63 59
22 51 14 57 4 75
20 13 26 48 67 80
27 34 38 74 53 39
35 81 3 36 23 83
49 9 78 85 5 87
52 70 28 45 12 56
59 16 42 25 37 64
30 58 31 41 24 33
8 44 71 61 72 19
54 47 63 38 32 48
68 82 4 23 13 76
67 84 57 7 15 27
74 62 43 80 79 81
39 60 65 21 18 22
46 40 86 20 34 17
53 26 69 14 55 29
66 1 2 73 3 75
50 10 51 11 77 6
57 1 36 61 24 1 28 25
74 1 72 64 35 56 9
58 54 21 19 76 49
83 17 71 68 67 52
38 59 13 7 29 60
1 42 23 12 39 47
22 6 33 66 43 26
11 80 45 46 14 73
77 8 37 78 4 15
41 79 53 84 65 40
75 48 5 70 86 50
32 2 16 10 30 34
18 81 85 44 55 31
87 82 69 3 27 20
62 63 60 52 51 9
77 22 19 17 59 23
8 7 39 64 14 66
45 35 4 29 48 65
76 73 25 79 26 30
42 67 43 28 10 40
53 87 83 58 61 75
34 44 70 69 41 51
47 50 20 37 81 57
84 33 80 16 68 38
6 85 36 63 82 21
24 2 72 62 54 78
74 49 55 13 11 1
56 46 5 27 71 18
12 32 86 31 15 3
48 34 42 79 61 22
33 25 40 44 39 87
28 69 84 19 83 85
82 30 52 29 47 57
73 20 41 7 74 54
60 64 2 5 80 4
36 9 65 27 86 76
75 16 63 49 31 77
50 53 12 72 43 68
59 58 71 35 78 32
3 51 45 55 21 67
24 66 10 46 15 81
26 62 11 8 38 23
17 1 14 6 70 18
13 56 22 37 54 31
30 42 74 77 68 87
83 57 44 5 79 32
55 50 2 82 58 84
19 4 66 34 36 12
10 21 7 48 52 69
1 45 27 59 8 41
39 29 70 9 71 80
23 60 6 20 56 53
78 46 47 51 65 28
67 16 61 62 86 73
18 38 15 43 64 49
26 37 35 40 24 63
25 14 3 17 85 13
33 75 72 11 76 81
56 32 29 42 84 36
52 80 55 78 6 34
57 31 10 87 1 62
71 23 64 28 41 86
4 18 83 47 73 59
63 22 25 69 74 50
60 19 82 67 75 46
14 77 58 65 38 44
85 76 20 70 66 35
40 12 11 2 27 61
24 13 79 16 39 51
33 37 17 9 21 53
5 3 54 30 43 8
81 49 7 26 45 68
72 48 28 15 14 59
25 35 41 10 55 19
66 40 47 58 74 60
69 65 12 6 71 13
29 50 18 23 33 67
34 87 11 43 37 84
31 5 39 45 61 82
38 75 78 21 20 79
70 49 73 32 72 22
76 53 77 64 48 62
81 27 30 4 63 17
51 68 56 2 85 8
1 86 7 80 83 24
15 54 36 16 52 44
42 3 26 9 57 46
37 23 74 61 10 70
21 77 5 84 73 35
43 19 29 78 31 27
72 6 67 4 87 38
80 32 82 51 25 53
75 8 52 40 18 13
44 64 68 3 47 24
39 2 76 57 17 41
14 62 56 49 83 33
65 20 15 63 42 11
81 9 58 12 16 48
50 28 34 60 26 1
86 59 79 69 66 54
55 36 46 22 7 30
85 45 57 71 24 74
