20 36 11 34 35 16
40 2 38 21 39 43
25 6 28 8 14 48
18 9 24 12 19 4
23 27 7 30 13 26
29 46 22 31 1 3
33 17 45 15 41 37
47 5 42 32 10 44
16 19 2 40 35 36
8 22 21 30 39 11
23 14 38 3 18 12
10 20 5 13 41 25
6 9 34 17 7 47
45 46 44 29 4 24
32 43 31 26 37 48
1 15 33 28 27 42
7 12 5 17 16 3
2 11 14 47 29 13
31 37 10 21 6 18
25 23 35 28 39 9
27 24 40 42 20 22
1 32 19 41 43 45
48 44 33 36 8 38
30 46 4 26 15 34
18 27 31 11 16 5
35 3 13 42 6 43
45 2 28 33 7 38
19 36 10 39 46 15
48 30 32 20 44 9
17 25 26 14 40 29
12 22 41 34 4 21
8 1 37 23 24 47
3 45 39 16 44 27
33 19 20 5 26 6
10 38 15 22 9 14
30 17 2 24 48 1
7 35 8 37 40 4
12 23 46 25 11 32
42 21 29 34 18 43
13 28 36 41 31 47
6 33 14 44 40 30
11 26 8 9 10 45
27 34 25 38 37 19
35 48 41 46 7 18
3 28 15 12 20 2
43 1 29 5 4 36
13 39 16 22 47 32
24 42 17 31 23 21
40 41 10 27 12 48
4 25 9 2 3 6
36 47 30 18 45 32
35 15 42 31 8 13
24 26 39 38 5 34
43 28 17 44 11 19
21 7 14 46 1 20
29 37 33 22 16 23
39 12 6 45 42 26
5 3 41 15 30 8
11 18 35 44 25 1
34 14 31 2 32 27
37 13 46 9 40 33
36 43 23 10 22 7
20 38 47 19 29 17
16 21 24 4 48 28
44 34 8 1 13 18
37 30 12 2 36 46
38 11 9 19 42 41
6 48 7 39 29 27
47 15 16 24 25 43
32 26 3 35 17 21
4 31 20 23 33 10
22 45 40 14 5 28
43 38 16 46 8 6
13 27 17 36 21 25
41 18 44 26 2 23
29 34 30 28 10 35
48 47 19 3 33 22
4 42 39 14 20 37
45 5 1 9 31 12
7 32 40 15 24 11

