14 31 88 32 89 26
30 78 1 12 84 15
38 83 27 34 86 10
66 76 85 54 93 21
29 5 45 55 75 73
40 59 57 19 43 91
79 11 69 37 33 4
53 16 20 74 68 87
50 70 24 92 52 58
82 35 90 36 60 28
17 49 47 61 46 51
42 2 65 64 6 67
80 18 39 22 7 63
25 9 48 56 41 44
62 13 81 3 23 72
71 77 38 8 15 45
66 29 37 12 20 14
35 54 88 87 4 50
33 73 93 83 16 49
6 32 51 21 91 24
43 52 60 31 30 80
19 44 46 2 86 58
25 17 40 67 70 81
76 55 27 78 48 64
68 57 41 22 71 65
39 92 61 85 62 77
23 69 82 10 18 47
34 90 53 13 5 1
3 28 7 42 56 79
89 74 11 59 63 72
75 36 8 26 9 84
12 83 31 55 25 6
91 80 2 45 35 33
4 21 46 64 39 70
15 37 41 50 27 40
78 23 57 44 92 66
22 56 77 16 29 34
43 76 62 38 89 53
93 13 69 86 87 36
11 10 30 88 42 75
26 49 1 7 82 74
73 19 24 65 28 8
72 79 47 14 68 90
71 52 54 59 17 84
20 51 81 5 58 63
67 18 60 48 85 3
32 80 4 61 9 29
41 34 6 23 30 33
36 39 56 11 78 49
45 50 7 65 66 62
13 64 89 10 22 37
68 38 93 46 59 26
43 5 2 70 8 82
90 3 92 31 40 21
28 75 69 74 58 76
51 79 35 15 53 25
1 72 17 83 32 85
18 12 73 57 88 61
19 55 52 77 81 42
27 47 71 60 20 9
24 48 86 54 14 16
87 63 44 84 67 91
66 8 33 59 10 39
29 78 31 69 2 68
82 85 45 53 6 37
30 62 64 28 49 32
73 4 3 77 36 76
9 40 83 79 58 89
5 15 56 21 19 17
38 84 50 14 60 57
67 27 54 92 22 46
35 26 23 20 55 61
91 88 86 47 1 52
87 70 72 48 71 34
42 74 25 18 24 13
44 93 75 65 81 80
7 43 11 51 90 12
63 16 10 85 41 19
31 28 67 4 38 5
49 84 20 3 45 22
39 50 86 17 6 68
21 37 59 9 1 35
74 29 48 8 91 62
33 65 14 40 36 18
83 56 2 13 51 54
70 60 12 32 44 79
57 89 7 27 87 30
11 76 34 52 26 25
58 61 42 53 71 66
75 82 77 41 72 78
63 90 15 93 24 23
46 80 55 88 69 16
81 64 92 73 47 43
10 48 17 36 45 79
8 54 18 89 68 44
86 59 22 62 12 4
49 42 9 85 34 31
41 14 74 52 67 83
26 40 53 60 77 63
90 38 65 37 91 78
16 23 43 1 39 75
50 61 28 81 33 21
6 15 88 92 7 20
25 64 87 80 3 5
47 57 70 93 11 55
84 13 29 76 46 35
72 51 66 69 19 30
58 73 32 56 82 27
1 4 71 24 2 10
68 42 36 37 83 43
79 8 67 34 88 78
91 77 23 49 25 50
33 54 9 7 53 64
70 31 59 61 75 15
55 21 22 72 44 38
86 81 32 90 45 76
63 46 52 6 57 48
16 17 92 82 30 13
2 20 28 18 41 11
39 87 58 29 65 60
71 62 14 51 73 80
89 3 19 35 93 12
24 26 85 27 69 5
84 66 74 40 47 56
