5 2 12 31 65 19
35 55 1 47 24 11
57 64 30 16 8 58
27 26 34 36 3 28
45 69 63 29 20 56
40 14 44 7 23 42
25 60 43 17 49 10
33 38 51 66 22 41
6 9 68 53 32 61
4 67 52 50 48 18
39 37 46 54 13 15
47 65 21 62 64 59
1 69 31 58 43 23
44 11 41 5 53 6
42 18 22 25 49 7
40 20 61 29 35 33
38 57 45 54 2 34
48 30 26 15 12 63
19 55 67 4 9 51
3 8 21 39 28 32
37 66 56 59 60 52
46 14 50 36 17 62
24 68 10 27 13 16
69 48 38 11 35 49
9 3 15 41 7 47
19 43 20 21 18 32
1 53 22 39 52 65
26 17 57 51 5 24
56 50 67 29 54 16
23 30 28 60 61 45
2 46 4 25 37 44
31 68 42 66 63 36
6 59 58 8 40 62
13 12 55 14 27 64
34 33 56 30 21 10
43 46 7 20 57 11
1 17 28 22 67 37
44 52 2 32 51 29
41 62 24 69 54 19
42 45 27 15 6 50
13 63 53 55 8 23
60 12 18 16 35 5
66 61 47 10 34 4
58 64 31 38 26 39
68 59 25 33 14 48
36 40 9 65 49 3
32 52 57 62 15 55
11 27 8 20 4 17
7 66 60 26 53 21
10 59 35 50 41 31
49 22 48 19 30 44
56 54 36 40 51 25
39 42 61 12 67 43
24 65 6 38 28 46
64 9 5 34 23 69
45 37 29 18 58 68
63 47 16 33 13 2
14 3 35 1 57 56
53 49 12 24 67 59
20 25 55 65 50 26
6 48 7 37 31 17
8 45 39 44 10 69
19 34 29 42 1 33
61 58 5 54 66 3
51 62 27 9 63 60
23 47 22 68 21 46
28 13 52 43 41 38
40 4 32 30 16 14
11 64 15 2 36 18
69 39 33 17 7 50
34 55 5 58 46 49
9 35 66 13 44 45
68 19 47 60 38 40
54 59 23 26 4 43
65 18 57 63 6 27
28 15 10 14 29 53
32 11 22 12 56 64
51 36 31 30 1 8
61 16 25 52 37 41
62 2 3 67 42 20
21 48 39 57 24 40
56 63 17 64 19 35
49 31 14 45 47 54
8 26 9 18 33 46
52 29 6 3 23 12
16 15 53 22 34 20
27 44 1 59 61 38
67 25 13 58 32 60
10 51 37 42 11 65
69 41 21 48 55 36
5 28 62 68 7 4
66 24 43 30 50 2
18 20 16 38 1 23
17 58 19 61 44 65
29 60 41 46 8 64
7 51 55 59 45 34
52 43 54 35 36 68
47 27 30 67 5 39
12 28 66 57 25 69
4 33 24 31 32 15
48 56 13 62 53 42
2 26 40 22 10 9
3 11 37 63 21 14
49 6 64 50 20 51
46 19 32 59 27 69
43 15 8 5 66 65
60 62 44 33 45 12
31 40 67 34 37 13
35 38 53 25 3 30
6 10 54 21 1 7
28 50 58 11 9 48
4 57 49 56 41 68
23 29 63 24 39 36
47 17 42 16 52 26
2 22 61 55 14 18
35 51 21 53 46 27
32 50 38 37 5 48
41 4 45 63 40 1
23 16 66 49 19 62
14 60 34 43 39 6
17 54 33 55 28 2
15 44 26 67 68 11
36 20 58 10 47 12
8 7 24 61 56 52
65 30 59 18 29 13
64 42 25 9 31 57
22 69 4 3 6 60
23 2 14 41 58 27
46 5 63 52 10 40
50 68 54 12 34 8
20 39 30 55 42 59
15 38 29 9 21 17
13 69 49 26 61 1
45 62 11 22 25 24
44 56 18 28 31 47
7 65 35 67 32 66
53 36 37 57 33 19
64 16 51 48 43 3
