6 86 76 29 11 28
77 59 42 97 90 79
17 81 25 73 35 20
23 10 64 24 4 39
40 31 16 36 41 43
49 88 19 80 69 74
92 70 85 3 15 1
71 58 48 89 44 68
34 46 75 84 66 60
32 87 67 18 30 94
61 37 65 96 51 55
62 83 63 72 91 78
56 93 47 26 21 27
52 95 57 33 12 14
50 13 5 53 82 22
38 7 54 8 9 2
45 48 24 25 29 34
76 18 20 60 68 4
40 44 10 6 85 59
39 46 94 92 81 61
3 27 89 23 87 72
79 93 62 15 57 86
73 84 32 42 88 56
17 8 95 13 43 96
65 36 2 28 1 67
82 51 12 64 9 70
16 77 21 83 22 38
80 97 33 5 54 66
26 90 35 7 53 58
30 14 11 45 69 78
47 31 37 74 52 91
55 75 41 50 49 71
8 19 4 63 89 93
57 85 32 1 36 1 72 64
38 1 18 73 95 82 1 40
46 1 83 87 86 17 44
39 29 66 3 16 51
88 45 27 20 79 54
67 60 53 56 52 81
68 90 69 61 28 70
58 80 30 34 77 10
2 97 49 22 78 76
14 7 31 59 25 50
19 84 55 35 47 92
71 94 12 37 15 63
75 13 23 1 62 11
33 65 24 21 74 41
5 96 26 6 48 9
43 42 70 91 44 54
64 61 86 20 2 66
90 60 31 27 49 82
58 85 81 97 93 14
47 28 22 87 7 71
37 56 83 75 8 39
23 88 34 65 57 38
30 17 72 29 33 59
1 91 24 68 5 19
78 79 40 67 50 92
96 62 3 41 76 77
53 25 74 84 6 18
46 80 43 73 63 51
13 26 15 45 16 42
89 32 21 55 12 69
9 35 52 4 94 36
95 22 48 11 10 60
70 33 23 83 71 79
41 34 1 54 47 61
66 78 81 77 37 6
44 67 88 14 76 90
18 63 97 31 3 13
51 68 32 26 86 8
91 45 28 89 64 73
24 59 80 93 55 95
4 74 15 48 38 30
43 25 57 94 58 56
9 11 84 16 50 17
87 96 29 82 20 52
46 72 49 7 40 12
62 19 53 10 2 27
35 39 85 69 42 65
21 92 5 36 75 45
93 38 44 13 64 37
79 89 41 60 80 25
8 1 84 81 22 30
43 29 55 90 83 18
63 74 56 87 61 40
11 27 15 66 24 67
35 3 50 48 32 28
97 36 7 19 34 96
94 42 53 51 23 49
77 47 95 65 68 46
12 4 91 85 17 26
69 20 6 31 57 75
59 76 82 54 39 71
52 86 10 70 21 78
9 92 33 88 62 58
72 73 14 16 2 5
25 40 13 32 19 83
42 64 96 27 50 46
12 66 45 38 43 47
44 51 69 4 56 97
81 82 7 75 24 89
57 59 3 21 11 8
78 71 17 36 53 88
1 55 52 39 26 77
28 20 16 34 33 93
2 92 91 18 23 80
72 54 94 86 48 31
60 14 29 74 70 35
22 73 68 37 67 62
63 30 90 85 41 9
49 6 58 79 65 87
15 5 61 76 95 84
10 82 36 32 38 46
