6 54 32 19 16 65
14 3 30 22 40 53
11 28 41 10 24 45
1 64 17 42 5 7
58 27 57 56 47 44
18 33 62 4 8 55
2 43 12 31 23 38
51 15 48 60 39 52
46 25 29 9 61 34
20 59 63 49 26 37
35 13 64 36 50 21
44 33 28 5 12 54
51 45 32 14 38 1
7 31 22 65 41 61
15 4 18 26 17 27
59 47 36 6 55 9
8 39 2 13 3 63
57 48 24 50 29 37
62 35 11 30 25 43
46 21 60 56 42 19
16 52 10 58 49 34
23 65 53 20 40 17
6 45 1 61 28 4 1 50
41 5 48 1 55 30 57 1
22 44 42 13 8 59
10 37 25 56 31 2
63 9 51 35 54 34
49 7 47 33 32 39
24 38 36 46 62 15
19 20 18 1 29 11
21 26 14 58 23 3
40 43 27 60 12 16
53 52 59 2 28 64
55 38 7 25 50 56
5 49 29 62 65 13
8 6 3 35 1 48
32 61 20 18 30 58
43 60 17 39 41 10
47 15 63 19 22 45
37 34 33 42 53 36
16 11 44 31 4 21
54 52 57 14 46 12
40 24 26 27 64 51
1 56 9 23 61 62
33 58 59 45 60 38
44 6 21 41 18 37
17 49 25 54 22 30
3 51 31 27 36 29
40 10 15 8 9 32
64 7 12 11 63 4
57 65 26 48 2 19
24 35 42 47 16 53
39 50 34 23 14 5
43 55 20 46 13 52
4 58 25 28 36 51
29 63 31 33 30 6
37 45 12 9 17 16
64 23 39 57 32 18
20 50 11 34 47 60
2 21 7 28 40 5
53 56 61 43 26 15
52 42 65 3 44 62
55 54 49 1 24 8
48 46 27 59 10 22
38 19 13 41 14 35
25 36 40 45 57 5
63 37 64 61 43 58
42 11 23 15 6 49
52 21 1 26 22 47
32 62 41 20 48 31
38 29 4 39 53 54
13 28 9 3 60 18
65 34 56 12 59 24
27 33 35 17 2 14
30 10 44 50 19 55
51 8 46 16 7 23
62 22 60 64 57 6
48 56 40 11 13 54
32 5 52 63 27 53
34 59 4 30 1 41
33 17 50 21 20 9
37 31 58 7 19 8
26 55 28 38 39 16
45 35 46 18 65 49
29 14 43 25 15 42
47 12 3 61 51 10
2 36 22 44 32 24
34 48 55 21 17 58
26 5 38 11 9 37
49 46 56 4 6 40
12 41 8 29 64 47
24 19 23 52 25 33
61 42 30 45 27 2
15 57 20 31 35 28
54 18 50 59 3 43
7 53 1 60 44 13
36 16 62 14 63 10
51 30 39 65 37 46
22 58 28 23 29 35
4 24 56 5 20 3
47 18 38 40 34 31
9 44 14 64 49 48
53 62 19 39 59 45
10 13 6 57 51 33
63 1 65 21 27 25
16 41 54 50 2 15
55 42 60 12 32 26
17 11 8 36 61 52
43 45 48 7 4 57
