21 4 3 2 24 7
19 11 20 22 15 8
28 5 1 30 18 14
9 26 12 29 32 25
35 6 17 34 10 31
33 13 23 1 16 27
19 26 24 28 31 18
16 4 29 10 17 32
6 21 13 35 22 14
20 7 25 12 34 5
2 3 8 33 9 15
23 18 27 11 30 10
8 5 1 33 34 1 29 13
7 23 11 1 6 24 9
19 1 2 27 4 35
28 17 20 14 32 21
30 31 12 22 3 16
15 25 4 26 20 29
9 35 7 14 16 19
25 22 34 15 1 30
32 33 2 5 23 31
8 28 26 10 3 6
18 13 11 17 12 21
4 20 24 27 33 30
5 21 22 2 10 16
31 25 26 7 13 28
11 8 32 24 1 18
14 12 3 23 29 19
15 35 34 17 27 9
6 14 2 33 12 20
29 24 17 1 7 22
13 19 10 32 34 3
18 5 15 4 6 23
30 9 28 35 26 11
31 8 27 21 25 16
23 14 34 26 2 4
17 30 5 8 19 9
1 29 12 27 28 21
20 10 15 24 31 13
32 22 18 7 3 33
16 6 11 25 35 19
29 7 31 13 2 30
21 33 35 32 15 26
24 27 10 5 25 14
4 28 22 12 23 8
16 18 9 1 20 6
34 17 33 3 11 28
10 14 1 12 15 7
13 27 32 22 30 6
3 5 29 20 8 35
31 11 21 34 9 4
25 2 23 18 19 17
26 16 5 11 34 24
