8 50 43 22 33 24
28 16 20 15 18 44
38 41 23 10 36 11
9 46 31 26 39 40
7 1 42 13 48 14
19 27 32 12 34 51
49 5 47 4 29 21
2 25 30 35 3 37
17 43 45 6 46 10
34 8 28 19 23 31
36 9 16 24 27 49
39 14 44 25 11 47
2 40 17 48 29 20
3 22 51 13 38 35
42 12 50 41 6 5
33 21 26 18 45 7
15 32 4 37 30 1
51 25 1 9 28 2 1 11
38 1 29 3 20 14 6
48 23 26 40 12 33
35 16 46 34 32 5
24 19 15 18 47 22
36 43 21 37 42 8
31 13 17 50 30 4
10 41 7 1 49 39
27 44 34 40 45 3
38 6 11 8 18 48
20 22 12 30 31 36
42 26 32 47 50 10
41 15 29 7 27 9
28 24 51 5 25 17
37 2 44 46 13 1
14 33 4 16 21 19
39 35 45 49 23 43
50 38 36 47 34 29
11 24 5 3 26 1
25 10 12 13 8 15
45 37 48 22 28 39
21 40 14 43 41 2
18 42 19 9 17 35
31 51 6 44 33 49
4 7 46 23 20 27
32 16 29 30 8 26
1 10 40 35 28 50
5 44 31 36 2 15
20 24 37 12 45 14
49 17 18 25 43 27
32 21 13 23 39 6
30 51 19 41 46 48
9 47 38 16 3 33
11 7 34 4 22 42
10 35 23 29 31 24
14 28 18 32 36 46
39 17 50 16 12 2
3 48 25 26 4 41
43 44 30 21 38 7
22 37 6 40 5 9
45 20 47 1 51 8
15 11 49 34 19 13
33 42 2 27 26 28
44 9 41 17 32 23
29 1 12 21 25 22
19 7 3 50 37 31
6 35 48 47 15 27
11 20 13 43 5 16
46 49 40 38 24 42
33 39 8 14 34 30
4 18 36 51 10 45
3 47 28 7 12 43
31 1 25 42 6 16
26 49 38 17 15 37
48 9 34 10 21 20
23 30 18 5 50 2
8 40 24 51 4 39
29 36 35 46 11 33
27 14 41 44 13 22
45 19 25 32 2 38

