4 67 58 14 54 48
34 11 1 22 36 63
19 38 7 43 51 41
59 44 52 13 16 57
27 23 66 20 12 30
5 33 17 39 55 69
42 47 3 62 68 71
35 31 56 50 15 29
64 28 18 70 53 25
46 49 37 8 40 60
32 65 10 21 45 61
26 24 6 43 9 2
11 63 58 42 52 20
16 67 51 5 3 69
48 50 68 14 7 49
41 21 29 23 8 70
40 65 38 24 35 17
45 53 2 36 44 66
6 59 15 26 47 27
34 57 61 19 12 33
9 32 56 54 64 13
22 10 31 60 55 18
30 46 4 62 1 25
37 43 71 28 39 11
69 29 48 36 59 53
9 70 19 17 32 52
54 38 66 10 27 50
64 44 40 47 7 22
24 18 12 4 39 63
61 26 8 56 30 67
41 46 62 16 14 34
20 35 60 57 3 21
45 23 55 15 42 49
68 5 6 65 58 28
13 25 51 37 33 31
2 1 22 71 17 27
24 60 69 32 62 14
43 36 20 64 55 30
52 3 67 15 38 23
66 63 47 56 21 51
34 70 26 45 68 54
28 7 48 35 18 1
61 2 13 58 16 49
8 5 39 40 31 53
59 4 65 33 71 44
10 11 25 57 19 41
50 42 12 6 9 37
46 14 63 29 17 64
1 7 45 8 69 58
22 40 62 67 13 59
51 27 36 4 43 70
33 41 15 66 9 28
50 60 57 53 5 42
68 65 47 31 38 11
44 29 20 61 6 18
25 35 49 12 16 54
3 39 32 10 34 30
48 19 55 56 2 46
71 24 21 37 26 52
23 22 43 47 57 14
62 11 17 18 50 8
39 13 42 70 66 20
63 2 30 35 69 68
25 28 60 59 48 38
55 21 16 6 4 64
9 71 29 34 3 7
54 23 32 46 31 1
44 49 24 27 19 67
5 45 37 52 41 61
33 53 58 26 40 10
56 36 15 65 51 12
39 6 50 23 25 4
27 28 55 29 13 8
66 52 43 49 48 3
19 30 54 14 59 40
37 15 62 20 5 7
21 10 9 1 67 36
58 56 68 18 46 33
44 34 2 42 64 38
71 31 16 57 63 70
51 53 47 35 61 32
69 26 41 60 22 65
11 24 45 12 17 56
21 15 44 39 54 46
29 1 42 16 43 33
5 23 35 66 13 34
36 32 37 38 22 26
7 57 59 17 65 55
60 27 9 68 25 61
70 69 67 12 47 28
14 52 4 2 10 8
18 20 71 45 40 51
64 50 3 41 58 24
49 6 19 62 53 63
30 11 21 31 48 5
38 8 46 9 59 12
32 71 60 67 29 66
65 37 18 3 2 27
28 70 14 55 26 44
40 16 23 43 56 45
31 39 57 49 41 36
13 6 10 7 30 69
33 61 64 11 52 35
19 20 68 50 4 1
17 34 25 58 47 15
53 22 54 51 42 24
48 62 27 63 45 9
16 69 52 40 66 11
38 49 50 30 33 70
17 44 4 60 56 34
7 61 42 28 36 24
65 48 26 23 19 39
68 8 57 15 51 64
67 35 22 6 20 46
47 54 10 2 37 29
13 14 53 3 25 71
63 18 59 41 32 5
21 12 31 58 62 43
1 61 40 55 50 34
15 20 16 24 10 48
36 54 33 52 71 6
4 49 26 7 46 11
51 57 23 2 28 62
30 45 39 60 29 47
25 66 22 8 63 65
27 64 31 69 42 19
55 58 9 44 37 35
3 1 56 59 70 5
38 12 14 18 21 13
67 43 17 53 68 41
52 33 39 32 27 7
29 51 26 25 64 65
46 66 59 31 24 61
71 58 5 49 9 23
70 60 13 11 15 2
3 30 28 22 17 45
63 55 43 54 67 50
12 62 35 10 68 44
69 56 53 20 34 21
47 8 19 16 18 36
1 14 6 57 37 38
42 41 40 48 4 32
