35 18 28 31 26 39
43 12 5 50 45 27
22 46 25 1 30 40
49 9 24 15 16 36
14 32 4 33 17 42
51 34 38 23 13 21
19 41 47 48 2 3
7 6 37 20 8 11
10 39 44 9 16 29
45 5 31 1 46 15
35 26 42 2 27 12
37 49 43 19 51 14
13 33 40 3 44 28
4 25 23 7 20 48
11 21 47 24 50 32
30 41 8 34 36 29
6 38 22 10 17 18
4 51 1 44 39 27 1 19
33 1 49 20 16 35 46
34 8 13 50 1 42
31 15 24 26 32 38
37 30 2 5 6 18
48 40 14 10 21 45
12 29 41 17 47 23
25 28 7 9 3 43
36 11 31 22 4 27
40 45 16 37 50 8
18 21 26 41 49 13
17 7 9 42 48 46
38 29 15 28 22 2
24 1 5 14 23 6
32 33 51 12 20 25
3 11 39 30 19 36
47 34 10 43 44 35
41 38 37 40 42 27
9 14 13 8 2 31
5 17 21 39 25 45
29 32 6 49 19 34
47 43 28 16 23 11
46 51 10 4 26 3
50 36 20 18 48 1
44 12 7 22 15 30
33 39 24 35 37 40
45 4 28 42 2 6
49 11 50 25 38 9
27 16 7 1 34 14
3 18 15 35 23 8
51 13 22 47 5 32
29 10 43 46 24 21
20 44 19 26 36 17
12 30 33 31 41 48
32 39 49 13 7 3
46 43 8 38 4 35
14 10 20 40 15 47
2 50 17 23 22 33
9 51 26 34 45 30
21 1 36 28 37 12
29 44 48 5 42 11
19 24 16 25 41 18
27 31 13 6 40 20
12 39 23 8 38 14
45 26 15 33 29 11
30 35 48 1 32 16
36 42 25 46 6 47
50 4 5 10 28 41
17 3 22 24 34 37
27 21 9 18 7 19
51 43 2 44 31 49
6 48 50 39 35 29
25 3 34 15 12 4
18 46 32 14 28 27
43 16 17 26 13 30
42 9 19 5 20 22
36 10 23 31 37 33
45 47 2 7 24 38
11 40 41 51 49 1
21 8 25 44 5 26
48 36 37 15 13 43
39 28 34 24 20 45
40 2 18 11 12 17
27 30 49 8 10 4
22 42 16 3 51 21
19 31 46 33 47 50
38 23 1 32 9 44
41 35 6 29 14 7
8 27 51 28 48 24
13 46 12 11 19 10
2 33 1 21 43 39
20 3 30 44 14 50
23 31 42 16 25 49
32 45 35 36 22 41
47 29 4 37 18 9
34 7 26 38 5 40
15 27 33 6 17 51

