9 1 47 12 19 4
8 43 16 21 33 29
28 10 46 41 42 22
27 5 49 39 30 26
37 15 20 18 44 11
13 3 34 25 45 51
48 50 6 17 7 14
35 40 23 32 2 31
33 38 24 20 9 36
8 45 46 47 49 10
39 25 50 16 44 48
51 11 35 6 30 42
43 26 40 28 18 3
4 38 13 22 24 15
29 36 41 14 12 1
23 7 5 31 19 34
32 27 37 17 21 2
39 43 49 35 22 9
33 8 42 14 50 13
16 31 36 45 19 6
46 3 7 27 4 21
44 30 5 25 23 29
37 11 28 40 12 32
17 47 26 24 18 1
51 2 10 34 48 15
20 25 41 35 29 38
4 40 39 11 36 45
3 22 6 32 24 5
16 37 49 15 7 9
46 31 30 38 28 17
21 14 34 20 26 12
18 42 51 41 8 27
33 50 47 43 10 23
13 2 48 1 44 19
11 49 14 3 24 31
45 39 32 26 41 38
40 18 22 21 35 25
12 34 30 42 43 13
7 1 28 5 37 33
9 29 19 15 17 6
20 27 48 23 47 4
44 50 2 51 46 36
10 8 24 16 35 32
39 15 11 13 31 33
22 34 37 47 48 30
12 5 9 50 46 27
18 45 21 2 6 28
42 7 10 3 40 29
26 14 19 38 44 51
17 20 1 25 8 49
41 23 16 36 4 43
31 12 18 3 32 33
13 27 35 34 29 28
19 30 24 50 40 10
8 5 4 14 37 2
43 47 15 6 41 39
46 20 38 26 16 7
9 21 11 48 51 1
22 49 17 23 36 44
25 42 37 43 33 45
10 6 34 38 27 40
5 21 26 15 13 41
18 14 35 9 46 16
12 51 39 24 23 17
49 32 44 42 4 20
47 28 36 48 3 25
2 19 8 7 11 30
22 1 29 31 45 50
23 13 21 10 9 18
33 6 40 49 46 48
5 38 43 4 17 11
45 35 7 44 47 12
19 15 27 8 22 20
1 41 32 30 16 3
51 29 31 36 26 37
2 34 25 24 39 14
28 42 15 50 20 23
38 12 45 5 48 18
1 16 33 27 51 22
19 21 3 44 35 39
31 17 9 42 47 2
11 41 50 49 34 7
28 24 40 29 14 8
36 32 13 46 37 43
6 25 26 30 10 4
19 33 17 34 18 41
2 39 16 49 28 12
35 48 24 15 5 46
27 10 44 1 31 43
4 32 50 40 13 51
6 38 23 37 3 8
14 36 30 21 20 47
7 22 25 26 9 42
29 4 45 11 33 46
50 1 35 37 39 18
41 2 3 31 6 20
24 43 25 7 51 19
48 21 38 29 49 42
36 17 12 10 26 22
40 16 47 13 11 5
34 9 44 32 28 8
30 23 27 45 15 14

