71 82 33 77 62 92
51 24 12 2 45 44
95 48 37 68 88 10
83 13 27 86 46 94
79 66 47 61 20 69
81 29 60 9 8 41
17 72 43 16 21 53
36 63 90 80 85 56
39 32 14 3 42 89
55 1 31 19 30 59
49 76 11 87 57 78
22 70 28 26 50 4
52 74 73 35 25 6
5 34 67 93 40 84
15 65 18 54 38 7
91 75 64 82 23 58
79 8 2 89 17 88
92 42 36 29 31 53
30 9 16 13 49 3
45 43 66 68 41 70
85 50 69 46 60 14
55 95 77 47 94 24
28 73 62 12 11 54
72 63 52 76 67 4
71 61 26 18 44 58
78 83 74 91 19 20
93 35 10 7 22 21
81 87 25 59 64 56
90 34 48 75 1 32
27 5 23 37 51 38
86 84 65 80 6 57
40 15 46 39 33 9
45 70 94 42 63 49
44 91 50 13 73 67
30 60 78 89 71 66
12 18 56 14 22 68
16 1 85 31 93 95
51 11 61 77 29 3
38 87 75 79 10 53
23 4 36 7 43 20
57 28 2 59 15 34
17 92 65 19 52 40
64 47 83 6 5 48
62 58 90 39 86 76
27 35 84 33 26 8
88 81 54 32 24 74
80 25 82 21 37 55
69 91 41 72 10 1
61 87 18 34 13 89
56 79 94 31 7 40
66 9 22 23 53 73
11 36 47 38 44 65
48 4 77 78 84 49
68 19 76 3 81 2
75 21 26 15 45 62
42 86 32 95 25 72
57 12 52 90 82 27
71 43 16 74 14 5
69 37 92 54 30 8
70 6 58 29 85 59
20 60 64 51 35 39
88 93 33 50 55 63
67 24 80 41 46 17
83 89 25 44 28 68
38 4 11 82 56 42
45 53 81 27 91 18
2 22 37 84 77 75
14 30 15 86 40 10
6 19 95 66 54 13
57 48 33 3 79 70
74 39 29 72 7 93
21 64 85 32 52 69
17 51 16 55 58 34
41 5 62 35 61 63
49 26 46 20 47 73
43 59 23 78 92 90
94 88 12 60 67 36
24 76 9 1 71 28
83 8 50 31 65 87
10 7 52 66 80 11
13 81 39 17 85 37
16 35 54 89 75 57
61 72 30 73 38 48
91 47 32 92 15 22
12 86 29 19 33 4
68 46 74 42 64 34
23 21 71 94 3 84
62 88 44 56 69 9
77 28 20 63 27 31
25 40 70 53 24 60
58 41 49 65 2 93
82 87 43 95 67 45
80 59 76 14 51 83
78 26 1 5 50 79
36 18 55 8 90 6
39 12 92 84 16 61
63 29 38 48 66 81
44 17 35 30 70 77
65 28 13 23 10 33
67 20 3 86 54 56
87 51 19 46 62 7
24 14 93 75 78 52
34 72 82 50 94 6
27 42 47 60 1 21
49 32 68 53 80 71
85 83 40 2 18 43
36 69 25 58 5 15
64 55 79 76 91 22
41 11 31 26 90 88
73 4 95 8 57 74
9 89 59 37 45 72
70 12 75 47 81 86
84 68 87 54 52 60
50 42 23 2 16 80
14 27 62 25 48 13
46 58 1 22 3 63
6 93 51 56 43 28
18 94 57 69 17 29
40 95 89 26 77 38
8 85 10 61 82 19
15 31 88 4 64 78
35 55 32 9 11 67
71 45 79 73 36 83
59 49 66 91 39 24
5 21 90 33 20 30
34 41 7 76 44 92
37 53 14 74 65 26
63 13 8 51 68 47
3 17 15 50 95 12
38 57 23 93 32 60
72 54 27 64 36 61
29 2 71 46 10 55
4 66 24 58 83 21
22 89 81 62 49 31
67 7 69 6 33 53
44 20 40 1 59 82
65 34 91 85 88 25
92 48 80 35 76 45
11 79 42 84 30 43
28 16 86 37 78 41
5 19 73 18 77 39
90 9 75 74 94 87
52 56 61 70 15 55
66 3 44 4 27 93
34 54 63 83 23 26
32 31 46 76 6 12
20 80 8 40 72 13
33 38 45 25 78 22
48 39 30 28 36 91
81 67 42 65 71 51
94 58 37 43 73 35
21 70 2 87 14 11
60 68 16 79 90 77
52 92 18 1 86 88
29 56 95 75 49 5
9 82 84 89 69 24
10 74 59 47 62 17
53 41 19 57 50 64
7 73 3 85 55 28
26 93 66 87 12 42
44 60 80 43 33 58
77 52 46 8 23 45
56 37 1 32 29 83
24 22 5 11 92 72
59 75 68 69 65 27
95 78 35 36 81 34
82 13 79 41 74 15
19 62 67 70 16 38
7 2 64 63 9 86
54 17 91 4 90 14
25 31 39 47 57 71
94 53 51 48 89 85
88 40 6 21 61 49
10 76 50 84 18 20
30 22 41 52 83 95
73 80 29 15 27 87
60 3 65 5 2 82
24 38 86 43 34 8
13 69 64 90 71 70
53 39 78 55 44 54
1 77 7 81 14 57
33 75 76 42 61 17
18 74 21 67 31 48
88 84 72 28 66 19
58 56 50 45 47 30
93 37 89 11 46 91
10 26 9 92 25 51
40 59 63 16 32 36
49 23 35 12 79 85
20 6 4 62 68 94
