42 92 39 2 96 88
25 20 36 16 76 72
30 14 48 4 9 29
54 82 52 31 80 74
12 34 32 75 85 10
45 79 1 67 22 47
33 66 49 5 17 71
68 60 24 86 56 37
28 55 94 7 70 89
84 95 3 64 27 46
13 57 38 53 11 90
99 26 51 15 69 18
97 63 40 81 41 58
50 61 19 59 93 73
8 65 77 98 44 21
83 78 62 43 6 23
47 87 35 91 2 34
7 74 17 36 4 95
80 46 48 57 88 45
75 84 54 37 1 11
94 86 15 82 13 33
79 55 50 92 30 90
40 44 85 39 93 20
21 81 14 18 52 32
41 10 43 22 68 66
56 73 16 53 83 63
72 27 78 97 19 42
9 67 59 31 23 25
38 24 6 51 49 76
58 89 29 69 98 87
99 91 64 60 8 5
12 65 70 96 26 3
77 71 35 62 28 61
53 37 1 80 94 1 20 41
83 92 1 19 18 46 44
52 13 50 34 43 1
6 67 93 33 27 56
51 78 2 90 17 81
55 58 9 10 86 72
48 91 16 49 22 40
36 47 21 54 61 89
11 42 66 32 24 95
60 98 70 30 97 71
65 59 69 39 4 75
85 88 62 29 64 79
73 31 76 14 96 84
23 35 57 63 99 7
26 25 28 87 82 38
68 5 12 77 74 15
45 56 18 3 40 8
93 36 97 86 52 91
19 16 34 95 89 6
2 62 80 75 13 21
78 71 67 32 76 54
90 64 96 9 43 44
7 10 87 49 92 31
84 15 53 25 4 24
27 57 17 98 68 61
70 29 45 73 51 33
20 5 82 35 59 83
81 88 60 47 50 69
14 99 46 74 38 94
63 79 11 3 77 39
55 66 85 1 48 65
58 22 30 42 37 26
8 28 23 72 12 41
44 97 32 80 15 89
61 40 43 87 70 5
52 47 9 71 68 19
81 95 25 45 62 86
76 7 27 59 79 13
88 49 4 20 73 99
31 85 36 33 46 78
93 34 28 48 83 24
69 1 42 17 3 10
56 41 64 50 14 65
29 21 60 12 11 92
23 53 22 77 75 51
82 98 2 84 16 55
72 18 96 54 38 30
74 90 37 67 35 8
91 6 26 66 94 63
5 39 58 57 32 47
89 33 64 42 40 52
92 97 65 28 99 13
27 69 25 80 34 77
61 95 49 78 9 56
73 36 10 2 48 38
24 19 17 82 21 22
1 44 87 16 94 81
76 37 39 29 66 23
35 31 86 18 53 12
15 45 83 96 11 58
43 8 20 57 84 79
41 30 67 46 7 51
62 54 59 55 60 26
4 63 70 93 72 68
71 75 91 88 90 14
74 50 98 6 3 85
13 39 73 22 12 9
89 23 92 24 81 27
66 69 52 28 45 20
83 80 86 61 67 99
94 49 97 64 47 59
11 51 55 19 36 8
95 1 15 21 30 93
3 72 31 37 2 71
26 14 68 34 78 7
16 18 41 70 42 57
65 33 43 63 25 88
46 54 4 79 58 91
96 32 74 62 87 53
56 5 75 48 76 98
38 29 84 44 50 35
40 90 82 10 6 60
17 77 94 85 37 92
