11 49 5 20 61 68
7 35 8 43 34 59
75 19 26 53 48 66
2 28 33 73 47 30
1 27 3 71 42 10
15 13 67 50 64 24
72 45 54 21 4 70
57 58 25 9 17 16
44 39 14 63 12 38
74 46 40 69 22 41
6 62 37 18 31 29
56 55 51 52 65 60
32 36 4 19 13 23
50 48 49 54 71 58
42 70 34 66 30 20
16 59 63 33 22 43
67 46 39 68 75 62
69 53 73 8 12 51
52 10 61 31 35 2
57 26 36 47 64 38
1 41 29 45 25 56
72 23 5 3 17 37
28 9 32 60 15 18
27 7 55 44 40 11
65 24 74 21 14 6
70 69 57 13 43 52
12 34 45 22 49 31
30 38 75 61 37 51
62 53 50 4 3 25
17 33 20 19 40 10
66 11 16 72 6 15
44 58 21 56 42 32
65 63 1 67 36 8
48 24 7 41 60 47
5 26 28 59 14 55
71 35 74 9 73 39
64 2 27 29 23 46
54 18 42 16 68 19
31 21 11 30 8 57
10 69 34 58 15 65
59 12 17 75 1 13
6 44 60 25 70 71
53 32 2 39 7 5
55 20 64 73 63 41
43 28 67 38 54 3
37 66 27 49 4 74
46 9 52 14 36 48
68 51 33 35 29 72
18 50 40 23 45 47
24 26 56 22 61 62
60 73 34 5 67 57
6 30 1 43 53 49
65 41 4 11 42 2
68 38 66 10 25 7
36 20 72 27 18 75
69 56 35 17 50 14
51 23 31 26 16 44
3 59 32 48 74 64
70 55 24 9 19 12
45 8 71 33 46 13
47 63 15 62 21 52
58 40 29 28 61 39
36 37 22 54 44 53
25 75 43 23 11 73
67 9 20 2 56 59
13 30 68 26 27 65
3 7 45 19 57 6
12 52 42 33 74 50
48 39 21 37 16 69
40 60 64 8 31 54
61 55 46 34 17 18
49 10 28 24 72 63
58 5 41 70 62 35
29 71 15 4 38 22
14 47 66 51 32 1
40 43 12 36 68 21
61 65 44 45 73 59
31 34 53 27 33 56
23 10 9 41 54 62
39 72 22 50 57 55
63 37 19 46 58 60
13 20 25 51 74 28
38 18 48 11 1 70
35 47 4 75 6 69
2 8 14 15 3 49
42 29 17 7 67 26
16 32 71 24 52 30
66 5 33 64 44 9
46 65 43 20 31 50
54 51 6 39 41 27
62 2 19 34 72 38
49 60 69 42 59 36
71 11 47 12 56 37
74 15 61 57 1 23
21 3 13 55 66 35
30 25 48 63 5 40
53 16 10 14 29 67
17 68 73 32 24 45
22 70 75 28 64 7
8 4 58 18 52 26
