31 85 93 71 86 58
75 24 2 62 77 80
32 17 16 79 11 8
83 30 28 35 52 5
38 36 25 51 54 45
59 18 44 81 33 57
20 84 13 50 41 12
87 21 88 69 73 4
29 90 64 47 91 53
22 72 89 74 65 15
78 37 60 43 56 14
19 46 10 39 61 70
68 92 34 55 40 82
26 63 6 49 7 66
23 67 76 3 1 42
9 27 8 44 48 31
91 59 80 73 35 38
5 85 53 74 18 16
72 13 83 32 58 25
64 21 50 57 46 75
24 86 39 30 78 65
84 33 88 28 63 71
49 82 20 2 60 52
76 9 10 92 14 4
6 67 79 34 41 54
62 42 36 17 15 66
43 3 61 90 48 69
26 81 29 56 27 45
19 93 47 7 55 23
40 70 11 77 89 87
1 51 12 68 22 37
31 30 16 10 57 59
84 39 92 49 5 91
58 2 8 78 64 9
86 33 21 72 76 38
80 44 60 45 13 66
61 27 79 24 20 74
34 56 15 69 28 11
71 81 89 25 23 41
43 7 29 54 4 1
47 67 48 82 36 14
51 87 35 85 50 17
83 42 37 88 19 26
52 40 32 90 75 22
65 3 63 12 53 93
6 77 73 55 18 46
56 70 68 58 76 62
38 16 24 64 49 41
31 80 69 39 29 33
43 50 30 2 36 81
54 87 83 59 92 23
4 11 60 67 26 90
28 93 40 66 37 9
71 65 77 10 79 13
51 61 55 91 14 75
70 88 34 27 1 18
53 45 46 8 62 72
63 68 74 48 32 19
5 7 78 20 22 42
12 57 17 86 89 82
25 3 44 52 85 73
47 15 84 6 35 21
65 49 40 29 67 51
50 58 28 14 39 77
69 2 91 18 83 71
32 4 55 41 59 37
66 72 11 5 31 75
48 7 33 30 34 45
42 82 38 93 79 73
80 64 86 20 70 81
60 53 27 76 22 6
46 68 88 17 24 23
62 74 92 57 25 47
63 44 78 16 21 54
26 87 10 15 52 43
56 9 1 85 13 61
90 8 12 36 35 19
89 84 58 3 29 79
41 82 31 7 76 83
65 68 5 73 2 33
4 77 50 25 42 27
11 38 6 57 88 78
75 71 54 47 60 39
55 62 85 28 64 26
14 8 52 1 74 86
70 92 17 63 45 90
19 9 69 20 30 72
16 91 22 46 56 3
48 10 23 12 40 80
36 61 18 37 87 84
81 35 34 53 13 49
67 66 59 89 43 21
15 51 32 44 24 93
29 55 70 60 83 50
17 6 25 33 14 64
41 47 63 8 69 22
92 12 77 78 72 85
26 79 57 23 91 9
81 90 39 88 62 7
75 28 49 86 59 68
1 71 48 87 38 20
46 93 84 27 30 67
42 51 21 2 18 11
66 54 53 82 32 56
37 10 74 58 44 35
34 76 43 65 80 19
4 45 15 3 5 40
13 73 36 89 31 24
61 52 72 16 6 71
27 41 87 78 90 28
30 23 64 77 63 51
69 14 42 85 84 54
35 93 29 75 88 48
22 66 2 10 25 55
60 74 3 59 17 34
18 20 67 92 31 56
24 8 57 5 43 70
50 26 7 38 65 32
80 47 46 37 49 89
21 1 19 82 81 58
79 53 86 36 40 44
33 52 62 91 4 13
76 73 45 11 12 61
9 16 83 15 39 68
41 17 72 93 10 18
66 57 27 3 71 51
56 80 55 42 74 87
35 92 1 60 69 24
79 25 90 21 37 30
62 5 59 6 19 29
14 44 2 70 12 26
54 81 31 28 46 65
83 78 4 53 48 84
45 68 7 52 89 64
91 20 76 88 8 85
49 77 33 9 32 36
13 75 63 67 38 15
39 11 82 23 43 22
73 50 16 86 34 47
40 58 41 61 60 30
72 57 90 84 80 1
18 78 35 68 66 79
89 69 5 93 26 76
9 17 52 21 55 53
45 32 91 31 10 42
13 82 70 74 28 51
87 29 14 46 34 63
58 75 12 27 16 43
36 23 20 4 6 65
2 86 61 7 15 92
77 38 3 8 83 81
40 59 25 88 47 56
22 85 24 33 19 67
37 54 39 64 48 73
44 71 49 11 50 62
