16 19 1 8 6 7
27 9 20 39 15 42
37 43 26 11 41 29
33 22 44 24 31 21
30 5 38 25 12 13
3 34 40 36 35 17
14 23 18 10 28 32
44 4 12 22 41 2
40 17 21 6 11 27
32 33 15 30 28 43
14 38 16 36 1 31
23 24 39 18 34 7
9 10 42 5 8 3
2 37 29 25 19 20
4 26 32 35 13 15
34 1 12 27 38 1 43 44
41 1 3 6 24 14 33 1
42 25 4 21 16 23
30 36 9 26 18 19
20 35 10 7 11 22
31 8 37 13 2 40
39 17 28 5 29 1
32 44 11 19 4 3
2 18 35 33 27 16
31 6 30 34 29 9
24 25 8 43 15 17
21 13 39 41 10 36
7 42 28 37 38 12
14 40 5 22 20 26
29 23 15 1 2 3
10 17 24 4 30 37
12 21 18 19 40 38
31 7 41 6 32 25
11 36 33 23 9 5
8 39 35 28 44 14
43 20 34 26 16 13
1 22 24 27 42 32
41 5 4 29 8 18
9 7 43 17 14 2
22 27 25 34 36 28
35 21 30 20 1 37
44 3 23 38 26 6
19 42 13 33 39 40
15 10 11 16 12 31
2 32 8 38 21 34
29 7 4 42 44 36
26 1 25 12 33 10
28 16 9 40 24 41
5 43 19 23 31 35
15 37 6 18 39 22
13 30 27 3 11 14
17 34 41 20 38 33

