4 20 43 7 10 48
11 33 50 44 41 8
6 23 39 38 28 19
49 32 9 18 40 35
29 36 21 51 1 22
46 5 25 15 17 14
37 12 45 47 2 30
31 24 13 16 26 27
42 52 10 34 38 3
40 17 5 20 11 36
4 46 1 6 49 47
28 16 7 30 27 32
22 39 52 41 24 37
35 44 29 45 31 8
23 15 42 43 50 18
13 19 51 25 33 34
48 3 21 26 2 12
52 9 41 14 29 4
6 1 38 31 40 22 1 47
20 39 15 51 32 44
18 3 33 5 21 16
17 9 28 1 8 26
43 37 11 13 45 49
48 34 24 50 46 7
10 25 23 36 12 30
27 14 2 42 35 19
47 8 5 32 13 52
29 26 40 33 43 39
21 9 34 31 23 11
19 49 25 3 7 44
1 6 35 20 16 41
46 2 10 50 51 28
38 4 27 15 36 37
48 22 14 45 30 18
12 42 32 17 24 33
7 41 40 23 13 46
26 35 51 37 50 4
16 11 19 52 15 48
30 42 49 8 21 39
2 20 24 9 25 38
44 5 1 34 22 12
14 36 31 3 6 43
17 47 27 10 18 29
21 28 15 45 52 20
24 30 23 5 4 35
32 14 50 38 1 13
8 43 17 22 19 2
25 44 40 37 10 16
46 27 45 39 3 9
33 31 29 28 48 49
12 51 7 11 6 42
36 47 18 41 34 26
39 45 50 16 4 17
30 29 3 24 40 15
2 33 1 52 7 23
35 47 28 22 11 25
34 37 8 21 14 6
19 18 20 12 31 46
51 41 38 27 43 5
9 48 13 44 42 36
26 32 6 49 10 22

