50 34 19 49 47 63
30 42 4 3 53 20
12 6 41 36 8 5
1 31 39 29 62 28
54 57 56 21 59 55
48 43 37 64 38 14
65 46 27 16 13 9
52 7 35 23 33 11
15 40 61 2 44 60
51 26 32 25 22 24
10 45 58 17 18 19
20 50 46 41 1 64
53 59 7 37 39 49
47 60 36 21 65 3
22 28 9 38 12 40
32 2 33 18 42 29
10 27 25 62 56 34
13 51 8 58 15 55
4 17 54 63 23 43
44 11 31 57 30 26
48 16 6 45 52 24
29 35 61 14 5 10
7 36 25 18 1 13 40
37 4 15 27 28 47
59 11 38 62 20 2
3 41 44 19 48 23
35 12 65 55 51 45
6 61 30 9 49 1
50 14 8 31 60 16
33 24 34 43 53 21
46 52 57 32 39 17
56 58 63 64 26 42
5 48 54 22 1 65
23 10 51 36 30 2
45 3 31 34 7 15
40 20 43 19 32 6
49 24 29 46 8 56
26 17 62 9 50 21
58 16 33 57 4 5
55 53 52 25 28 64
44 14 59 47 18 12
39 63 35 13 38 60
42 61 27 41 11 22
54 2 19 37 46 30
65 23 62 8 26 53
5 21 28 51 7 44
60 9 48 34 32 59
24 64 11 15 10 12
43 41 18 31 29 13
6 55 14 22 39 4
38 25 42 17 49 16
1 56 45 33 36 37
52 47 20 61 54 58
50 40 57 27 35 3
2 9 63 14 41 53
26 55 60 46 43 10
64 44 22 36 34 17
54 31 38 6 33 51
29 58 23 25 37 50
12 57 13 42 62 48
18 21 49 35 15 20
16 32 56 28 3 11
40 5 47 30 45 39
8 27 1 59 63 52
4 19 65 61 24 7
53 35 46 58 6 44
34 37 16 20 12 26
45 22 43 57 25 2
63 48 21 11 29 40
60 23 18 24 5 27
55 42 36 31 19 9
28 13 59 33 61 50
30 15 17 56 65 41
62 49 51 4 14 52
47 38 32 7 10 1
39 64 3 8 54 18
