6 10 8 21 34 14
2 20 16 1 18 12
28 5 3 27 30 32
17 4 23 24 13 11
31 29 25 35 15 7
22 19 26 18 9 33
10 23 12 5 25 21
7 34 2 15 9 4
30 29 13 6 33 1
26 32 14 19 27 24
11 8 31 3 16 22
28 15 17 35 20 6
9 1 12 27 23 1 29 2
35 18 8 24 10 30
33 3 26 25 34 17
22 28 1 19 7 13
32 21 31 16 14 4
5 10 11 20 19 29
8 24 9 32 15 13
6 16 30 25 22 27
23 28 33 31 14 2
21 12 7 34 11 18
4 3 35 20 1 26
17 2 30 5 7 32
8 21 29 26 28 25
4 22 24 12 5 33
18 20 15 13 27 31
9 23 16 1 17 10
14 19 35 11 6 3
34 31 4 27 17 29
11 1 9 33 25 8
22 2 32 10 35 34
7 6 28 16 26 24
13 18 5 14 12 3
15 21 19 23 30 20
33 13 34 16 35 5
29 24 14 9 22 20
25 23 11 28 32 18
10 27 21 3 1 7
19 17 6 2 8 12
31 30 15 4 26 10
7 33 20 32 8 23
9 14 17 30 35 21
13 16 25 2 4 19
15 26 27 12 11 22
1 5 34 24 31 28
29 6 9 18 3 23
