41 67 8 7 74 57
30 79 9 43 37 48
66 55 62 15 64 2
47 16 34 28 56 33
69 83 18 81 59 5
36 71 72 73 60 10
65 84 23 45 24 29
6 27 26 25 22 54
40 21 61 50 19 51
49 17 46 42 80 14
12 70 1 3 68 11
32 52 58 53 76 13
20 44 4 75 82 77
78 63 31 35 39 38
57 29 22 55 5 71
9 7 56 65 18 64
26 51 83 80 23 34
11 41 17 24 27 21
53 69 61 46 25 37
66 10 19 59 79 28
43 84 60 75 58 16
4 32 38 30 62 44
47 15 68 72 63 76
70 42 33 67 73 35
1 52 50 6 78 20
49 48 82 12 31 13
77 2 3 45 54 40
8 74 81 36 39 14
38 16 24 10 26 32
11 65 58 15 30 71
62 68 83 9 21 33
67 76 19 44 64 1
18 55 35 52 46 75
78 2 59 60 51 42
13 69 80 4 54 12
37 56 73 82 6 57
22 31 70 72 81 28
49 79 39 5 61 27
23 50 41 63 43 8
25 40 74 48 20 29
14 77 53 84 66 47
7 34 17 36 45 3
15 12 51 83 37 44
75 54 78 11 73 32
64 35 4 58 27 81
71 46 24 68 28 6
59 76 38 74 49 55
80 57 72 52 33 79
5 36 63 16 40 82
39 18 23 66 60 21
48 65 70 17 53 50
3 10 20 31 8 84
69 47 19 26 2 7
1 42 45 9 25 41
14 29 56 13 30 77
61 43 62 67 34 22
76 33 60 46 82 27
57 44 24 50 48 66
81 80 6 84 11 63
52 73 26 64 31 21
51 45 53 79 20 75
7 83 29 70 4 10
59 71 25 39 56 43
74 5 30 19 23 78
49 77 34 41 68 65
32 72 40 42 12 55
54 28 58 37 62 67
38 22 13 36 47 9
14 3 16 35 69 15
61 8 18 2 1 17
33 6 31 44 45 74
56 41 5 20 70 60
32 57 65 51 46 63
42 26 39 76 29 28
82 47 62 78 10 80
21 13 79 81 15 67
16 53 72 83 8 11
3 9 55 23 61 4
35 59 12 22 77 24
40 66 43 1 7 27
58 25 2 34 14 73
18 54 36 50 49 30
52 84 37 19 17 71
48 68 75 69 38 64
78 21 16 76 57 4
74 22 65 79 3 42
46 62 45 8 26 70
73 9 23 12 67 53
43 14 20 24 72 18
55 50 7 39 80 77
17 35 10 68 30 25
51 1 69 58 31 56
37 5 11 33 38 66
84 64 6 34 59 32
60 83 54 63 19 48
29 82 52 61 15 41
44 81 47 40 71 49
28 27 2 13 75 36
10 12 74 46 58 21
80 35 5 8 65 76
45 37 68 39 32 22
23 7 54 17 20 59
33 43 19 53 6 55
31 66 42 83 61 47
57 34 69 60 72 30
24 63 79 2 4 49
38 28 77 73 1 15
56 36 48 62 11 52
27 78 14 70 9 44
71 13 64 41 3 51
75 50 81 29 16 25
82 67 26 18 40 84
21 49 7 72 35 37
4 15 45 47 74 43
61 60 65 38 12 6
34 44 39 54 52 10
20 32 9 71 66 69
79 76 31 77 11 23
27 42 68 56 53 81
63 75 1 26 14 59
28 8 30 55 51 82
62 50 84 5 13 73
25 24 80 19 70 36
40 22 64 83 17 57
16 48 67 2 41 46
29 33 78 58 18 3
10 23 15 56 75 49
1 60 35 79 47 32
59 73 8 68 4 52
63 28 25 5 7 12
51 70 74 54 84 9
6 41 76 62 69 40
30 39 3 67 24 83
57 11 45 14 19 18
17 13 72 26 78 66
27 37 20 65 55 16
77 81 71 33 48 61
82 38 50 34 58 42
21 53 44 22 80 2
64 29 46 31 36 43
