24 13 11 14 27 16
18 12 15 26 23 5
19 21 20 2 1 31
3 29 9 30 32 10
6 17 28 7 8 4
12 10 22 25 30 9
3 19 7 13 21 23
17 20 25 22 29 11
1 32 8 31 18 24
14 2 6 28 5 4
26 27 32 15 16 1
19 24 25 1 14 1 4 17
5 1 9 13 8 26 21 1
20 3 6 15 11 31
23 30 18 27 22 2
7 16 12 28 29 10
27 1 3 17 8 22
21 12 9 24 6 16
4 26 29 19 30 15
14 28 23 20 11 32
5 2 25 31 13 7
10 15 27 18 19 16
13 4 30 31 20 28
18 22 14 25 7 29
32 2 21 12 11 17
1 6 5 10 24 23
8 9 14 3 26 30
22 23 15 4 24 2
1 11 26 19 28 12
16 17 10 20 8 5
6 25 18 32 3 13
29 31 21 9 7 27
12 20 2 25 3 14
9 1 22 6 13 15
16 31 8 29 23 19
30 28 21 32 18 17
5 24 7 11 4 27
26 13 2 10 6 8
5 32 19 30 7 1
28 3 18 21 22 24
17 31 27 14 12 26
15 25 4 20 10 9
29 16 30 11 23 6
8 27 25 32 15 28
7 10 26 24 14 20
16 9 11 2 18 29
23 4 1 17 21 3
13 19 22 12 5 31
2 15 8 21 14 7
11 10 19 22 5 3
23 31 32 9 26 28
30 17 24 16 25 13
4 18 20 27 6 12
29 14 5 1 25 21
