35 58 50 64 34 30
28 38 2 52 44 48
5 29 41 74 53 60
25 4 77 43 54 32
75 19 37 71 33 22
56 76 9 78 1 55
39 12 17 10 45 7
61 16 70 31 66 40
72 27 21 68 18 15
51 8 46 62 20 47
49 57 63 24 67 6
42 73 23 26 14 11
3 36 59 65 13 69
7 58 71 9 44 60
28 10 75 56 64 41
12 38 4 21 66 34
27 61 1 53 43 62
47 76 37 63 35 45
73 77 6 17 18 2
20 5 69 32 40 23
15 70 26 48 59 49
57 33 55 13 68 42
8 39 54 36 29 14
51 30 24 31 65 19
46 50 52 78 16 72
11 22 3 25 74 67
64 53 44 77 63 69
41 62 73 15 38 71
33 1 70 4 47 28
43 6 29 26 66 75
54 68 49 17 56 65
18 51 35 52 32 57
9 34 16 23 74 39
22 10 12 76 40 8
59 7 11 2 19 5
67 20 36 78 37 30
31 45 13 72 58 25
55 3 14 61 21 46
48 42 27 60 24 50
68 26 16 62 69 28
65 23 44 43 41 35
57 11 10 29 77 15
30 59 47 54 9 18
52 13 34 1 22 53
32 71 66 63 21 36
4 17 76 5 67 31
75 39 24 2 25 78
14 7 42 49 37 72
3 27 58 51 70 56
74 8 50 38 61 45
48 64 40 6 33 46
20 12 60 19 55 73
77 71 31 59 52 68
16 30 2 76 41 21
9 14 53 15 4 65
37 23 67 58 29 28
32 34 11 49 8 27
57 43 7 3 78 38
19 17 66 46 69 35
18 63 56 20 39 13
22 72 47 73 61 48
64 45 24 1 60 54
25 5 6 50 10 33
44 36 55 40 51 26
70 42 74 12 75 62
38 53 19 16 32 58
69 18 78 41 11 4
66 28 13 77 49 30
29 35 21 56 22 7
39 72 64 5 57 27
2 31 33 8 60 26
70 46 10 36 23 68
55 24 74 47 15 17
45 48 20 75 65 34
44 62 3 6 76 54
67 71 43 14 12 51
40 37 1 73 50 59
63 52 25 42 9 61
27 46 31 22 41 57
72 36 77 19 35 74
4 2 29 45 55 49
65 60 39 11 6 38
67 47 32 7 75 64
34 14 62 24 56 40
53 28 18 76 50 71
59 16 44 42 17 20
66 68 25 37 48 51
69 15 43 58 52 8
13 5 9 21 73 70
12 54 33 61 23 78
30 1 63 10 26 3
50 32 65 39 55 22
60 47 56 16 67 77
46 7 36 53 25 34
74 20 57 66 2 58
17 64 52 37 11 70
69 49 76 33 43 73
35 26 61 24 13 4
29 18 1 44 31 12
28 15 5 54 42 51
41 40 68 3 9 45
14 75 38 63 27 59
30 6 23 71 72 8
21 78 48 10 19 62
26 65 52 7 74 76
60 69 37 34 57 61
35 54 67 55 70 53
1 77 42 58 46 39
50 56 15 36 2 12
17 51 41 33 63 72
13 48 43 71 11 16
8 3 66 18 24 5
62 21 22 23 59 64
40 25 19 27 47 29
38 49 9 20 31 10
68 4 73 30 44 75
45 78 32 6 28 14
