25 9 22 16 31 17
35 41 38 1 27 19
13 33 14 15 5 37
39 40 28 29 6 30
2 8 20 3 11 32
18 4 21 10 34 23
12 26 7 30 24 36
22 17 32 14 9 35
31 23 1 16 33 2
11 21 26 19 7 40
41 25 27 10 39 5
4 20 12 6 15 13
28 38 8 34 36 37
29 18 27 24 3 19
25 6 23 26 35 22
16 14 11 36 5 12
21 28 37 9 29 20
2 3 31 39 38 30
34 4 24 41 32 7
8 13 10 1 17 33
40 18 36 14 15 22
20 21 16 7 3 6
39 34 41 35 31 8
13 5 29 2 12 9
33 26 30 4 17 38
37 40 11 32 1 25
19 23 15 24 10 28
27 39 12 26 18 9
32 6 20 1 14 29
30 8 34 25 24 13
4 37 41 17 23 40
2 27 35 28 7 36
3 22 16 33 19 5
31 21 38 10 11 18
15 8 9 23 2 7
12 16 30 29 19 34
20 37 1 27 22 31
40 41 6 13 38 18
24 26 5 15 35 21
36 25 39 4 32 33
17 11 28 14 10 3
29 15 16 41 30 18
23 13 39 12 1 21
27 5 14 8 4 40
32 28 19 38 25 33
17 36 35 20 24 31
34 26 3 37 22 2
7 9 11 6 10 4
13 19 17 23 36 32
24 29 22 38 2 26
18 39 8 20 28 41
9 1 3 25 15 34
21 30 14 6 11 27
10 33 12 16 40 35
5 7 1 37 31 29
32 30 15 8 27 21
9 6 36 40 2 24
22 28 33 11 13 41
7 14 25 23 12 38
34 18 20 5 4 16
31 19 10 39 37 26
35 7 13 3 17 25
5 21 22 28 30 1
19 41 2 26 20 14
36 16 10 8 32 29
17 34 6 33 27 15
3 23 4 12 40 31
38 24 9 11 35 39
18 2 6 37 8 17
33 29 23 30 20 27
36 1 4 28 25 5
14 37 24 19 16 39
40 3 15 38 34 11
35 12 32 22 18 7
26 41 31 21 9 13
10 38 40 5 20 17
18 32 37 15 12 28
31 33 34 6 14 19
4 35 25 21 29 2
11 23 8 27 16 26
7 39 24 1 22 13
9 10 30 41 36 3

