51 59 18 16 30 29
39 50 13 9 71 49
22 40 15 6 2 27
3 33 54 56 53 60
62 57 11 36 24 45
34 19 65 14 31 28
7 44 64 67 37 32
69 46 20 41 35 58
12 25 61 5 26 23
38 43 48 17 66 47
42 55 52 63 1 8
21 10 70 33 68 4
16 34 53 50 64 11
12 56 71 28 19 27
35 67 48 3 29 61
41 23 13 57 1 51
26 54 66 8 40 20
36 52 9 10 7 22
49 62 25 4 46 15
17 68 43 42 44 65
47 69 59 45 39 31
55 60 58 14 38 24
21 63 2 30 5 37
32 70 1 18 49 6
46 27 50 1 33 1 11 7
43 1 44 62 51 1 34 23
36 13 38 3 12 4
28 60 10 2 57 8
52 71 53 66 18 41
24 29 5 65 69 54
30 32 58 22 47 19
45 14 35 64 63 40
21 15 56 17 55 39
42 25 67 6 59 9
37 70 16 31 26 61
20 28 68 48 62 33
46 29 13 47 8 52
32 21 14 51 53 50
34 58 67 10 54 2
38 16 49 37 6 69
44 15 59 70 24 12
63 22 26 64 39 48
20 43 55 30 71 3
1 45 27 61 9 17
57 56 66 5 31 42
25 41 40 7 65 60
23 18 36 19 35 68
4 51 69 11 28 63
12 6 30 64 33 46
70 42 27 13 67 62
24 17 49 7 71 2
50 55 15 47 26 36
1 65 37 60 22 35
38 39 68 32 52 57
66 44 10 18 3 25
19 4 45 48 54 16
11 41 61 29 43 56
34 20 31 40 21 5
9 8 23 59 58 53
14 30 13 62 37 10
35 28 55 32 16 66
71 36 6 54 45 44
25 47 64 61 2 42
60 23 33 49 63 29
52 7 4 26 43 14
46 3 59 27 68 5
8 50 22 31 41 17
57 34 69 15 9 12
58 65 11 18 48 21
40 1 39 53 24 19
51 67 70 56 20 38
68 14 22 29 25 71
62 12 50 43 66 60
57 64 17 54 4 18
26 53 33 45 42 69
9 5 47 16 51 40
2 3 55 70 46 65
8 35 38 27 21 44
37 23 19 15 11 67
59 10 56 1 49 20
39 61 28 30 36 7
48 24 34 6 41 52
58 31 63 43 13 32
69 22 71 3 62 21
56 8 37 65 4 47
53 27 39 55 29 10
45 46 18 67 60 14
52 64 12 49 31 51
63 9 54 28 70 41
24 68 66 13 61 34
15 5 7 58 48 1
40 42 30 23 38 50
35 11 6 17 59 26
33 20 32 16 36 25
19 61 57 44 2 53
7 49 8 68 51 45
71 65 15 60 38 64
4 66 62 58 39 6
41 14 3 12 16 42
59 37 33 55 40 57
43 5 18 13 22 28
1 9 44 26 21 46
54 30 31 25 27 35
50 63 47 67 10 24
29 32 36 34 17 70
48 52 2 56 69 23
19 11 60 20 13 9
5 4 41 44 55 30
31 7 38 53 62 63
39 51 46 42 37 34
61 18 14 33 15 8
69 64 43 25 19 70
10 48 26 71 32 59
65 6 29 20 57 50
27 67 49 66 36 21
28 17 3 40 58 52
68 47 1 11 12 54
23 45 16 22 56 24
2 33 51 35 50 43
