27 33 28 9 35 18
36 51 70 72 38 37
21 6 29 22 23 8
63 42 66 48 60 41
12 34 43 59 10 73
46 2 57 47 30 24
31 62 39 15 3 25
26 71 32 1 44 65
55 40 13 16 56 14
4 54 61 7 45 17
68 49 19 20 52 64
69 67 53 50 11 5
58 62 3 18 24 51
39 66 72 57 35 12
21 28 56 34 38 30
31 25 47 33 26 54
14 65 59 9 8 61
37 5 71 16 10 48
2 58 50 42 1 52
23 44 20 63 67 64
22 40 41 7 69 27
45 68 53 29 70 32
60 6 17 11 43 55
73 49 13 46 4 15
50 12 19 36 8 26
56 59 42 1 18 66 20
28 14 23 54 2 52
10 40 7 21 68 62
58 64 6 5 33 45
3 63 22 72 46 16
60 15 43 19 70 9
55 48 1 39 47 61
13 34 31 17 53 51
57 29 69 49 71 36
4 24 38 65 67 41
44 25 30 27 73 37
23 32 11 3 7 35
40 6 59 28 46 50
12 9 52 63 70 62
39 71 68 49 34 14
38 8 10 33 2 22
25 37 41 5 57 17
56 11 19 47 4 44
73 65 29 1 60 51
18 13 16 32 45 69
21 67 35 43 42 31
72 48 24 55 27 20
54 15 53 66 26 58
64 30 3 36 61 10
8 46 19 70 25 71
60 4 52 59 32 37
6 51 45 44 56 39
14 21 50 41 73 33
65 57 54 13 20 22
30 29 9 48 12 58
55 66 28 11 31 36
61 27 42 49 53 72
34 35 5 40 26 63
2 17 15 67 16 68
69 62 38 47 23 1
24 43 29 7 64 18
32 58 31 20 73 56
59 9 44 57 53 21
13 11 33 42 37 39
10 17 4 50 72 27
69 5 68 61 28 60
71 3 38 43 6 66
18 63 2 70 7 26
45 14 40 19 1 24
15 55 64 41 30 8
62 46 67 35 48 54
52 23 16 65 25 36
51 47 34 12 22 49
71 2 73 5 59 13
40 9 42 4 32 6
1 64 8 37 31 66
24 17 63 56 33 15
68 72 35 69 58 44
25 38 51 61 50 48
49 52 3 45 21 55
65 20 7 47 12 70
16 22 43 53 28 62
10 30 18 54 19 67
60 39 46 26 41 23
57 27 14 29 34 11
36 48 32 8 21 17
15 45 47 42 71 12
70 50 49 5 24 66
37 53 65 62 35 56
43 20 2 25 39 40
33 44 61 34 52 46
1 16 11 72 54 9
41 29 28 3 13 10
19 69 73 6 55 63
30 27 26 68 59 23
67 38 7 58 60 57
14 36 22 31 18 4
51 54 11 64 40 71
52 41 5 56 72 43
33 17 49 2 65 3
6 1 12 24 68 25
16 47 27 66 60 21
62 26 44 29 61 13
23 70 57 51 10 42
20 15 37 46 14 69
7 19 59 38 31 48
9 36 67 73 45 34
39 28 8 4 63 58
32 64 35 22 55 50
53 18 1 30 49 60
37 11 21 2 24 12
27 5 70 14 3 54
23 13 72 40 68 31
28 36 7 44 51 15
48 69 26 64 56 4
50 63 30 45 43 65
41 16 34 20 8 6
66 57 62 32 19 33
9 55 58 25 10 46
73 39 18 53 52 38
35 42 47 17 29 59
71 61 56 67 22 28
27 1 36 43 13 63
62 72 60 64 50 34
31 44 10 24 16 49
48 18 65 6 15 57
38 12 46 17 32 14
8 54 42 68 3 73
61 19 45 35 41 2
52 37 40 29 47 67
59 22 70 11 58 39
71 33 4 53 23 55
26 5 20 51 21 9
66 7 25 30 42 69
