38 15 1 33 6 39
25 31 2 27 9 3
24 11 26 13 8 34
22 37 16 19 36 23
18 21 28 4 10 20
7 32 14 29 5 12
1 35 17 30 23 27
15 8 33 38 28 9
19 16 25 7 5 34
10 21 31 36 11 32
37 2 24 12 4 18
39 13 17 20 3 29
6 30 35 14 26 22
33 1 23 38 21 1 2 4
9 24 18 16 36 1 29
10 3 30 6 19 7
25 14 37 28 39 31
26 32 12 34 27 20
8 5 17 15 35 13
22 18 7 11 1 4
29 37 23 34 38 26
3 25 17 24 33 21
5 32 31 28 30 22
9 20 11 14 15 19
1 39 36 8 2 35
12 27 13 16 10 6
9 34 37 17 20 30
5 3 15 36 26 18
31 13 11 23 7 39
19 28 10 29 35 24
1 6 14 38 16 21
8 4 22 25 27 32
2 12 30 33 17 11
23 1 5 10 24 39
34 29 28 6 36 27
32 19 38 18 25 13
4 33 16 35 31 26
21 7 37 2 15 9
12 22 20 3 14 8
27 29 33 11 19 5
35 32 9 37 18 6
14 4 34 3 13 1
26 20 2 31 24 16
23 22 21 28 12 8
30 36 15 10 38 25
17 7 27 39 18 14
13 26 19 2 1 28
21 34 3 35 37 10
36 31 4 17 12 15
33 9 7 24 22 32
11 29 6 20 23 25
39 8 38 30 16 5
27 14 24 37 33 36
15 34 10 22 17 2
5 39 26 21 9 12
16 11 23 32 28 3
20 38 35 7 25 1
31 6 8 4 29 19
18 30 33 13 21 36
