13 60 68 67 64 62
58 96 36 71 27 72
19 9 56 74 89 93
57 83 84 23 7 75
61 55 26 34 1 14
33 11 91 70 8 16
87 5 65 21 25 52
22 38 81 94 85 4
51 80 77 35 10 50
53 45 98 29 90 39
30 24 54 99 46 40
2 28 78 86 37 15
12 73 32 59 6 79
43 18 49 76 3 44
63 20 42 48 92 97
17 88 69 95 47 41
31 94 66 93 87 82
85 34 83 21 39 8
29 81 58 60 23 50
86 25 33 9 14 51
55 96 15 24 75 6
45 5 44 54 62 1
92 52 98 2 13 19
68 49 40 36 32 47
72 61 4 79 3 82
78 91 48 31 26 30
99 41 57 67 65 77
22 43 35 95 7 71
46 97 84 38 18 16
88 28 11 80 90 42
20 66 89 69 64 73
37 59 70 10 74 63
76 56 27 53 17 12
94 78 9 50 92 44
82 24 39 57 2 81
71 99 49 8 1 19
67 95 79 3 5 14
4 87 6 28 77 34
83 73 18 62 47 31
43 84 54 90 93 69
85 40 15 89 16 45
91 37 80 72 75 97
21 42 22 36 30 10
20 65 88 70 13 27
38 52 33 68 48 11
59 55 17 53 35 96
51 29 61 7 56 66
60 32 86 12 74 46
23 98 76 64 63 41
93 58 26 25 57 8
30 84 81 79 47 37
54 21 2 18 70 77
65 94 42 3 33 71
53 50 9 11 95 24
27 40 31 28 19 61
92 60 1 88 38 82
98 14 64 49 91 6
96 74 73 78 41 45
90 15 51 13 99 72
43 63 66 85 17 52
16 32 7 48 62 25
36 26 89 12 35 83
10 34 46 23 20 5
39 97 87 56 44 58
76 69 68 55 80 22
75 67 29 86 4 59
15 53 79 1 42 91
60 40 63 95 18 65
19 11 41 14 81 7
77 8 17 84 48 36
66 38 28 3 10 13
47 9 35 87 20 57
26 23 85 73 56 88
45 30 71 2 59 50
72 12 67 69 49 94
39 46 27 52 22 6
37 68 31 5 29 99
83 82 55 74 33 97
70 34 90 75 92 32
21 51 4 24 43 62
25 98 89 78 76 61
80 64 16 96 44 93
58 86 17 54 10 65
71 11 67 40 84 87
19 69 38 42 26 37
63 3 57 55 88 30
1 85 74 31 2 75
27 68 82 23 51 91
62 73 95 52 97 49
41 44 79 20 29 28
5 83 76 61 90 58
6 99 36 93 86 53
45 7 8 4 80 92
81 72 78 46 66 21
48 47 94 64 89 43
16 24 59 98 77 60
22 96 18 9 13 34
70 14 25 15 12 50
32 39 56 35 54 33
93 71 10 90 79 62
80 5 86 85 49 30
11 99 20 2 55 58
89 57 92 17 21 68
75 45 3 19 46 48
40 83 44 6 37 51
24 64 12 42 29 84
50 22 73 28 65 98
39 91 77 25 63 96
31 82 54 76 67 9
14 35 23 13 8 78
1 36 70 66 4 95
69 18 97 61 88 59
33 7 34 47 53 72
27 26 74 43 16 81
56 52 94 15 41 60
32 87 29 38 83 63
84 91 99 45 10 9
17 51 46 71 31 14
44 2 90 89 23 67
18 19 64 39 4 11
28 70 7 69 58 24
62 30 20 33 98 12
78 80 43 65 82 53
92 16 72 95 55 86
49 75 21 56 93 38
47 60 96 5 50 26
81 52 13 32 76 42
66 6 41 97 25 35
79 36 88 34 94 74
77 1 3 22 37 40
8 73 87 68 54 61
15 27 48 59 57 85
64 95 51 58 78 38
11 30 93 72 65 83
52 71 90 82 12 18
97 4 10 32 31 89
96 19 33 84 88 76
40 79 55 9 70 43
37 36 92 62 41 39
7 86 20 91 94 3
67 6 68 26 63 45
8 69 75 98 27 5
35 34 16 49 2 29
14 28 53 54 85 60
47 42 25 59 56 99
50 13 80 46 57 1
17 22 24 74 87 23
44 48 21 73 15 66
81 61 93 77 68 20
86 39 76 38 79 11
10 12 7 88 98 40
82 8 67 30 96 32
35 75 62 99 28 94
50 16 3 52 54 83
1 24 90 63 14 56
41 31 59 33 21 80
97 9 2 26 17 64
57 72 29 73 43 19
87 53 48 51 81 69
66 77 74 92 58 15
6 42 23 18 89 5
60 49 78 84 22 70
4 13 47 55 71 91
34 95 37 27 45 25
65 44 46 36 61 85
83 59 28 68 43 1
7 50 64 75 79 87
56 82 21 40 86 69
41 3 12 16 58 9
5 93 2 88 32 22
30 90 60 73 17 4
14 97 13 94 77 45
49 61 57 37 11 96
29 33 95 46 15 26
98 85 55 42 51 36
99 48 23 39 70 80
63 89 54 34 81 71
18 27 47 24 78 92
91 62 65 6 76 38
25 19 53 20 67 10
44 74 52 84 72 35
8 31 88 66 50 86
79 46 56 83 68 98
64 36 5 57 33 28
42 70 75 82 45 17
4 78 63 16 69 99
77 9 49 90 7 27
26 71 32 80 20 24
91 93 34 52 40 73
58 35 37 48 67 18
29 92 10 96 76 85
89 72 62 87 59 14
94 1 84 51 39 30
61 6 13 74 21 95
11 15 22 97 54 47
65 23 12 19 66 55
3 25 31 44 60 81
41 38 2 8 53 43
