19 16 1 9 8 32
7 26 22 25 21 2
34 23 24 18 35 31
27 28 5 12 3 13
14 10 33 30 29 17
6 36 11 4 15 20
12 18 16 22 34 5
25 23 10 19 32 3
29 4 6 28 2 31
26 36 15 24 1 17
33 30 20 35 8 21
9 27 13 11 7 14
26 34 28 5 10 36
21 20 32 15 29 8
4 13 31 19 35 25
12 6 24 11 17 23
7 33 18 16 27 30
22 3 2 14 1 9
35 5 32 31 11 26
21 36 17 19 18 30
15 7 1 28 23 8
29 9 22 4 10 12
6 27 2 16 33 13
3 14 34 24 25 20
22 4 21 32 11 28
10 18 8 33 35 12
23 14 36 5 7 16
2 17 26 20 3 9
27 29 24 6 1 25
30 13 15 34 31 19
32 23 4 36 22 33
1 5 21 20 2 12
26 25 8 34 30 6
18 3 29 15 19 14
9 35 24 13 7 28
17 31 16 10 11 27
1 18 23 30 26 4
2 5 9 32 13 34
10 6 19 24 21 7
29 33 11 8 16 3
17 20 27 31 22 15
28 14 35 36 12 25
16 21 34 3 24 4
8 22 20 23 19 27
7 6 35 29 32 1
30 31 14 26 9 10
36 28 18 2 13 11
15 12 5 17 25 33
35 30 3 22 6 16
31 8 27 36 4 9
12 11 19 33 26 1
25 15 28 24 2 10
17 32 7 20 34 18
13 14 21 5 29 23
1 2 4 8 24 30
33 31 3 34 36 7
5 17 19 27 22 35
9 28 12 6 32 18
25 16 14 11 21 15
10 20 29 23 26 13
32 12 30 3 27 36
8 4 7 14 5 6
13 1 10 18 15 17
11 34 35 2 19 29
20 16 26 28 24 22
31 9 25 21 33 23
