19 64 69 3 66 40
36 59 32 9 35 72
44 55 38 18 45 75
30 60 48 37 21 31
15 28 16 17 50 47
24 13 52 11 7 8
46 76 51 22 68 2
58 63 43 6 12 20
10 54 61 26 29 57
39 67 70 33 73 34
56 74 49 62 65 1
41 25 23 53 71 5
4 46 27 52 42 14
24 20 35 66 18 22
37 12 50 31 51 13
38 11 19 68 9 33
65 55 30 58 32 69
59 16 53 21 74 29
23 48 56 27 2 39
25 42 75 61 3 49
71 26 60 63 1 4
6 57 45 40 7 47
44 41 15 14 43 70
10 5 62 36 17 64
34 8 28 72 73 54
66 67 46 76 38 53
39 22 9 29 60 25
27 32 50 24 40 26
71 59 42 70 47 58
57 31 4 15 20 49
18 74 61 41 63 28
54 35 2 12 33 62
21 44 3 68 37 73
56 8 64 16 30 6
72 13 67 14 19 55
7 23 51 69 10 48
34 45 52 5 17 1
76 75 43 11 36 65
33 63 25 46 73 32
8 70 16 35 58 68
19 27 26 53 37 74
71 12 51 28 49 57
47 39 61 38 72 64
44 17 7 60 50 65
22 34 24 3 31 10
43 48 9 42 54 5
52 66 36 30 45 56
67 55 11 20 41 62
14 13 76 59 23 29
1 18 6 75 4 69
2 21 26 15 40 72
74 64 12 32 42 34
73 66 63 9 7 27
50 56 41 38 10 49
59 5 33 51 44 8
69 14 60 43 16 57
55 29 31 52 47 35
20 65 40 28 39 46
76 61 25 45 62 37
19 71 6 22 15 48
3 2 1 70 53 36
11 54 68 23 4 30
67 75 58 21 24 17
18 56 5 13 47 73
37 29 10 55 42 63
45 46 31 9 69 59
65 72 66 71 3 16
25 38 40 4 48 35
28 53 24 60 15 64
43 21 68 62 26 34
39 14 20 1 54 32
33 58 74 52 76 7
41 75 6 2 30 13
67 36 23 50 44 22
57 12 18 17 8 19
61 27 70 49 51 11
1 25 21 55 43 28
74 39 38 5 69 24
45 33 71 26 6 14
40 22 54 53 56 44
73 15 10 65 35 59
57 52 63 36 50 76
62 16 7 75 70 20
30 68 47 12 67 27
48 37 18 46 64 58
42 49 72 60 13 23
17 51 41 29 9 3
8 4 2 66 34 61
32 19 44 31 11 56
33 28 69 36 75 27
40 52 37 54 70 65
53 49 45 18 30 39
5 22 14 21 7 12
76 29 35 43 24 71
64 68 66 1 59 50
3 62 4 48 32 13
16 26 51 31 41 42
72 11 10 6 25 67
73 60 57 58 23 38
8 46 9 15 55 74
34 2 19 47 20 63
17 43 53 61 33 13
68 28 42 45 41 32
49 69 54 64 76 21
50 62 72 29 4 58
12 48 39 26 66 11
23 31 75 63 40 8
57 1 67 35 5 37
7 56 15 25 34 55
38 17 73 74 22 71
9 10 2 18 52 16
20 60 3 27 6 59
47 14 65 24 51 36
30 44 70 46 61 19
42 50 11 69 35 53
5 15 29 75 33 66
48 1 41 8 72 76
22 38 52 59 28 62
13 63 9 39 57 21
27 31 14 65 64 25
16 61 36 12 40 73
58 24 45 51 19 54
20 74 44 10 71 30
49 7 37 32 2 43
26 3 46 56 67 47
4 6 55 70 23 17
34 68 29 60 18 40
62 8 21 42 19 39
13 58 22 1 27 45
11 73 74 2 14 50
54 30 15 63 38 3
31 9 71 7 61 67
64 18 23 26 65 33
70 59 41 25 24 12
37 72 17 69 20 56
51 47 55 66 43 60
75 53 52 68 57 48
35 36 34 49 6 46
4 76 28 5 16 44
32 21 70 10 27 18
63 71 17 64 11 59
29 65 2 67 45 8
54 57 66 74 25 31
13 69 15 61 52 68
50 5 43 72 46 30
51 32 53 6 34 38
40 9 28 14 10 58
47 62 24 23 37 1
19 36 7 41 39 4
48 49 55 16 33 22
20 26 42 44 73 76
35 60 12 56 3 75
