67 53 37 12 18 20
48 64 73 29 24 63
9 1 11 52 7 47
57 10 51 3 46 22
43 2 15 28 69 74
8 5 42 56 70 38
21 54 17 23 6 72
35 45 68 61 16 62
75 32 50 58 4 41
26 65 40 19 13 31
59 27 34 33 60 66
36 14 71 25 55 49
44 30 74 18 39 64
72 48 70 69 12 57
10 24 5 58 20 7
40 75 53 15 11 3
2 6 45 26 47 4
59 35 33 73 68 21
65 23 43 52 62 29
55 1 50 44 28 42
19 67 36 46 63 61
49 34 41 38 22 13
71 25 60 66 8 30
27 51 56 16 31 17
37 32 39 14 54 9
53 74 5 68 50 48
4 59 44 40 29 70
62 57 18 1 15 58
20 3 28 42 34 21
51 61 71 13 47 33
16 11 55 37 60 24
41 22 64 45 9 65
30 69 49 54 35 10
12 25 23 32 56 19
75 6 8 43 36 27
7 73 38 14 26 46
63 31 2 66 72 39
17 45 67 59 15 52
44 16 29 33 69 54
61 30 20 41 56 1
24 13 25 57 9 53
60 70 68 7 75 65
26 51 23 55 66 48
38 36 74 32 72 52
64 37 28 10 71 67
4 62 27 5 49 39
31 46 43 34 58 50
3 14 73 8 47 18
22 35 6 2 19 11
63 17 42 21 40 12
7 74 56 45 13 66
51 52 69 20 4 60
72 65 24 5 71 43
23 67 34 14 57 16
70 18 35 27 55 9
42 58 36 2 59 53
39 73 12 6 10 1
61 64 33 11 49 32
3 21 38 29 50 19
41 8 44 31 15 68
62 26 54 28 40 63
47 48 22 75 17 25
46 37 13 30 23 35
33 55 51 6 74 58
71 57 7 4 43 61
65 3 12 9 49 59
54 45 18 70 19 34
66 1 21 53 38 69
41 67 11 73 72 44
39 52 46 68 28 75
47 29 31 36 24 30
56 50 63 22 37 14
48 16 60 32 10 40
8 17 62 64 2 20
25 42 15 27 5 26
72 19 35 53 44 52
24 61 34 39 75 74
65 50 69 67 6 47
22 31 4 1 33 23
16 73 2 71 70 3
68 29 58 17 37 26
43 41 25 18 21 10
20 32 14 15 27 13
38 11 30 12 28 51
5 66 40 64 57 36
46 49 45 8 63 55
54 59 56 62 7 48
9 42 6 60 58 23
69 26 24 17 18 32
52 30 27 50 61 73
34 12 36 35 44 71
19 47 57 39 41 55
72 33 25 45 40 20
63 9 3 56 68 4
28 53 22 7 8 16
13 70 59 11 43 64
38 15 66 48 65 54
67 29 49 51 42 75
5 21 37 1 46 2
60 14 10 74 62 31
47 58 72 35 56 28
63 27 7 23 3 41
66 43 9 73 17 19
13 54 8 24 4 67
16 38 37 25 39 59
44 60 26 21 22 61
55 65 57 32 2 30
70 36 10 50 33 15
75 71 46 69 42 62
53 12 29 14 5 45
40 68 64 34 51 1
31 52 18 49 48 6
74 20 17 11 63 65
28 39 60 36 13 73
62 66 32 37 44 3
55 23 69 61 59 5
15 19 4 30 64 16
22 54 68 43 12 47
58 27 11 48 45 21
46 40 56 6 53 71
57 20 75 31 38 35
50 7 2 18 25 51
10 9 72 29 34 8
42 52 33 24 41 14
49 1 70 74 26 67
