4 12 11 37 27 50
21 8 16 20 5 19
68 24 33 57 49 36
47 51 30 2 53 58
15 60 43 22 65 13
54 17 67 34 18 26
7 48 73 71 66 62
25 64 72 35 6 55
10 59 56 38 31 14
23 28 46 63 45 9
3 39 29 41 52 42
61 40 70 32 69 74
44 62 15 1 12 30
47 13 50 65 55 21
6 24 10 66 27 34
8 2 45 31 22 64
9 18 37 53 19 29
17 33 14 32 63 25
16 56 54 72 36 48
71 5 70 4 46 49
61 67 41 73 11 57
52 69 35 43 74 59
40 42 44 51 20 7
60 68 23 38 39 26
22 3 58 1 25 28
4 1 37 8 54 10 1 63
16 1 70 36 9 34 41 1
15 73 67 45 21 56
11 62 53 33 44 64
14 19 72 39 50 43
32 55 51 52 23 24
49 7 65 2 1 61
57 20 66 28 18 38
29 30 46 74 48 68
26 31 13 58 5 69
42 35 71 60 27 6
17 40 12 59 47 3
19 63 56 24 11 2
65 66 8 39 9 4
36 32 43 10 1 73
5 34 38 74 15 50
48 31 37 67 20 60
42 49 25 53 13 52
64 51 61 18 16 3
26 14 40 62 41 45
46 17 27 55 72 57
69 54 21 44 71 58
70 33 47 30 59 28
22 29 23 7 6 12
35 15 10 68 19 51
63 8 18 56 65 42
61 26 4 25 48 34
44 74 39 37 45 49
50 59 64 57 46 60
69 38 66 41 53 17
58 14 12 6 52 73
36 24 5 47 22 62
9 68 20 54 43 11
27 21 31 32 3 30
29 2 71 40 72 33
16 13 1 67 23 70
55 28 14 35 37 7
48 52 22 10 47 44
62 38 6 51 4 69
30 56 9 26 32 50
39 58 73 27 64 40
12 46 19 66 33 67
28 54 61 42 43 24
20 2 59 36 71 13
41 1 65 34 8 68
55 3 63 16 60 5
23 74 57 53 72 31
29 35 18 49 70 15
7 45 11 17 25 21
50 52 19 36 28 26
48 12 38 8 64 24
60 58 4 56 61 20
73 41 74 33 9 55
72 66 1 59 37 42
47 11 34 71 14 23
13 10 18 46 7 39
43 53 6 40 3 21
69 63 22 67 49 32
5 51 54 29 57 65
25 68 2 27 70 44
45 17 35 30 16 62
31 7 33 15 4 52
21 61 9 12 72 10
3 36 46 14 69 8
64 26 66 43 63 51
49 48 59 23 41 27
38 30 11 22 18 40
31 34 28 73 44 29
56 57 1 39 35 13
37 16 32 6 47 68
74 62 60 19 54 25
20 53 71 24 55 70
58 42 15 50 17 2
45 67 36 5 65 72
34 39 57 69 30 7
13 38 27 63 61 47
21 4 74 18 14 1
51 22 41 19 71 31
24 25 46 15 29 16
10 5 68 64 42 17
52 67 37 62 9 2
65 60 32 12 28 53
55 49 54 66 40 56
20 50 3 23 73 35
59 8 6 11 26 44
33 43 45 70 58 48
34 62 52 46 21 63
65 71 67 30 10 74
64 56 47 1 29 69
25 40 41 37 23 5
27 57 42 14 16 22
66 32 48 11 58 35
13 44 9 4 24 17
26 6 20 33 15 39
68 50 53 59 61 45
70 7 19 3 38 54
18 43 55 12 36 31
72 73 49 8 51 60
28 41 4 2 10 16
