62 69 46 18 43 72
59 39 49 25 14 76
13 70 65 84 26 60
29 83 22 74 12 45
61 4 82 7 87 79
64 66 53 37 19 3
80 41 85 17 23 57
16 75 47 77 56 5
24 33 86 42 8 27
28 67 15 48 40 38
81 52 88 55 63 31
21 58 35 71 6 54
34 10 1 51 90 78
32 30 11 36 89 73
68 44 9 20 50 2
25 74 85 7 72 84
4 12 64 33 62 49
53 26 47 48 59 43
23 16 28 79 65 3
31 82 88 6 69 80
29 21 67 56 86 13
55 1 66 70 14 27
32 34 50 5 17 24
30 37 38 41 8 20
40 45 61 57 71 9
77 51 52 44 76 78
63 68 60 15 42 36
35 81 19 73 10 46
2 89 54 75 22 90
87 11 18 39 83 58
43 34 84 3 56 88
25 21 64 28 47 1
82 27 59 71 65 37
33 72 48 51 9 55
53 60 24 61 67 30
15 57 20 13 76 81
90 23 26 63 75 62
36 18 85 22 35 49
46 77 74 17 4 6
39 5 11 41 31 44
70 80 8 29 19 7
54 73 12 50 66 86
42 87 45 14 2 32
83 38 89 16 52 10
40 78 58 79 68 69
85 53 81 65 21 75
67 74 34 20 71 47
72 36 64 90 31 24
33 70 46 44 22 82
57 6 7 30 51 84
88 41 61 66 18 29
60 80 56 1 73 37
68 83 16 32 55 62
58 17 43 14 89 19
86 15 39 59 23 78
42 38 79 5 35 12
45 28 26 52 54 49
9 63 27 77 11 25
76 8 10 50 69 87
48 3 2 40 13 4
61 90 37 47 81 83
57 65 1 29 68 33
17 82 21 36 84 59
43 39 80 74 42 55
78 72 75 38 6 45
27 32 31 49 15 51
8 5 14 67 18 54
41 50 89 70 28 4
13 62 44 87 73 53
56 69 23 35 9 25
88 7 2 26 24 77
60 20 12 58 3 10
19 30 63 22 40 34
79 11 71 66 46 52
76 48 64 85 86 16
27 36 5 43 29 28
73 51 65 39 8 90
69 1 35 45 59 67
80 4 47 72 54 32
78 7 18 37 13 42
33 50 25 31 40 83
52 62 74 15 58 19
88 60 76 48 11 75
44 61 23 89 21 34
38 2 86 17 71 63
24 3 68 82 41 56
77 53 57 10 79 70
55 84 20 22 64 87
81 49 66 9 16 6
14 26 12 30 85 46
45 19 18 90 25 48
75 76 73 27 61 43
72 37 35 2 28 33
3 54 21 7 39 63
82 60 57 50 74 38
4 23 29 11 20 42
49 55 13 8 77 40
6 22 79 32 41 59
80 46 86 5 53 89
34 87 70 52 85 68
51 36 83 66 26 56
69 16 44 12 47 17
10 15 71 64 88 30
24 78 14 84 81 62
9 58 65 31 1 67
35 32 29 60 39 48
63 5 73 20 49 82
75 59 28 34 46 7
89 56 42 72 57 8
37 86 26 69 55 4
71 33 41 76 53 36
2 15 25 16 70 61
27 88 90 68 38 13
67 77 84 19 83 23
45 79 58 81 64 80
10 66 31 21 43 22
18 1 6 12 24 52
54 87 17 9 78 30
65 14 40 11 44 74
62 85 51 47 50 3
7 49 16 46 90 41
19 20 69 75 33 39
26 73 72 58 34 29
23 37 5 88 45 70
84 32 76 1 38 53
57 67 43 12 25 78
31 77 71 14 28 68
74 63 13 64 89 51
4 30 44 59 81 18
6 55 65 36 61 50
21 66 87 80 48 24
11 3 17 8 35 15
62 2 79 56 27 10
83 54 82 85 40 42
86 52 22 47 9 60
89 84 71 49 29 69
51 25 59 5 58 88
39 37 36 34 57 16
12 13 28 61 19 32
55 44 75 24 74 15
3 80 77 26 18 33
63 79 50 1 30 72
22 42 81 67 76 17
11 7 45 10 86 68
38 70 9 73 62 21
90 52 14 53 82 35
87 47 40 23 27 6
4 85 8 78 60 66
64 43 41 65 2 83
46 31 48 54 20 56
50 72 22 16 88 39
84 12 15 37 45 77
42 71 19 1 44 26
59 10 9 13 80 36
28 24 76 58 63 70
6 33 90 85 67 11
83 79 5 60 14 21
69 27 34 54 4 53
78 46 38 3 29 55
35 75 41 86 51 87
56 17 52 40 64 7
18 47 31 73 57 2
66 25 89 20 65 62
8 82 81 43 32 23
30 49 74 68 48 61
