56 38 85 83 27 73
65 15 19 76 22 70
8 34 41 31 72 11
94 40 67 64 60 50
13 81 16 33 82 14
88 46 47 78 3 42
75 58 59 5 77 39
86 80 10 20 87 28
89 37 18 4 21 69
54 51 91 43 49 61
6 57 45 17 84 12
63 79 30 29 48 1
74 35 71 90 36 2
92 62 66 25 26 52
24 55 23 44 32 93
59 9 7 68 73 53
82 37 34 70 80 67
54 83 69 15 3 50
5 64 61 45 41 78
40 77 1 81 43 56
21 20 76 33 71 84
10 13 36 38 29 8
79 60 46 14 62 89
27 92 6 48 24 94
4 28 19 53 85 17
22 23 88 35 63 18
44 74 39 66 12 91
42 58 9 52 55 72
90 47 7 30 93 86
68 2 57 51 16 31
11 26 65 32 87 75
25 15 41 37 46 49
89 20 17 1 34 56 24 1
29 35 3 27 59 84
69 79 28 23 77 91
4 55 76 66 80 78
12 90 53 88 94 5
8 33 70 51 62 47
1 19 16 83 42 92
57 54 32 38 7 63
49 81 26 67 74 18
10 93 9 64 14 65
72 73 2 39 50 87
52 36 82 6 68 22
75 86 60 13 61 48
85 44 58 11 40 21
45 43 71 30 25 31
69 7 12 46 24 63
33 28 90 55 89 83
77 38 15 93 92 35
18 64 26 34 29 76
87 17 67 3 51 22
37 1 5 74 9 8
61 4 94 23 10 62
42 11 36 53 25 79
21 30 70 57 52 27
2 14 56 44 45 75
65 66 43 60 16 58
49 71 48 73 40 80
91 31 81 59 20 50
85 41 82 54 39 47
84 78 13 72 68 32
86 6 29 88 19 9
87 42 24 37 77 94
11 27 15 51 7 55
28 93 22 74 75 21
62 57 80 69 43 5
45 1 33 59 36 18
73 17 4 30 65 41
92 91 3 8 63 60
53 48 76 52 23 2
68 88 10 54 26 40
13 83 25 20 67 44
19 66 81 61 35 46
31 56 64 82 58 84
34 78 85 49 14 86
90 39 32 70 6 79
16 12 38 71 72 89
50 75 43 47 52 37
77 76 74 41 53 10
27 91 93 2 4 13
5 68 48 81 42 15
24 60 83 22 26 45
62 11 20 17 64 88
7 21 66 3 34 6
33 67 39 38 86 46
63 51 59 82 89 19
73 8 44 78 18 54
31 61 87 9 90 40
14 32 92 58 12 30
47 56 36 80 16 23
84 50 55 79 65 49
25 72 35 1 28 57
94 70 29 85 69 71
3 89 68 93 41 43
18 75 19 7 91 10
21 63 15 67 45 62
12 87 54 64 48 4
47 59 83 32 76 40
77 84 51 60 90 34
46 22 50 58 1 13
42 82 29 74 61 57
17 2 38 9 25 70
16 52 49 28 8 24
80 44 72 79 81 27
66 88 73 14 69 36
55 31 53 37 86 92
6 30 20 85 5 26
78 94 11 56 33 35
39 23 51 71 65 13
40 25 4 75 34 63
93 46 82 18 83 87
41 9 48 84 62 16
43 32 42 10 73 21
80 50 68 92 17 74
20 47 29 55 2 12
22 27 31 66 33 54
24 14 5 3 70 11
65 67 61 36 85 77
26 71 37 19 57 79
38 53 58 78 6 91
8 59 64 23 15 90
28 7 45 81 39 88
69 30 60 72 49 56
52 89 86 94 44 1
35 54 17 76 75 42
46 40 2 36 5 84
57 18 66 9 13 77
83 34 65 91 68 62
87 74 27 19 47 25
50 41 14 26 21 90
20 39 78 48 93 37
43 24 72 15 29 33
63 70 64 16 53 44
61 71 59 28 11 92
60 85 52 32 88 80
55 38 30 81 22 94
12 3 23 82 1 73
58 76 51 86 69 45
89 10 31 35 49 6
56 67 8 7 79 4
26 78 16 27 17 77
61 21 25 39 24 68
91 84 14 15 87 52
88 44 34 59 43 38
9 37 23 60 54 81
36 94 32 41 51 28
76 13 62 12 31 85
48 72 74 70 83 7
1 6 69 67 11 93
22 49 90 42 4 20
71 5 55 63 10 56
73 92 75 57 46 64
35 82 86 40 8 65
29 45 53 50 66 89
80 19 33 2 30 3
79 18 17 58 47 24
