15 17 47 14 34 25
1 3 58 43 52 7
28 13 67 57 35 50
19 69 63 49 33 54
71 64 8 10 29 12
6 53 40 46 59 23
21 36 70 61 18 66
55 56 27 42 4 39
73 26 32 38 24 72
68 51 30 22 16 41
11 48 45 62 65 31
2 9 5 60 44 20
37 64 15 74 70 8
47 49 53 52 66 33
4 25 19 36 29 59
26 63 43 73 68 40
10 69 16 41 61 6
24 58 11 12 23 50
37 2 56 18 48 34
21 72 57 20 45 39
27 32 62 30 60 14
28 5 35 51 74 71
13 65 42 9 3 17
22 1 54 55 67 38
7 31 16 44 29 46
25 2 58 6 37 69
50 40 63 4 15 21
34 45 56 19 26 53
24 57 10 33 70 42
38 32 59 5 49 13
12 17 1 28 36 31
65 61 14 44 68 55
43 30 35 11 9 66
23 51 7 27 8 52
72 41 62 54 18 64
39 48 46 60 67 22
47 74 3 73 71 20
31 70 25 56 40 28
12 4 13 26 69 68
38 6 14 52 65 9
35 42 23 72 2 63
66 22 55 7 10 32
39 36 54 62 53 50
51 34 44 49 1 43
74 48 64 17 21 24
71 37 67 33 19 16
61 27 20 73 58 41
11 57 46 5 47 8
3 29 45 60 18 15
50 59 65 30 63 10
22 72 52 13 25 44
64 43 67 69 32 31
37 70 17 27 38 68
16 5 11 55 54 4
53 57 73 51 12 2
19 21 18 30 47 7
39 56 60 66 1 6
9 49 61 23 26 74
46 24 41 59 15 71
48 33 36 45 14 58
20 62 34 29 40 35
8 28 50 3 42 44
25 64 60 16 73 65
52 56 30 67 63 61
68 19 17 5 1 24
12 39 59 7 2 74
40 69 18 14 22 27
26 66 21 51 3 33
43 55 6 72 71 45
41 42 36 29 11 38
62 54 23 47 13 70
15 20 49 48 28 10
46 9 32 34 57 37
8 31 4 53 58 35
40 52 3 64 12 19
2 45 66 16 50 27
6 22 74 42 47 62
11 33 60 59 72 28
56 38 48 69 46 51
55 41 7 70 35 9
13 34 61 63 39 25
24 67 73 18 4 10
57 44 58 71 17 30
15 23 65 32 43 36
53 14 5 21 37 29
54 20 31 8 68 49
26 27 70 1 46 16
64 33 73 22 56 9
74 28 45 58 63 4
62 52 55 2 59 17
69 72 53 15 5 3
71 21 49 65 11 8
10 51 26 14 23 39
13 30 40 36 24 37
67 42 12 20 66 25
31 19 43 41 18 57
38 50 1 61 35 47
44 54 32 29 6 48
68 60 71 34 7 53
16 8 63 17 36 72
45 9 51 40 67 59
27 10 2 31 21 13
41 47 65 58 39 37
43 46 33 61 62 12
70 28 34 5 73 6
1 26 18 25 32 48
54 15 68 52 60 42
4 38 66 23 64 44
14 35 11 3 22 19
50 7 24 20 56 69
49 74 29 57 55 30
63 12 9 18 51 47
33 40 5 48 8 13
25 10 73 45 46 54
31 61 22 59 37 3
60 41 43 17 50 26
1 71 14 30 4 2
49 6 36 7 27 64
53 44 74 70 11 67
68 72 29 21 58 56
66 62 15 19 38 57
32 24 52 35 39 16
34 23 69 28 20 55
42 7 61 65 5 48
63 13 1 64 53 11
37 12 22 49 45 60
36 10 47 56 44 26
46 50 18 35 68 52
3 25 8 32 41 2
65 66 57 24 54 40
42 73 21 62 71 69
59 14 20 70 16 38
29 27 39 9 43 28
23 31 33 74 30 34
4 17 51 6 19 72
58 55 5 67 15 26
45 53 42 32 61 64
44 7 37 63 62 24
35 59 56 54 12 27
18 20 29 33 65 1
48 3 68 57 25 23
67 52 4 41 34 21
69 55 70 36 60 51
9 6 71 50 31 15
8 30 19 39 73 38
74 13 72 66 14 46
2 16 28 47 43 22
40 58 17 10 11 49
