5 1 14 6 19 23
15 9 4 21 18 32
31 22 11 28 26 33
30 29 25 24 20 12
34 7 16 27 17 8
2 10 18 3 28 13
8 24 26 23 11 7
15 3 31 19 9 20
5 4 33 25 34 13
12 21 14 2 22 29
6 27 10 30 1 17
23 28 32 16 29 3
17 19 18 26 21 7
13 20 31 11 16 32
34 14 2 1 15 24
33 8 9 30 12 10
22 4 6 25 27 5
33 3 20 8 1 18
10 34 26 16 23 15
14 31 28 21 4 19
22 32 7 24 30 6
17 11 13 29 12 5
2 25 28 27 9 23
11 21 30 20 6 8
5 24 16 4 29 1
25 18 7 2 32 3
34 17 9 14 33 22
12 15 19 13 27 26
31 23 21 17 5 10
13 33 2 32 30 26
28 8 29 7 1 9
11 3 25 19 22 16
27 4 24 10 20 14
15 34 18 12 6 31
3 5 23 20 2 27
6 26 15 30 28 16
10 19 32 34 29 11
9 22 13 4 8 14
7 17 24 18 33 31
25 12 4 1 21 28
29 18 23 33 6 34
5 20 30 21 17 3
14 24 19 16 12 13
1 10 11 7 31 2
32 15 27 8 25 22
9 14 30 26 11 5
29 27 33 31 32 1
12 2 17 18 16 4
21 13 15 10 23 25
28 9 6 24 3 34
20 26 22 8 7 19
21 16 27 29 13 24
33 7 10 28 15 5
22 23 1 20 18 11
3 8 12 4 31 34
32 25 6 26 14 17
19 30 34 9 2 24
7 28 20 14 13 6
16 8 2 19 25 33
18 30 22 31 10 29
9 5 21 27 11 12
1 26 3 4 32 17
23 34 12 15 7 30
13 19 1 22 10 21
3 14 27 11 33 15
17 6 29 23 2 4
32 5 8 18 24 28
20 16 25 26 31 9
