14 12 5 9 29 23
36 34 17 30 6 13
16 24 38 26 37 4
28 7 35 25 21 2
10 3 19 31 11 8
15 1 22 32 33 18
20 16 30 27 9 7
13 38 23 25 31 29
21 17 10 37 18 34
19 6 15 24 28 12
5 35 32 3 4 20
27 8 36 26 14 22
1 30 33 2 19 11
3 1 25 34 37 1 32 15
9 1 31 26 6 1 29 21
33 27 11 17 5 38
8 4 18 7 13 12
23 36 10 20 2 28
1 16 14 24 22 35
6 32 25 21 19 27
29 26 11 28 15 4
22 20 31 12 2 17
8 30 37 35 23 1
38 33 9 18 36 3
14 13 24 7 10 5
4 23 16 34 27 6
12 21 20 3 1 38
11 32 7 31 35 36
15 9 2 17 8 14
28 13 19 22 37 16
18 10 30 26 5 25
29 34 8 33 24 20
32 23 21 9 11 13
35 4 19 15 17 26
29 3 2 16 18 27
30 22 7 10 38 6
34 14 28 1 5 31
37 25 24 33 12 36
19 17 29 23 7 3
6 26 18 11 20 14
9 22 25 4 34 1
38 28 37 24 8 32
12 35 27 13 10 33
16 31 21 36 15 30
5 3 9 2 37 6
