10 9 36 15 26 7
42 16 45 19 17 18
21 3 23 1 14 30
35 12 20 40 39 44
33 2 41 29 43 28
27 11 34 31 24 4
6 32 8 22 25 5
38 13 33 37 35 10
29 42 23 26 24 44
12 18 3 5 7 27
17 1 43 13 14 28
9 45 37 8 16 2
19 15 40 31 39 22
38 21 32 36 4 6
25 34 30 11 41 20
10 1 39 24 5 1 43 18
44 28 45 1 36 3 37
40 30 26 13 2 32
14 42 19 34 9 12
17 23 8 21 35 31
4 7 20 41 1 22
11 15 29 38 6 16
25 33 43 27 21 19
32 31 10 3 41 42
37 11 40 7 29 17
2 14 34 22 44 38
9 30 39 45 6 25
24 13 12 15 28 4
5 26 35 16 27 1
20 36 8 23 33 18
7 10 21 39 28 34
26 37 31 12 6 14
17 5 24 20 9 38
35 32 1 45 29 19
16 22 36 41 27 13
30 44 11 43 8 15
18 42 2 23 25 4
6 34 33 3 40 17
28 20 27 32 45 14
4 26 29 39 8 25
10 38 43 23 12 16
41 21 15 5 37 42
1 19 3 2 36 11
24 22 7 33 35 30
31 40 13 18 44 9
28 38 41 8 19 26
42 7 6 43 20 2
13 22 45 12 11 21
32 18 15 34 17 35
29 31 36 30 5 10
37 27 39 1 23 9
14 3 25 24 40 16
44 4 5 33 10 45

