59 69 84 62 88 70
1 23 82 52 34 71
48 10 22 21 75 66
9 41 38 36 53 16
4 86 40 46 58 65
80 78 83 33 11 17
18 29 2 64 68 81
26 43 25 57 32 24
73 35 20 37 61 49
5 55 51 50 8 31
19 79 13 14 63 27
28 3 42 6 39 44
12 76 7 60 45 56
30 47 54 74 85 72
23 87 77 15 46 67
16 49 65 2 70 34
52 20 9 80 81 24
78 88 82 35 75 64
53 68 27 58 59 28
38 71 56 14 6 32
76 19 36 85 5 69
83 18 31 87 42 73
45 44 15 72 22 8
39 66 41 7 54 63
29 25 11 79 74 51
1 21 57 30 77 84
67 12 62 47 48 61
4 33 26 37 60 55
17 13 40 10 50 3
14 43 34 86 80 45
68 1 72 70 76 32 83 1
79 53 81 23 6 35
64 30 36 8 24 58
39 9 74 71 69 78
61 4 52 56 84 15
21 38 55 49 12 18
63 51 73 77 17 86
16 85 37 1 7 59
3 57 11 62 87 82
46 42 50 41 22 25
75 19 67 40 2 54
65 33 48 43 5 28
44 31 13 47 66 26
10 27 29 60 20 88
79 37 8 21 34 17
35 18 32 16 15 11
42 53 78 49 45 85
25 14 39 87 64 52
67 81 1 5 4 83
28 36 2 63 47 80
73 76 44 46 10 84
55 27 30 82 56 66
77 43 58 54 62 20
41 71 60 51 48 40
70 31 6 9 22 19
33 23 24 13 38 86
26 61 7 69 3 75
59 57 50 29 72 12
65 74 21 68 88 42
10 83 53 77 8 47
85 15 66 51 81 43
45 82 46 70 37 18
22 40 16 27 39 33
3 78 4 23 2 14
31 35 34 54 57 36
48 64 79 84 26 9
69 60 68 50 52 63
12 73 75 24 65 71
88 30 6 25 76 86
17 41 67 74 44 59
80 49 5 72 56 62
55 1 61 58 29 87
20 7 38 11 28 19
32 45 69 13 51 64
39 82 79 36 12 43
84 71 47 86 16 3
78 63 26 6 67 21
88 49 4 44 50 48
68 24 77 66 40 61
52 27 54 38 83 46
72 58 37 31 25 10
32 7 22 34 73 29
62 17 14 9 65 76
56 35 33 19 41 1
81 28 87 70 13 74
8 80 57 18 85 23
2 60 5 30 11 53
15 59 75 55 20 42
24 16 10 69 54 4
22 36 51 3 52 88
56 86 31 48 29 39
61 14 28 82 83 41
32 84 87 66 78 19
58 9 47 7 33 49
63 5 74 20 40 45
34 46 85 11 68 6
8 2 12 42 26 35
73 64 80 27 21 15
75 70 50 38 79 30
43 17 72 53 1 18
71 37 13 57 67 76
81 77 59 25 65 60
83 62 23 44 55 68
