66 33 53 75 43 26
54 7 29 57 22 60
30 5 13 74 45 8
47 35 62 39 65 32
59 61 28 79 38 10
68 2 3 67 31 21
19 17 25 15 12 55
49 1 44 18 20 76
46 34 6 63 23 4
56 27 16 9 69 72
11 24 41 36 73 42
58 71 78 70 77 64
40 37 50 51 52 48
14 32 75 3 59 74
21 28 44 5 12 54
57 62 45 18 10 67
29 55 72 53 13 2
66 19 23 35 36 9
16 20 64 25 73 43
40 68 70 1 24 61
22 50 49 39 6 26
78 63 69 60 41 52
71 33 11 37 79 56
58 7 14 42 34 47
38 31 65 30 51 17
76 27 46 48 8 15
77 29 61 32 9 4
67 1 64 6 72 1 40 28
50 1 3 45 24 1 78 16
23 70 62 33 1 25 69
11 44 55 74 58 66
2 41 71 49 51 75
57 56 39 34 36 13
7 26 10 46 5 31
59 53 54 15 47 1
42 38 35 37 8 21
77 63 65 18 22 27
73 76 52 30 14 19
12 68 79 4 48 43
60 20 67 17 6 74
25 2 36 50 10 58
24 39 9 7 55 51
62 31 8 72 75 11
22 41 34 33 64 44
70 57 42 49 19 59
28 4 13 71 16 52
15 35 5 78 68 29
48 61 47 60 21 18
53 46 12 65 40 3
17 43 1 45 77 14
27 79 20 26 30 23
38 66 73 54 56 63
76 37 67 32 69 7
52 59 24 35 22 2
75 15 61 16 44 42
33 39 18 74 28 46
43 70 31 6 47 55
8 9 41 50 57 20
4 60 56 53 25 30
79 14 66 78 49 40
73 10 37 68 13 77
64 5 32 23 48 17
69 3 51 11 1 19
58 29 12 27 62 38
21 36 26 63 72 76
45 54 71 65 34 55
67 25 75 9 78 22
8 56 77 7 59 40
13 18 23 31 15 24
51 35 6 14 57 33
32 53 68 38 52 20
5 43 63 61 11 2
10 76 39 12 66 64
47 4 37 36 45 27
73 60 65 44 72 79
34 21 74 62 16 19
54 49 48 69 58 30
42 46 1 50 71 29
3 26 17 41 28 70
25 52 18 6 7 11
75 38 57 77 24 5
22 15 72 45 66 32
23 61 12 8 67 73
33 4 59 31 58 76
69 74 50 35 53 79
34 29 48 20 70 10
28 1 78 65 2 56
14 26 16 55 60 37
63 44 9 71 3 47
68 49 36 17 62 46
40 21 30 43 39 41
64 42 51 13 54 27
19 72 24 67 50 33
