19 6 12 7 15 25
18 20 17 28 26 1
14 2 8 11 21 9
4 30 24 22 23 13
16 31 5 27 3 10
13 30 29 32 8 25
15 11 16 22 10 18
7 14 12 2 31 23
6 5 4 24 32 20
26 29 21 19 28 3
8 9 17 1 27 12
2 1 19 16 25 20 1 6
5 27 22 14 28 29
15 31 26 9 24 23
10 11 1 13 32 7
4 21 18 30 17 3
8 19 27 24 26 6
1 4 32 13 9 14
20 2 7 29 18 16
3 15 22 12 30 21
28 31 25 17 23 5
30 11 26 16 10 4
21 23 19 8 6 1
10 17 13 12 20 15
3 5 18 28 32 2
9 7 31 11 29 22
25 12 24 27 20 14
18 1 30 6 21 31
11 24 27 2 5 15
23 8 7 3 16 13
14 22 32 19 26 17
9 4 28 25 29 10
16 22 20 7 5 30
26 2 9 31 13 8
18 12 28 4 19 11
23 25 27 32 21 10
3 1 14 29 15 24
6 2 13 17 22 28
5 25 11 7 1 21
17 14 24 30 16 9
15 10 19 8 4 3
20 29 31 23 18 32
27 6 7 26 12 4
24 8 22 2 25 18
12 10 23 5 14 19
29 9 3 11 17 6
21 28 15 32 16 26
1 13 20 31 27 30
10 8 26 23 4 14
5 13 21 9 18 19
27 25 17 20 3 11
28 7 16 31 24 1
6 32 30 2 12 29
22 19 31 15 27 4
16 23 6 18 13 11
20 28 5 30 15 8
12 3 32 1 22 2
14 26 25 17 7 29
21 24 2 10 9 20
