22 23 38 13 7 14
2 24 18 11 8 47
33 58 32 45 31 36
15 39 12 16 9 50
56 51 25 28 37 64
54 57 29 6 59 20
60 34 42 40 10 48
4 43 55 52 62 3
30 63 26 53 21 49
27 41 35 5 1 61
16 44 17 19 46 32
59 25 8 33 40 13
57 48 43 29 23 28
7 36 63 2 56 50
52 21 39 42 15 1
46 54 60 41 18 5
6 53 11 61 44 19
51 3 45 62 47 22
20 26 35 31 30 10
17 4 12 24 34 14
58 49 38 9 55 64
60 37 44 27 33 39
21 56 47 25 62 32
43 36 52 53 20 8
61 24 41 51 29 4
3 30 40 38 48 50
22 14 1 59 19 54
28 11 34 9 5 23
10 2 7 15 58 16
12 35 49 13 18 37
31 57 63 27 17 55
42 6 45 46 64 26
1 47 23 61 53 38
48 62 5 24 36 19
33 43 3 49 2 11
7 20 32 14 12 40
50 55 6 37 22 21
60 9 27 51 26 16
59 28 46 58 10 8
44 15 34 29 63 41
45 18 39 57 52 25
31 13 42 54 4 56
35 17 62 64 30 23
5 33 24 32 3 37
26 59 44 28 50 61
8 14 9 63 45 1
19 49 52 34 2 54
39 17 11 22 41 56
29 25 10 30 7 12
64 13 57 53 16 60
47 58 55 43 20 42
46 40 4 27 21 36
38 15 6 31 35 51
48 32 23 44 1 18
3 11 7 64 39 63
37 47 30 34 57 58
59 16 22 26 5 43
42 9 40 17 6 13
41 10 52 33 38 56
36 25 14 29 60 49
20 21 51 8 19 48
18 55 15 24 28 27
4 35 53 45 50 54
62 46 2 12 61 31
30 22 5 44 42 57
13 11 25 58 52 26
55 63 59 39 32 40
16 4 36 35 28 47
9 37 33 62 14 18
19 64 45 10 27 15
23 3 53 12 29 56
54 8 7 61 48 17
1 31 50 51 49 43
24 38 20 46 34 21
60 41 62 6 2 28
4 19 5 23 26 25
55 40 16 54 30 11
32 51 27 13 53 29
1 7 34 57 33 46
48 24 58 6 56 35
39 20 36 17 45 38
2 12 9 21 59 42
50 43 63 10 18 61
52 64 31 14 47 44
8 60 15 3 22 49
37 55 53 7 16 41
26 28 62 38 32 54
36 50 10 11 27 57
34 13 30 18 6 43
25 33 20 63 15 35
40 41 64 23 45 24
8 29 61 37 42 19
21 9 17 3 44 31
49 59 48 52 46 47
1 12 58 4 60 22
56 39 14 5 51 2
63 23 33 16 24 6
15 11 29 38 62 13
41 19 30 47 7 9
32 61 22 34 10 64
43 54 44 12 25 46
18 51 59 36 42 55
50 52 8 5 31 60
21 57 3 14 35 58
49 56 28 20 27 45
40 17 2 26 1 37
53 48 9 10 39 4
47 38 19 63 60 12
11 14 51 35 32 34
45 61 13 55 5 21
41 26 6 36 8 3
23 27 37 30 52 59
17 54 28 50 29 33
18 64 16 4 1 20
43 56 46 15 40 57
62 42 24 49 44 7
48 2 31 25 22 53
58 54 21 39 23 51
32 13 1 20 50 41
35 46 29 9 63 52
7 45 60 11 43 59
16 34 27 42 3 25
44 38 4 57 8 2
5 6 10 47 49 17
64 12 33 55 48 26
19 31 28 39 37 24
22 58 18 40 53 62
14 61 30 56 36 15
