66 40 1 50 33 72
76 24 71 22 57 47
19 10 49 48 63 41
73 43 23 58 54 8
14 4 20 70 9 21
6 15 7 31 16 62
67 5 68 46 36 11
53 34 65 59 17 52
28 77 25 27 61 64
75 29 18 32 42 60
51 30 37 13 39 35
55 69 12 56 3 26
2 45 38 44 74 68
4 31 59 57 62 20
47 72 5 61 41 10
14 34 11 76 42 1
25 48 51 28 70 23
60 24 9 46 54 15
16 75 65 45 37 33
77 26 21 67 29 73
13 27 8 39 12 17
64 63 69 36 44 71
58 7 55 52 66 49
38 22 3 30 18 6
56 43 40 74 53 19
2 35 73 32 50 76
21 45 57 46 1 25
5 37 26 64 42 31
75 24 17 51 41 62
49 20 33 22 8 67
70 54 59 58 69 38
63 40 29 52 68 35
47 65 18 48 53 7
11 28 6 19 72 13
27 56 66 2 10 14
23 4 61 34 55 32
77 9 44 43 3 50
15 30 16 74 12 36
39 53 76 60 71 64
45 51 19 54 5 7
73 49 63 59 75 11
70 57 68 6 22 34
33 27 52 41 26 72
29 46 8 31 47 44
13 61 67 69 23 50
55 43 20 1 60 2
10 71 42 16 12 28
4 48 38 40 36 39
62 25 9 65 74 35
15 17 14 77 30 58
3 37 24 56 21 32
66 44 70 59 18 61
50 12 5 20 53 63
43 67 4 38 47 75
25 6 69 33 60 8
10 58 28 29 31 1
40 64 32 49 30 46
42 65 2 77 51 22
17 71 74 3 72 54
68 7 73 9 56 13
45 48 35 11 15 55
23 37 52 62 76 66
21 19 36 34 18 27
14 16 39 41 57 24
26 10 53 6 2 75
63 72 56 54 4 42
70 38 33 13 64 55
25 52 29 11 51 12
27 59 67 9 71 30
48 66 31 35 16 43
34 50 57 15 5 3
49 1 77 39 23 44
41 74 58 21 60 68
22 20 37 73 69 40
36 32 14 62 28 47
46 76 17 7 18 26
61 8 19 65 45 24
35 51 59 1 33 3
57 64 11 75 74 66
40 41 50 43 42 69
9 58 12 37 34 48
52 15 13 47 4 21
30 14 44 26 19 60
36 7 45 20 23 6
8 62 72 53 77 46
31 70 63 24 2 39
28 54 27 49 65 5
29 17 61 22 56 16
68 55 18 71 73 25
38 32 67 15 10 76
12 47 34 44 35 75
23 11 9 57 33 40
26 62 45 3 28 49
8 51 36 37 56 50
2 21 64 17 48 54
30 68 42 66 20 61
18 76 60 63 5 13
73 22 74 4 27 1
10 39 46 55 14 59
65 43 41 71 29 6
32 24 31 69 52 77
16 67 53 19 58 70
72 38 30 7 25 2
26 1 75 68 8 48
60 47 49 9 73 17
66 29 39 20 34 45
76 61 12 59 36 43
27 32 71 51 50 70
65 13 69 72 58 57
3 46 16 63 52 38
21 6 74 5 23 77
37 40 54 14 67 25
18 28 56 35 15 41
19 22 42 31 55 53
64 4 10 7 11 24
62 33 58 44 76 27
74 46 57 61 49 51
71 52 70 5 73 45
6 39 54 12 66 32
1 41 53 38 36 9
30 21 34 10 63 43
47 59 37 23 2 18
33 68 4 17 19 77
55 44 22 72 75 15
56 60 31 40 11 65
42 13 48 67 3 62
20 50 16 25 26 64
8 69 7 35 14 29
24 77 73 28 38 34
71 1 15 37 19 2
58 6 51 61 40 47
41 75 21 76 31 30
54 57 52 18 20 10
64 3 23 68 14 65
7 35 46 42 70 27
69 17 26 66 9 63
8 59 28 74 16 55
33 44 56 5 32 48
50 67 60 12 45 4
36 13 53 24 49 29
43 39 62 11 25 22
9 31 72 18 64 51
19 35 23 17 38 20
34 2 76 16 8 40
42 59 74 52 6 48
57 63 28 67 7 37
60 65 3 10 70 36
1 11 69 30 27 47
75 77 56 71 46 58
32 26 22 45 13 41
39 73 15 53 61 33
44 25 5 24 66 4
50 55 62 54 21 29
72 49 14 12 68 43
