43 63 37 80 54 14
9 25 42 11 3 38
76 10 66 31 79 67
27 17 45 70 30 15
41 33 56 22 59 7
51 61 28 12 20 16
40 75 4 49 48 2
64 32 58 69 1 62
19 13 68 6 46 50
47 60 18 36 24 55
5 78 39 29 65 77
73 26 8 23 52 53
72 21 71 57 44 74
76 54 35 34 41 49
67 4 30 28 38 58
37 12 59 25 69 45
27 68 64 7 63 66
48 24 13 61 62 29
33 8 75 65 14 60
15 22 74 11 36 50
18 77 57 9 56 80
23 31 42 39 44 43
51 40 35 71 10 26
16 32 6 72 52 3
79 1 53 55 78 19
20 70 34 46 73 47
54 5 21 2 11 17
65 45 61 1 25 1 50 63
30 1 75 29 76 1 42 74
60 80 22 13 67 51
58 72 31 40 33 18
38 6 36 37 62 27
52 71 46 15 24 79
64 57 12 2 70 26
17 28 56 10 19 23
8 3 39 1 68 4
32 7 48 34 53 21
66 35 5 44 47 59
49 14 73 78 9 16
20 43 69 77 55 41
18 2 46 6 67 65
37 19 61 42 22 72
36 71 56 75 31 1
29 51 38 21 64 79
59 11 62 26 80 76
44 27 9 53 4 54
77 12 17 66 60 52
15 55 48 63 57 73
16 34 25 8 58 13
30 7 78 3 35 20
10 47 69 50 39 33
40 23 68 45 5 14
43 49 24 74 32 28
41 19 29 70 9 71
53 65 12 31 62 22
42 2 27 77 8 51
26 46 1 17 48 25
78 72 63 4 13 76
80 61 3 33 15 34
38 56 52 45 43 47
59 36 67 54 20 32
16 50 7 75 23 37
14 69 21 35 18 70
58 10 5 74 73 6
79 68 44 28 60 41
39 49 11 30 64 55
57 66 8 24 40 19
32 47 80 25 4 31
1 20 33 76 37 2
72 77 23 46 59 38
50 43 70 53 58 36
52 41 75 18 27 10
14 55 44 12 13 7
60 16 30 63 26 5
73 22 54 3 29 66
62 28 40 21 39 15
35 6 24 56 42 64
69 79 61 57 17 49
51 74 65 68 34 9
71 67 11 48 45 78
55 76 70 8 38 32
80 30 36 41 46 12
1 15 77 44 16 10
24 58 63 22 39 75
62 35 2 19 25 73
13 53 33 5 42 57
59 21 78 61 27 43
4 11 69 7 51 6
31 45 60 9 64 20
23 74 48 79 18 54
17 65 3 47 37 40
67 49 26 56 29 72
50 14 34 28 66 71
52 76 25 68 61 30
