58 57 44 19 42 6
51 7 45 38 40 17
49 25 55 31 9 53
48 30 10 23 18 34
1 39 37 12 21 41
56 27 5 13 24 33
15 47 16 52 11 2
54 43 20 4 36 26
50 29 46 28 8 35
7 3 14 22 32 42
40 44 10 33 55 37
19 21 34 45 5 52
30 54 58 13 41 51
53 57 35 47 26 48
50 20 16 32 56 17
27 38 3 36 8 1
6 25 22 43 15 18
14 24 23 39 28 31
29 2 4 46 12 49
5 32 11 30 9 40
41 1 52 20 55 1 35 7
26 33 25 8 17 34
56 36 21 28 51 57
15 42 24 12 50 54
38 31 13 6 10 2
53 4 39 22 11 58
9 49 27 18 19 47
3 23 29 45 37 43
16 46 1 44 48 14
54 5 28 32 38 57
21 6 11 24 8 7
9 15 33 20 39 51
47 4 42 37 31 56
36 40 19 25 23 46
55 45 12 30 22 16
27 2 44 35 41 43
52 1 26 10 58 50
17 18 13 29 14 53
34 48 54 49 3 39
8 6 51 55 32 47
42 11 28 20 45 25
37 52 27 46 22 57
26 29 15 14 19 30
40 18 24 35 1 4
56 2 9 48 58 3
43 16 49 21 33 38
17 12 5 41 10 36
44 53 13 7 50 23
31 1 32 57 34 29
22 28 26 2 51 40
24 37 38 48 20 19
39 43 17 42 55 46
41 14 50 11 33 47
10 56 45 54 53 6
23 49 8 5 58 15
18 31 12 3 44 52
7 21 30 4 25 27
34 35 9 16 13 36
1 19 55 11 54 56
41 46 32 24 26 45
57 10 8 2 20 49
25 47 39 44 38 29
51 50 43 5 48 31
23 35 22 9 17 21
58 7 18 28 16 37
33 30 52 36 42 53
14 34 40 6 27 12
3 13 55 4 15 41
