71 53 70 26 35 3
59 33 20 60 42 32
40 14 18 4 5 38
34 66 50 39 46 43
13 10 19 31 41 17
54 6 67 1 62 57
64 24 9 58 15 11
72 55 25 61 49 52
45 22 23 7 51 69
68 12 65 48 16 44
30 36 56 27 2 29
37 21 28 8 63 47
34 35 15 13 42 18
17 26 60 66 1 25
38 51 3 19 57 50
39 58 59 68 14 53
54 4 49 23 10 9
56 45 32 21 71 24
37 5 36 22 72 67
64 31 61 30 12 69
7 63 48 29 46 55
6 65 41 2 47 33
43 44 62 28 11 27
16 40 52 70 20 8
24 39 57 10 60 36
32 61 19 23 37 58
3 15 54 63 56 68
48 30 42 25 22 4
12 46 1 49 47 11
71 6 20 14 9 29
69 53 33 8 55 38
50 26 13 27 72 59
5 43 35 16 21 51
18 41 34 45 70 62
28 52 66 7 31 65
40 67 17 44 64 2
8 36 68 25 23 71
47 48 26 61 54 14
46 38 56 35 37 6
53 43 63 72 45 4
58 65 21 62 20 10
1 70 64 13 29 5
55 59 15 41 40 22
3 39 52 32 17 12
9 60 44 18 50 31
2 69 28 49 19 42
11 16 30 57 34 7
51 27 66 67 24 33
70 10 47 55 68 43
36 4 61 17 13 6
65 32 29 53 54 40
58 71 5 49 50 63
19 16 72 62 39 64
24 8 7 44 59 1
20 34 27 31 25 37
14 42 12 56 67 51
11 18 22 21 33 3
38 41 23 28 30 26
69 9 57 48 66 35
15 60 2 45 52 46
54 7 58 72 17 70
51 44 13 20 49 39
42 11 31 5 8 6
26 62 24 37 4 55
43 56 18 41 64 48
29 23 16 33 50 15
65 3 46 36 69 14
1 32 68 22 28 34
10 38 45 59 66 61
52 67 47 19 30 71
35 63 60 12 27 40
21 57 25 9 2 53
62 17 8 15 48 51
50 69 70 4 11 56
23 44 72 6 3 34
47 29 31 22 58 38
14 27 10 52 64 32
66 2 55 12 13 54
9 19 40 36 43 26
46 20 53 5 24 30
67 7 49 60 68 21
57 59 37 71 18 65
33 25 45 35 28 39
63 1 41 42 61 16
