35 9 15 3 24 17
69 4 59 53 34 20
60 71 33 8 55 76
36 70 10 57 43 56
45 73 2 16 38 29
1 11 39 5 6 44
31 62 14 54 18 66
7 72 46 32 21 68
64 27 58 26 75 49
61 12 42 65 67 63
22 52 28 41 40 74
51 30 13 37 47 19
25 48 57 71 23 50
9 55 16 59 44 36
10 24 32 31 6 45
3 73 46 62 39 33
2 65 21 4 22 56
7 75 53 14 28 8
35 76 66 40 23 42
5 54 61 29 26 25
18 38 58 69 72 19
68 13 52 67 64 43
17 51 11 34 50 41
37 48 63 27 60 70
15 20 47 74 49 1
12 32 23 30 53 29
61 1 31 38 3 1 7 40
10 62 21 26 16 71
76 14 22 13 45 39
75 59 6 52 42 48
4 46 9 8 18 57
11 65 30 20 35 43
12 36 74 58 51 54
55 5 64 15 50 37
33 68 34 63 19 24
1 41 73 25 69 60
49 70 44 2 28 72
67 17 56 27 66 47
3 32 54 13 59 11
76 20 48 62 12 64
74 29 71 9 37 31
45 21 43 18 5 75
38 1 33 51 52 70
44 63 22 47 69 23
24 66 26 39 4 7
40 25 16 6 58 67
19 57 14 2 15 41
46 34 55 56 30 28
50 27 8 42 72 36
49 65 60 17 53 68
73 61 4 35 10 51
39 74 18 16 63 32
41 71 70 66 59 5
28 37 38 23 43 26
34 8 48 21 13 58
64 40 47 46 14 65
24 25 55 27 22 20
19 53 62 11 9 45
6 56 50 29 3 49
72 30 17 61 57 1
54 42 7 10 33 15
60 44 52 31 12 35
75 2 69 68 76 36
14 20 67 70 26 73
43 55 41 48 4 32
23 17 5 16 46 13
53 47 61 71 24 18
7 29 62 52 58 57
12 68 6 38 22 15
42 51 9 21 64 39
59 74 27 33 35 2
72 40 75 11 56 60
19 10 25 65 3 44
66 45 1 36 37 34
30 8 67 49 31 69
63 54 76 28 73 50
23 41 27 6 61 9
57 60 59 38 64 24
32 15 75 44 62 51
70 45 12 55 7 17
58 42 3 14 5 30
69 13 26 50 33 65
76 49 37 25 11 46
43 2 71 63 1 40
56 39 35 8 19 54
28 16 4 47 68 31
29 67 18 22 34 10
48 66 53 73 74 72
20 36 3 21 52 61
