22 29 50 13 61 1
64 28 4 10 18 46
47 52 67 25 26 69
59 62 24 51 73 12
53 8 19 56 49 76
72 16 75 34 80 81
36 58 27 74 66 79
21 78 63 70 23 33
31 45 32 37 38 43
7 41 54 5 14 40
44 71 82 42 20 3
65 48 15 17 6 30
39 68 60 55 57 35
22 77 11 2 9 73
80 53 49 13 70 4
79 31 29 16 28 23
74 78 34 61 51 47
63 71 59 41 26 19
52 81 6 38 20 46
21 7 44 24 64 25
8 30 58 43 67 18
11 3 40 39 57 32
76 42 55 12 27 65
33 37 2 48 68 56
35 69 82 5 66 36
1 75 14 17 60 45
15 72 50 62 9 10
8 4 54 77 34 29
74 39 26 24 28 53
67 23 32 6 55 71
25 38 70 19 65 18
16 51 22 66 42 35
31 46 69 30 33 57
72 5 68 49 21 11
3 78 44 58 54 17
12 80 48 43 20 61
9 37 27 41 81 59
13 64 2 52 76 82
77 36 15 14 56 45
1 60 40 10 47 73
63 50 62 75 79 7
23 25 68 17 32 74
3 65 46 67 29 48
61 57 37 70 72 8
21 76 41 18 16 6
20 55 49 59 31 54
66 40 80 78 45 64
63 24 14 42 50 11
28 35 5 73 44 52
12 58 13 33 75 9
62 69 30 77 38 1
47 22 71 53 15 7
39 81 79 56 82 4
51 43 60 2 19 36
34 3 10 26 27 31
11 45 59 52 48 16
73 61 8 68 21 75
67 74 63 9 1 78
23 65 57 58 49 50
20 22 56 40 25 72
62 53 55 46 44 66
35 70 30 34 47 41
2 18 81 17 42 15
51 69 64 54 27 43
33 10 39 29 19 14
26 12 6 37 60 4
28 7 77 76 36 80
32 13 71 79 24 5
82 16 78 53 38 50
73 75 18 67 66 31
57 48 62 21 35 81
33 34 20 65 74 64
4 58 41 68 51 52
12 36 45 22 3 8
70 9 76 69 10 71
60 63 29 37 5 25
11 55 17 7 26 13
23 46 24 56 47 27
72 54 6 42 59 1
49 43 44 40 39 77
32 82 61 19 15 28
38 80 30 14 79 2
9 53 66 31 65 68
50 4 3 55 73 70
27 33 17 35 11 8
75 5 23 48 26 18
64 1 49 71 36 37
32 15 29 59 21 69
76 74 60 30 40 81
61 41 39 25 46 62
10 56 38 44 13 51
19 12 47 77 72 52
16 58 20 63 2 7
78 43 28 6 14 22
24 67 80 54 82 57
42 79 33 45 34 53
18 68 1 40 59 46
73 27 25 38 39 48
66 30 13 81 23 19
5 51 20 15 8 76
14 64 26 70 12 32
35 10 41 78 77 49
62 17 21 71 80 60
29 82 58 47 31 55
50 67 2 28 45 72
6 36 56 9 63 34
75 24 3 69 37 22
57 43 42 52 7 74
4 44 61 65 11 16
79 15 26 54 1 76
38 71 40 8 29 12
46 14 35 13 19 25
64 73 72 58 53 78
18 31 80 51 63 39
45 70 68 28 62 27
34 2 69 41 44 23
36 61 67 20 17 10
49 7 9 82 60 48
24 16 81 55 33 43
65 77 59 22 57 5
54 52 66 50 56 37
74 30 42 32 75 4
79 11 47 3 6 21
76 14 38 23 35 72
71 8 78 25 2 39
31 41 28 7 1 12
40 48 19 58 24 34
53 52 63 60 10 61
81 54 65 36 32 73
55 13 21 45 30 51
43 59 79 44 70 75
4 22 33 27 67 5
37 18 74 82 11 62
56 17 16 57 64 47
46 29 9 26 80 42
68 6 20 69 50 77
15 66 38 3 49 63
39 52 12 30 54 21
75 40 51 71 28 65
10 25 11 82 23 43
36 18 57 78 13 33
48 72 79 41 8 55
42 77 31 60 50 64
27 2 3 5 6 53
59 76 47 4 62 14
7 34 37 67 46 15
44 81 26 68 49 22
66 17 70 29 20 24
19 73 74 16 69 45
1 35 56 80 32 58
61 5 64 30 79 9
43 8 65 47 62 13
27 55 52 15 78 75
26 21 53 50 40 36
46 17 82 63 76 77
48 71 31 72 74 44
60 41 70 11 56 67
45 9 35 18 4 24
6 32 51 29 33 7
68 19 38 80 22 54
1 37 16 20 39 23
49 69 73 14 61 42
81 25 28 3 59 58
57 12 34 2 10 66
