35 22 49 7 38 50
26 54 46 21 39 9
41 15 52 16 23 55
40 10 45 27 20 31
51 25 12 42 5 28
18 37 32 36 53 33
44 8 14 24 30 13
48 34 11 43 17 47
1 2 29 19 6 3
4 25 9 55 50 21
39 42 16 27 7 37
10 5 53 54 49 38
35 11 13 45 33 48
40 47 46 32 15 28
18 24 1 26 44 52
20 43 8 31 29 41
34 2 19 30 12 4
23 36 17 14 6 51
3 45 11 9 22 16
32 48 1 54 18 1 55 13
33 46 7 47 24 10
15 19 12 43 53 35
36 8 38 42 1 52
51 28 27 50 22 26
21 5 31 2 41 14
23 37 30 20 3 4
17 34 39 25 49 40
6 29 55 11 38 44
24 43 54 42 45 32
14 50 47 19 1 16
30 51 20 48 15 18
8 25 2 4 53 7
5 41 40 9 35 26
12 27 49 46 36 6
31 33 44 3 28 23
29 13 37 22 17 21
50 10 39 34 30 52
15 42 8 14 11 5
41 25 27 24 48 12
19 35 20 46 16 44
22 43 3 54 40 36
6 39 4 13 47 31
55 37 53 29 26 34
18 2 45 17 10 28
52 51 49 21 32 33
7 9 40 38 23 1
44 41 36 54 11 50
47 20 55 13 12 42
39 35 37 28 43 2
3 31 15 49 19 24
33 38 5 17 1 30
22 18 23 21 46 8
53 16 27 9 34 51
52 6 32 26 45 25
14 4 48 10 7 29
40 13 38 28 19 41
36 55 22 24 39 23
30 54 21 47 1 35
33 27 17 9 44 15
53 3 34 48 31 42
7 52 18 5 6 43
2 16 10 8 32 26
11 49 20 37 14 25
4 51 29 45 12 46
1 50 41 53 15 39
28 48 30 36 52 9
19 21 42 10 33 6
27 13 43 49 55 2
11 51 24 4 40 35
38 14 46 50 37 45
20 44 22 34 32 5
12 26 17 8 3 7
31 16 25 54 29 18
47 30 53 23 27 40
1 46 28 43 55 11
50 48 5 37 24 6
7 21 15 45 34 36
12 14 32 38 39 18
44 47 19 22 8 51
49 17 42 16 4 41
10 13 23 25 35 3
2 9 54 52 20 29
31 26 38 15 33 43
32 7 11 30 27 19
16 21 48 44 40 12
39 45 47 5 18 3
53 52 24 13 20 17
25 42 33 46 2 22
37 9 1 51 31 10
6 28 34 41 54 8
55 4 26 35 36 14
29 23 48 49 18 50
