1 59 37 14 22 25
27 47 35 55 45 28
12 32 20 54 42 51
33 63 15 3 49 23
5 30 34 26 43 11
4 44 60 46 52 29
62 18 24 41 56 31
58 36 39 7 50 8
13 40 2 9 53 19
21 6 57 17 61 48
10 38 47 46 16 12
49 26 55 60 1 54
44 30 31 51 15 50
45 59 36 13 5 18
23 8 32 61 57 62
41 19 16 48 63 34
43 27 17 3 39 52
35 21 2 33 22 56
38 29 20 53 37 58
4 14 10 6 9 24
25 42 28 7 11 40
34 36 51 57 27 49
12 61 15 48 2 39
56 38 52 8 54 63
19 62 43 22 20 46
16 33 32 45 40 44
11 53 59 31 4 3
60 5 50 10 41 35
18 28 1 6 58 29
30 55 25 13 9 17
42 7 21 47 14 26
23 34 37 24 44 12
16 61 52 20 31 5
32 39 50 63 1 53
57 45 56 19 3 25
43 54 47 40 15 6
35 49 14 58 62 13
59 8 28 24 2 60
9 21 11 29 23 27
41 17 22 4 7 26
10 18 33 55 51 38
48 46 42 30 37 36
39 6 49 59 56 20
16 13 24 43 50 21
34 47 58 2 31 17
45 11 1 52 15 10
44 57 5 42 22 63
33 54 61 28 19 4
53 35 23 25 41 46
36 12 40 62 55 29
37 38 7 27 32 30
3 26 9 8 51 48
14 60 42 18 43 61
2 46 57 49 16 11
44 25 6 36 21 19
28 52 13 15 41 38
22 24 3 32 58 55
9 1 7 59 34 33
47 5 51 62 39 4
23 48 54 50 14 45
56 17 30 12 60 53
29 10 37 26 31 63
8 20 27 40 35 18
2 3 41 1 36 44
6 50 62 38 42 9
55 4 15 21 34 56
46 17 32 14 29 5
52 40 58 30 59 23
31 12 45 49 8 43
22 53 48 28 10 27
51 63 61 24 35 7
20 33 60 47 13 57
26 25 54 39 18 16
11 19 8 37 55 14
56 28 43 32 9 36
5 24 40 38 48 1
63 4 30 20 2 45
61 46 3 50 25 34
31 13 19 39 23 42
37 16 22 51 60 6
52 49 53 21 47 18
17 7 62 54 10 44
27 11 41 58 12 33
15 29 26 35 57 59
