13 2 5 21 26 10
6 35 42 41 25 1
55 36 12 30 8 16
52 34 19 22 23 32
40 44 11 56 54 3
20 53 14 39 37 7
48 38 50 46 33 31
18 17 43 45 4 27
28 9 15 47 49 29
57 22 51 24 10 3
32 19 37 55 11 30
39 33 1 8 25 21
2 27 52 53 40 12
42 20 56 36 6 17
51 18 38 47 16 54
28 26 14 34 43 50
29 41 13 23 31 57
4 35 49 44 5 48
9 24 46 15 7 45
36 21 53 1 51 25 1 19
12 42 34 1 10 38 37
28 56 55 31 2 1
6 27 29 26 48 16
11 23 15 40 14 5
32 43 35 17 54 8
57 46 41 20 47 33
7 3 22 4 13 18
50 52 45 30 39 49
24 44 2 14 9 23
31 5 51 19 27 43
53 8 33 10 11 17
3 4 38 41 21 35
54 18 7 52 55 57
30 40 6 34 46 47
49 25 15 37 56 24
39 48 42 12 26 44
29 28 50 22 45 20
32 36 16 9 1 13
17 55 46 5 52 3
34 11 57 43 2 49
56 31 30 23 42 7
50 8 27 15 41 24
4 20 40 53 16 9
26 37 33 54 51 36
14 1 12 25 22 47
45 10 48 44 32 21
19 39 38 6 28 13
35 34 5 18 29 56
3 16 23 37 15 52
11 50 9 7 51 30
57 21 42 27 55 53
8 45 32 38 14 6
47 10 2 48 19 20
54 13 46 24 4 12
18 41 26 25 17 28
33 49 44 43 1 29
39 31 22 40 36 35
27 56 34 3 8 19
52 23 20 38 11 21
13 30 25 28 48 54
1 26 15 45 18 53
49 16 37 2 22 41
29 46 51 12 17 39
24 33 40 6 44 55
10 57 14 31 35 9
42 47 32 4 50 5
43 7 41 36 22 48
27 1 17 19 23 54
16 12 45 56 33 11
9 37 44 52 28 8
21 18 49 14 30 46
55 15 13 35 51 20
50 6 10 36 57 29
31 24 53 5 32 39
40 3 43 38 42 25
7 47 4 2 34 26
19 41 44 46 12 18
48 51 14 1 52 56
50 13 35 27 37 11
54 39 6 5 9 10
34 32 28 42 15 33
8 29 31 2 25 4
7 17 24 16 40 21
23 55 47 49 45 36
26 30 22 20 57 38
3 53 6 43 12 28
11 19 4 15 29 39
33 14 52 13 27 42
8 40 7 51 49 32
1 20 36 38 24 34
56 35 16 53 46 26
21 47 31 44 54 22
25 43 55 10 30 41
48 3 9 23 50 18
17 5 45 37 57 2
11 36 52 46 6 4
49 24 8 42 19 26
41 54 53 14 29 34
47 9 56 21 13 43
25 12 23 16 50 57
1 28 10 5 7 27
22 38 55 17 15 48
37 20 18 32 31 40
33 2 30 35 39 3
45 44 25 51 53 34
