9 35 30 34 5 33
28 1 8 11 27 17
25 32 26 29 6 36
7 15 2 12 21 13
19 22 18 20 10 3
24 40 31 4 16 38
23 39 5 37 14 6
8 33 36 17 18 25
28 3 38 16 2 32
34 39 14 13 22 1
29 27 20 31 37 21
26 12 40 7 30 19
23 24 9 10 11 15
29 4 3 14 5 35
33 32 12 1 25 1 22 28
26 37 1 2 7 1 31 34
40 20 13 35 21 8
38 17 23 4 6 9
10 19 16 1 30 15
24 36 11 27 18 39
26 9 29 22 38 40
25 14 23 5 2 20
19 6 12 8 34 11
37 35 33 16 21 1
27 10 4 3 7 36
31 30 32 18 13 24
34 17 28 39 15 40
8 3 16 25 37 29
1 9 7 5 24 6
38 13 39 19 33 20
18 11 4 14 2 10
36 23 28 21 26 22
35 32 17 30 27 12
15 34 6 31 33 18
16 39 37 40 11 9
32 1 29 12 4 20
28 19 27 25 8 5
30 17 22 7 23 21
38 36 31 15 14 3
13 2 35 24 10 26
5 12 22 33 16 27
36 14 18 37 28 30
32 7 24 39 19 4
15 31 25 1 40 23
9 34 2 13 29 8
11 20 21 6 26 3
10 17 12 35 38 25
8 15 24 29 23 30
21 4 33 39 26 11
17 1 6 18 3 9
5 40 16 32 27 13
7 28 10 20 35 34
2 31 22 36 37 19
14 26 27 38 15 29
12 35 39 23 18 16
37 34 10 6 28 32
30 11 13 1 38 5
22 36 4 9 8 31
3 40 21 24 33 14
2 25 19 20 7 17
13 6 31 28 4 35
11 38 37 22 24 34
26 8 7 17 16 14
3 25 27 2 39 30
21 9 15 19 5 32
40 29 18 33 10 23
20 1 14 12 16 36
22 3 37 15 13 26
6 7 33 2 8 40
32 21 38 11 25 1
30 20 24 9 12 28
23 19 34 27 36 35
10 29 5 39 31 17
18 12 37 4 25 7

