82 51 7 55 16 70
25 83 31 93 10 45
60 32 41 53 22 76
56 73 33 12 68 17
64 96 80 34 66 90
9 4 46 57 87 11
88 54 28 36 21 95
75 42 8 89 59 37
30 85 72 13 48 49
2 50 78 44 62 86
18 67 77 58 19 52
6 40 61 39 91 63
27 5 65 84 26 81
94 74 92 43 3 69
23 35 79 24 15 29
38 14 20 47 71 1
85 66 37 31 11 73
49 51 12 8 34 46
28 41 16 10 96 89
22 45 7 2 33 4
75 5 62 80 30 25
74 18 44 17 54 39
19 95 43 42 55 57
77 76 50 61 81 88
1 92 64 86 35 60
53 40 38 67 3 93
82 79 27 48 94 71
36 20 29 87 52 26
15 84 13 32 58 68
59 63 24 90 56 72
9 6 21 83 14 23
65 47 91 69 78 70
80 60 88 46 37 18
75 57 64 85 50 7
39 8 92 95 41 67
76 49 16 93 20 27
73 48 81 62 87 58
96 24 3 13 12 82
34 55 35 14 31 54
23 4 94 78 84 89
6 19 56 47 2 29
70 5 22 17 38 83
45 11 72 32 26 43
91 90 44 71 25 15
51 68 9 77 30 40
61 33 65 59 36 10
86 63 79 74 21 66
52 1 42 28 53 69
95 46 13 94 20 73
8 7 84 54 80 76
29 58 11 49 89 64
71 26 75 70 56 39
27 57 68 18 41 91
19 37 15 30 61 96
16 38 31 44 24 9
10 67 66 69 50 82
14 90 33 5 78 51
55 12 87 86 88 59
17 81 21 35 53 2
4 36 85 25 92 32
65 48 1 63 43 83
60 72 79 52 6 3
40 34 47 23 45 42
62 93 77 28 22 74
20 39 50 90 68 19
12 9 94 58 76 37
89 70 57 31 86 80
2 10 51 11 13 38
21 8 48 61 16 18
41 73 43 24 88 84
3 27 45 46 85 15
62 56 53 66 65 14
78 17 28 63 75 55
30 82 52 64 91 4
5 44 32 59 1 6
33 23 69 77 25 60
81 29 34 95 7 93
26 74 96 83 35 40
22 72 36 42 71 67
49 47 87 92 79 54
39 10 78 73 15 53
20 86 3 4 61 41
80 32 14 48 28 50
68 2 63 37 64 5
60 85 44 21 43 82
70 84 59 66 93 19
67 29 88 45 94 96
89 69 40 79 95 12
71 57 52 33 62 49
16 11 22 81 1 54
83 75 24 27 77 34
38 87 6 65 8 30
91 17 23 92 72 46
7 18 90 35 9 36
76 13 25 26 55 47
31 58 56 51 42 74
63 89 93 50 52 73
19 69 71 5 4 16
67 32 21 37 70 20
15 81 94 6 75 33
92 83 30 11 28 12
43 78 61 22 49 9
24 60 39 57 36 45
58 82 1 26 23 80
54 38 42 29 66 41
34 91 53 88 74 48
25 46 56 96 7 86
13 77 31 79 90 8
72 44 10 76 14 68
35 59 27 51 47 62
84 95 87 3 64 17
55 65 85 18 40 2
41 12 71 81 80 78
69 6 48 20 22 57
33 46 30 1 29 70
50 43 36 96 31 91
7 92 63 44 53 13
45 59 76 52 21 38
3 23 10 90 88 75
66 51 95 32 18 83
14 86 58 40 27 17
9 54 26 85 89 19
73 64 25 74 67 65
16 15 2 87 60 34
11 61 62 79 42 84
68 24 28 47 94 8
37 49 4 56 77 55
93 82 35 72 39 5
