1 23 10 20 11 34
21 7 8 30 9 13
40 36 32 3 26 24
37 2 35 15 41 29
42 27 16 14 17 5
12 4 22 39 33 31
6 19 25 38 28 18
24 13 14 26 30 20
11 42 1 16 12 7
17 8 10 38 31 29
3 4 41 25 15 21
32 22 5 40 6 28
18 34 9 39 27 37
19 23 2 35 36 33
10 28 11 42 41 40
25 9 16 26 34 29
31 37 20 21 4 18
2 33 24 27 3 7
8 14 12 35 32 6
30 5 38 17 22 23
15 19 36 39 1 13
37 28 26 33 8 3
9 6 41 23 16 40
18 10 30 38 15 12
29 7 20 27 36 31
1 17 25 13 32 2
19 35 39 11 5 21
14 22 34 42 24 4
1 31 15 6 26 27
5 40 39 25 38 2
20 8 4 3 42 19
41 33 32 10 7 9
12 30 34 36 11 37
35 23 14 13 28 22
21 29 16 18 24 17
10 26 36 6 5 37
31 25 23 27 30 14
7 38 33 15 20 35
41 24 28 12 17 9
3 21 22 16 19 1
42 13 18 40 2 34
4 39 11 8 29 32
28 5 15 20 1 24
17 35 16 40 10 25
13 6 11 9 33 4
29 39 42 30 3 23
41 22 27 8 18 36
37 34 38 32 31 19
26 12 21 2 14 7
33 18 40 1 30 29
34 31 17 5 35 3
21 13 27 28 12 32
16 20 6 41 39 8
23 7 24 25 4 37
19 9 38 14 42 36
11 26 2 22 10 15
33 37 30 13 16 5
7 17 28 6 34 39
27 1 4 24 10 38
26 32 42 31 35 41
2 3 18 11 9 14
15 40 8 36 21 23
29 25 12 19 20 22
38 3 39 10 13 41
36 16 30 4 2 28
33 6 21 34 42 25
9 20 27 22 1 35
18 23 32 7 19 26
5 24 12 31 11 8
17 29 40 14 37 15

