22 55 48 9 29 56
16 53 20 41 50 38
27 3 40 36 45 10
2 4 5 35 42 17
52 23 7 46 6 44
30 47 14 25 21 1
54 37 32 49 34 33
19 15 24 39 18 13
51 11 12 28 26 31
52 43 9 27 8 50
47 5 20 14 6 16
33 17 40 44 53 55
30 37 34 46 39 19
13 38 11 48 41 56
23 32 29 36 51 31
26 7 8 15 49 45
1 12 35 43 10 42
22 28 18 4 3 21
54 25 38 41 24 2
5 1 51 17 19 1 37 11
40 14 52 32 9 16
1 45 44 36 50 49
12 6 4 55 30 27
8 18 53 34 23 22
24 33 3 20 48 42
7 2 46 10 47 28
35 29 13 39 21 26
25 56 43 31 54 15
45 8 51 38 5 44
55 1 34 24 48 23
6 3 28 37 14 9
11 16 18 7 49 42
41 13 10 33 43 31
26 19 47 52 54 27
50 39 2 12 17 56
46 20 40 25 4 29
32 36 15 53 21 22
38 33 30 9 35 3
11 24 10 14 8 19
44 16 27 2 31 1
56 5 28 43 40 23
50 42 34 15 7 29
53 32 35 37 25 18
54 45 39 55 4 52
17 47 48 26 36 30
21 41 20 46 49 12
6 22 1 40 51 13
11 23 50 10 25 33
19 31 3 16 35 8
48 32 39 42 28 53
49 14 43 29 55 2
21 56 6 45 4 24
34 12 41 51 9 47
37 26 5 38 22 7
44 20 52 13 15 30
17 27 36 18 46 54
55 23 25 16 21 48
31 53 50 49 2 6
40 1 39 11 3 41
37 13 4 8 44 10
36 54 34 35 30 5
26 43 45 18 19 9
27 28 46 15 38 56
51 42 29 33 52 47
7 17 24 32 14 12
22 31 8 39 20 25
9 44 21 5 11 54
4 15 26 3 2 23
19 27 51 53 40 30
28 12 33 18 1 52
17 10 14 49 41 22
43 24 38 47 7 32
42 56 55 20 36 37
34 29 46 13 16 45
48 35 54 6 50 15
10 2 9 30 51 39
21 31 23 52 38 17
7 33 19 1 36 4
20 22 11 34 27 43
18 29 6 8 28 41
42 24 14 53 46 26
56 49 44 47 25 35
48 45 37 40 16 12
5 50 3 32 55 13
2 33 21 19 34 6
10 52 15 29 17 11
44 18 36 39 38 14
9 41 27 23 35 37
3 53 25 12 5 7
51 48 49 43 46 4
31 30 16 22 54 24
8 42 47 50 40 55
1 26 32 56 20 45
25 13 36 17 9 28
29 39 49 5 27 48
24 52 21 3 43 37
42 12 22 23 44 19
56 30 50 14 18 51
38 8 46 54 1 33
2 40 35 20 13 7
45 47 53 4 11 31
28 34 16 6 10 26
15 55 5 41 19 32
