59 13 42 80 25 54
10 62 94 35 66 95
12 88 40 19 44 100
21 41 6 15 78 76
32 64 14 74 9 5
70 63 28 68 4 8
36 98 69 11 60 29
55 82 7 23 89 43
73 56 92 27 93 20
48 65 81 31 77 16
45 22 1 71 34 58
18 99 50 33 49 2
96 86 17 87 79 51
90 57 38 97 37 30
61 3 39 84 53 67
24 91 85 75 72 47
83 26 35 68 46 52
36 21 44 73 14 10
54 32 41 88 45 16
2 65 64 59 98 76
95 80 27 9 49 29
25 38 93 40 50 31
15 43 1 81 74 69
62 55 71 47 37 99
79 7 26 61 90 72
46 39 60 91 96 77
24 52 58 8 97 17
56 19 42 70 53 48
34 94 100 85 20 33
57 82 28 87 92 84
66 78 13 5 22 63
3 23 75 86 12 30
51 89 67 4 18 11
83 47 69 6 95 88
80 1 39 55 16 2 1 21
76 14 93 49 58 19
43 53 73 98 17 91
68 54 56 81 24 71
52 70 38 32 59 92
37 1 10 42 65 86
77 66 90 82 36 45
30 15 26 5 27 18
4 13 97 40 34 62
50 72 57 12 74 46
20 8 23 78 67 44
64 100 89 31 87 61
94 48 99 96 29 25
85 60 7 28 22 83
84 35 6 51 63 75
3 9 79 33 11 41
2 90 15 93 13 24
34 86 27 39 68 82
1 56 95 50 5 21
26 45 31 91 19 57
72 89 66 65 70 97
67 42 64 38 69 85
74 30 87 25 52 71
11 58 75 7 78 96
3 49 32 63 46 10
99 98 16 35 8 40
17 76 84 33 83 80
77 73 12 28 62 51
88 79 4 55 81 36
29 59 20 47 43 14
9 22 53 100 23 54
6 92 60 48 44 61
41 18 63 94 37 91
68 90 95 58 85 31
89 15 34 38 84 56
49 74 83 21 11 8
45 30 72 42 28 55
57 36 25 62 3 1
54 33 82 67 12 47
97 10 93 78 16 43
40 39 75 17 9 18
48 76 79 32 100 73
86 52 6 53 99 13
22 35 44 69 24 4
98 70 96 20 5 88
46 19 59 27 94 51
61 71 29 23 77 2
66 64 37 80 26 92
50 87 14 81 7 41
65 43 34 60 75 8
58 67 55 56 40 86
99 54 28 10 69 79
88 85 48 78 57 39
5 24 45 94 83 12
17 44 32 72 31 15
71 51 49 26 13 82
41 68 89 30 59 22
92 29 33 53 46 65
37 21 100 60 93 81
35 47 23 36 64 18
77 87 70 1 76 11
66 20 74 6 2 38
52 61 16 63 95 19
80 96 73 4 50 3
7 91 9 97 84 25
62 27 14 98 42 90
69 45 46 75 100 56
49 88 68 92 17 67
44 57 29 64 83 13
28 40 66 21 71 59
38 24 78 18 55 87
82 31 3 76 37 52
11 81 20 32 91 22
36 42 94 89 2 26
8 15 62 86 48 50
43 41 84 70 99 58
51 30 39 95 7 98
14 97 61 1 12 96
16 33 74 90 23 4
9 77 19 10 6 85
53 63 47 34 93 80
35 72 5 60 54 73
65 25 78 27 79 45
18 84 22 52 88 21
8 29 81 42 51 66
69 71 91 76 50 89
2 48 67 83 43 30
41 28 19 64 1 17
57 75 93 33 32 68
26 97 63 20 60 77
58 27 72 23 87 10
74 92 98 79 47 31
86 7 5 80 38 44
12 56 90 39 6 25
95 11 37 15 73 40
13 85 3 14 35 70
46 34 24 99 36 9
96 16 53 82 62 59
49 61 54 55 94 65
98 52 4 100 10 57
23 5 48 93 69 84
78 51 60 47 1 2
63 38 81 39 73 33
29 68 87 45 97 21
37 75 77 89 74 27
71 46 11 90 86 64
22 80 40 14 94 72
79 91 70 30 62 49
16 25 76 44 26 85
58 4 83 15 53 66
82 20 17 99 61 42
13 28 88 9 56 43
92 100 96 95 41 24
8 18 7 19 3 54
67 50 36 65 6 32
59 31 12 34 55 35
47 40 49 57 81 5
60 14 23 79 66 68
25 33 15 22 77 98
73 69 78 61 70 86
1 83 9 89 16 20
56 10 51 41 80 74
90 67 94 75 28 52
19 32 30 29 82 35
85 2 59 45 4 37
72 21 64 3 48 34
43 42 50 24 11 39
31 27 13 84 96 36
100 58 65 38 26 62
93 6 46 54 17 55
44 18 97 71 95 53
76 63 99 7 92 12
87 8 80 91 88 2
