22 16 65 28 42 7
81 21 18 36 1 56
80 75 71 6 48 17
70 82 76 10 25 41
46 32 12 78 62 60
61 38 67 53 64 37
73 11 57 31 54 29
4 86 69 20 74 83
72 50 26 55 27 52
5 58 49 33 43 9
63 13 19 2 45 68
59 34 66 15 51 84
44 8 85 40 3 24
30 14 35 23 39 47
36 77 70 79 48 20
27 7 54 86 83 18
6 4 67 12 26 43
68 9 62 50 25 28
17 22 5 29 21 19
81 51 61 82 11 46
13 33 38 44 66 39
84 16 53 60 14 10
64 59 56 74 71 47
15 78 1 69 24 35
40 55 31 30 75 63
52 45 8 32 65 79
85 58 42 57 72 77
37 2 41 49 80 23
17 76 34 3 73 20
18 38 28 11 21 14
36 51 67 4 60 71
74 43 50 1 7 39
22 31 32 9 64 26
6 30 10 78 45 13
48 82 68 5 47 55
59 16 77 33 25 2
69 27 44 49 79 35
83 65 40 23 29 34
57 41 12 61 63 72
66 73 53 8 75 56
85 54 15 46 70 80
86 81 19 58 3 52
42 62 76 37 84 24
20 38 36 68 59 27
69 18 43 51 32 2
13 26 29 79 12 82
35 77 21 9 40 30
4 57 28 47 56 80
8 58 11 74 16 70
10 71 24 61 54 55
39 17 25 23 81 67
5 86 45 62 31 66
75 48 76 60 15 44
42 22 50 49 46 3
78 52 37 83 73 63
1 85 84 53 6 65
41 34 64 14 19 33
72 67 69 7 68 70
35 17 11 10 86 26
16 20 47 75 66 81
56 43 24 29 38 30
37 79 3 51 9 31
44 2 28 6 74 55
76 63 80 32 21 50
1 12 73 77 83 58
41 59 45 34 53 4
48 46 13 52 23 18
25 49 71 14 57 15
84 33 40 22 61 27
60 7 64 39 85 5
72 19 82 65 36 62
78 42 51 54 8 17
43 45 38 81 28 76
50 10 29 18 59 6
25 32 37 44 47 86
68 61 26 66 56 49
24 31 21 39 2 16
3 14 55 65 20 12
84 54 78 9 36 4
64 1 63 70 23 75
27 30 5 80 67 57
52 77 69 71 82 53
15 13 62 7 40 58
33 83 8 35 72 46
41 19 60 79 42 73
48 11 74 34 85 22
45 84 49 12 18 75
32 24 14 67 5 3
52 39 29 76 68 51
54 69 16 56 13 37
38 65 78 26 70 33
28 15 79 53 63 23
40 74 46 57 17 36
62 71 6 66 35 22
81 73 72 86 2 48
55 80 20 25 1 19
77 10 31 7 50 41
59 61 83 21 43 42
82 44 4 30 11 64
47 8 34 27 9 60
58 14 51 85 26 63
12 68 74 76 33 54
28 5 72 84 20 13
3 62 69 16 41 48
83 36 22 24 80 45
23 82 7 38 6 57
70 18 9 71 81 44
56 60 61 77 17 86
73 31 43 35 27 85
21 34 79 67 78 58
25 52 66 42 64 40
75 55 39 11 32 4
1 10 59 8 19 49
65 50 2 47 15 30
29 53 7 46 37 81
43 23 71 68 44 84
51 72 27 24 76 16
14 70 6 31 56 42
20 67 11 80 52 33
55 62 83 64 49 77
47 12 85 17 69 21
54 46 30 26 1 3
2 79 75 57 10 34
28 29 41 36 66 32
37 4 15 18 5 8
63 78 39 59 22 86
45 35 60 82 58 50
19 40 48 9 53 38
73 61 65 13 74 25
77 47 67 46 76 84
34 36 52 16 30 62
51 75 1 41 5 68
32 33 10 85 57 81
27 29 58 42 4 2
7 24 9 66 63 82
3 53 17 13 70 83
61 80 14 72 44 59
56 65 25 48 35 78
64 55 15 79 6 43
11 86 23 50 8 12
26 37 21 71 20 45
19 39 54 69 28 40
49 31 18 74 60 38
22 47 70 73 52 51
4 7 35 2 3 61
65 9 59 62 67 17
63 34 46 5 44 56
21 55 57 8 41 13
75 82 77 43 37 54
80 26 25 29 69 84
60 68 81 78 30 74
50 85 83 38 79 16
33 71 64 86 28 73
39 12 42 15 10 36
11 49 6 40 72 32
45 66 1 14 48 27
20 18 53 58 24 22
19 23 78 31 76 61
54 35 5 38 41 52
16 3 80 43 64 68
30 79 8 17 84 7
67 49 86 82 13 85
26 57 44 62 39 73
2 60 20 71 83 11
74 27 23 19 77 32
53 51 48 31 50 33
76 22 14 55 69 81
63 42 47 34 18 1
10 46 66 21 4 65
24 25 36 58 6 75
56 29 9 45 15 72
70 37 40 12 28 59
