18 17 32 12 11 44
45 3 30 36 21 24
19 33 35 7 8 27
47 25 16 40 50 34
4 31 9 48 46 20
1 15 6 41 29 13
22 38 39 23 51 37
5 14 26 10 49 43
42 28 47 32 2 9
46 15 36 44 6 16
12 1 8 38 25 48
39 34 30 10 35 31
28 49 50 29 11 37
26 19 24 2 23 21
14 13 4 5 42 33
45 17 20 51 41 7
3 43 22 27 40 18
25 10 6 21 19 47
35 42 49 48 12 15
50 36 37 31 2 28
43 8 18 23 4 38
9 41 39 27 26 11
46 17 16 20 13 30
33 45 14 29 32 3
24 5 40 44 7 1
22 51 11 34 19 15
37 30 25 26 18 42
2 45 29 17 39 43
13 7 36 47 9 38
10 22 20 50 12 3
31 34 32 23 1 41
16 21 35 49 4 5
46 40 44 14 28 8
51 33 27 24 6 48
13 10 2 1 31 22
32 39 19 18 16 5
12 40 7 30 29 23
42 21 44 35 50 41
47 37 27 45 46 4
20 14 51 11 8 36
9 24 33 49 15 25
17 3 38 6 28 26
34 48 41 43 37 46
21 7 31 22 27 42
18 44 23 9 10 51
8 32 50 3 49 13
16 2 48 6 11 45
30 5 1 15 47 14
36 38 40 17 33 34
28 12 19 4 26 43
35 29 39 20 24 25
2 7 15 8 46 10
30 38 49 44 27 45
33 41 18 50 47 5
29 48 26 36 22 32
16 23 11 37 35 1
31 14 3 25 17 19
20 12 34 21 9 13
42 40 43 6 51 39
28 4 41 24 30 22
7 23 47 14 48 49
34 44 26 27 20 29
40 15 21 38 18 2
39 50 4 1 36 17
5 6 8 9 37 12
16 51 42 3 33 10
31 19 13 35 28 45
11 43 24 32 25 46
48 9 23 30 50 17
15 3 44 39 37 7
18 34 45 6 42 14
22 5 29 8 16 38
25 13 27 41 36 2
51 35 47 26 31 12
1 43 28 33 20 21
32 49 11 40 10 4
38 24 46 19 42 50
41 27 31 14 16 12
23 25 28 15 45 5
4 44 48 34 3 2
37 26 10 13 24 17
8 47 33 11 39 21
43 32 6 7 30 35
49 1 29 46 18 51
36 20 9 19 22 40

