35 1 4 24 41 18
33 2 42 32 28 22
11 17 5 16 30 8
15 44 40 26 19 10
39 37 47 36 25 53
9 6 31 7 13 38
50 27 12 34 20 3
49 14 23 52 21 48
46 43 51 17 45 29
35 22 6 28 15 47
19 16 11 50 9 53
18 5 7 40 14 25
42 43 48 2 46 13
1 51 29 21 20 37
30 38 33 27 3 49
45 8 41 10 32 36
12 52 39 44 31 24
6 26 4 34 23 43
22 1 15 13 1 1 17 49
7 50 30 33 1 21 36
32 42 31 38 29 11
9 18 27 52 10 46
44 45 23 5 24 35
8 28 25 53 48 19
41 47 20 26 16 40
39 51 2 4 12 3
14 34 46 37 31 15
21 25 44 38 45 22
19 29 41 48 17 6
43 26 53 42 12 18
16 35 13 3 40 32
23 52 51 8 50 47
5 4 37 10 7 49
36 34 9 2 1 28
39 14 24 33 27 11
20 38 43 30 15 52
17 46 3 7 47 32
23 48 22 37 40 12
9 42 51 41 39 5
50 19 14 2 35 45
25 49 6 33 1 26
4 36 27 13 53 31
16 10 20 28 24 21
18 30 34 29 44 8
48 1 7 11 39 35
36 46 26 51 14 38
5 32 2 6 53 15
25 52 17 34 10 42
47 3 21 31 8 18
24 49 50 43 40 9
20 22 11 23 4 19
28 41 12 13 30 45
27 37 29 44 33 16
31 48 38 51 18 10
21 49 34 32 19 39
40 36 17 3 11 52
53 28 23 29 7 14
30 12 35 42 6 16
24 13 8 37 2 26
46 25 15 50 44 41
47 43 22 1 5 27
9 33 45 20 4 48
40 53 24 51 6 30
15 18 16 36 23 42
11 7 44 41 43 2
47 5 33 13 34 19
10 29 50 22 39 1
12 20 8 49 35 46
38 21 4 17 37 28
45 26 32 27 31 52
14 3 30 1 9 25
22 24 34 49 41 36
53 10 21 35 33 43
19 42 15 27 51 7
31 2 17 25 23 20
18 13 37 45 11 50
29 48 28 3 26 5
12 32 44 14 47 9
6 38 40 4 8 39
52 16 1 46 22 33

