42 32 28 4 19 51
52 29 40 12 15 31
30 47 38 16 39 10
43 17 13 26 27 9
50 23 24 2 45 18
5 37 49 8 20 7
1 25 48 33 35 22
44 3 11 21 34 14
6 41 50 46 36 40
24 17 4 8 5 31
23 37 22 10 19 43
21 42 29 34 7 35
38 44 18 41 26 48
14 49 3 32 45 6
51 13 1 46 52 30
15 11 20 36 39 25
9 2 16 12 27 28
33 23 32 47 21 40
18 5 3 51 42 30
29 31 17 14 38 22
50 45 10 16 1 27
20 46 12 44 33 41
36 34 24 48 37 13
26 11 4 2 15 49
6 39 9 35 8 19
7 43 47 25 28 52
31 48 33 27 44 42
22 4 21 20 32 37
3 23 19 15 46 17
24 28 8 14 40 50
25 2 47 10 41 1
52 5 39 9 49 34
36 18 35 43 12 38
45 11 51 13 7 16
20 30 6 29 26 8
27 22 41 5 28 15
1 14 47 42 36 3
34 39 13 32 31 2
30 26 7 23 35 48
10 40 51 44 9 43
19 33 49 24 16 29
18 21 17 25 4 6
11 12 52 37 38 50
45 15 30 46 31 14
35 16 26 41 8 3
17 51 47 34 2 20
19 21 48 5 1 50
43 25 42 38 49 29
22 36 12 4 27 45
23 52 44 39 24 32
28 9 18 11 33 46
7 37 10 40 6 13
26 12 34 19 14 25
43 16 15 1 20 21
46 28 45 39 48 29
51 38 27 8 22 40
52 2 36 44 6 5
9 13 41 49 4 23
17 30 33 50 11 42
3 10 35 18 31 7
32 47 46 37 24 26
28 6 1 13 5 12
2 8 23 33 29 36
25 22 44 50 3 9
4 48 14 39 51 43
17 35 45 52 47 37
42 20 24 27 21 10
40 19 31 49 18 11
41 15 38 34 32 30
7 25 46 16 44 4
37 43 8 3 24 2
18 40 39 17 1 26
35 50 27 15 32 14
10 33 5 38 13 45
6 34 42 28 23 20
31 49 22 47 16 12
7 9 21 30 19 36
41 29 11 48 52 51
39 50 33 3 43 6
4 12 8 47 10 34
38 24 9 15 7 1
29 46 44 11 35 5
31 26 28 51 25 21
40 41 2 42 45 19
13 14 52 20 22 18
49 16 32 48 17 36
37 27 25 23 30 39
45 34 31 26 50 43
2 46 19 21 52 38
7 14 33 17 41 5
16 18 37 9 29 32
44 13 15 47 42 8
12 6 23 22 11 24
40 20 4 48 30 3
35 51 28 49 10 36
27 8 34 1 18 46
32 43 22 11 7 2
21 3 39 12 42 41
14 10 26 33 4 52
5 36 16 24 40 25
27 48 15 6 51 37
30 1 44 28 17 49
29 50 19 13 47 35
31 38 20 45 9 23

