15 2 33 50 26 16
40 49 14 43 3 51
53 7 4 41 6 8
21 25 42 12 52 17
39 1 18 19 9 35
34 23 31 45 56 30
38 13 22 20 54 5
24 28 29 32 47 37
10 36 27 55 11 46
2 48 9 44 4 40
12 39 30 56 53 15
51 33 26 41 52 35
21 23 19 49 47 29
36 20 50 18 31 28
13 5 42 14 11 34
44 8 43 27 37 38
1 6 17 24 16 45
54 22 3 10 55 25
32 52 46 7 48 31
36 33 41 1 4 39 21 1
43 1 29 37 13 15 1 9
14 26 1 38 12 18
35 55 16 20 49 44
47 53 10 40 45 7
19 34 56 25 27 6
11 30 22 48 17 50
51 46 8 5 3 24
32 23 28 54 2 42
1 29 45 4 55 52
10 18 6 44 41 15
17 34 16 12 36 9
31 51 37 21 8 11
2 7 35 42 14 24
27 13 26 48 53 25
40 5 32 23 43 20
33 19 30 28 46 54
38 50 47 3 56 49
39 34 44 22 51 1
18 7 27 29 17 13
25 36 23 15 35 14
28 10 48 5 21 16
50 55 56 37 4 41
43 52 38 6 2 30
46 24 20 9 54 53
47 12 3 33 31 11
42 8 40 19 26 39
45 32 41 49 22 27
23 48 52 34 50 10
7 9 38 36 51 21
53 17 55 43 5 33
6 20 47 46 42 26
40 15 29 31 35 22
54 30 37 16 18 14
2 11 45 56 24 39
3 4 32 44 19 12
49 25 13 8 1 28
42 31 15 9 27 33
14 21 55 34 40 46
24 38 48 41 23 39
5 47 2 29 30 36
25 50 1 51 32 6
18 43 54 8 45 12
52 16 11 22 53 19
26 35 44 7 28 56
17 4 20 37 10 49
3 41 21 13 32 2
54 27 12 50 6 40
16 46 38 29 25 11
5 15 39 52 44 7
22 56 18 33 10 42
20 13 48 19 45 51
30 9 23 55 26 8
37 3 36 1 49 53
35 24 47 34 43 4
17 28 41 31 14 52
45 44 54 29 20 21
7 25 22 2 18 23
15 19 55 32 38 53
56 42 48 43 1 36
35 50 8 46 47 17
27 14 51 30 16 4
28 37 34 39 40 3
33 6 49 11 9 5
26 12 31 24 10 13
1 54 19 47 41 7
53 42 43 51 29 50
52 40 56 18 17 32
4 45 15 28 38 3
6 21 24 55 22 36
16 39 49 46 31 13
8 20 2 48 33 34
12 37 5 23 35 27
9 44 10 30 14 25
11 41 43 26 15 21
