4 3 19 23 34 22
18 1 7 27 15 26
13 21 29 35 16 31
8 36 10 25 17 12
33 37 28 2 9 14
30 20 24 11 6 5
18 4 27 32 16 34
23 29 7 1 21 10
19 36 25 17 33 13
5 12 26 6 9 37
22 2 28 8 35 20
3 32 15 14 24 31
30 33 25 11 34 7
21 4 5 18 9 1 12
6 15 24 36 2 29
16 27 17 3 23 35
32 22 20 10 30 14
19 11 13 1 37 8
28 5 23 31 26 36
9 24 3 34 18 30
1 14 13 2 17 4
19 31 10 20 11 26
21 6 16 8 28 25
7 37 32 22 35 15
27 19 33 29 12 30
17 34 21 2 26 6
10 7 22 16 28 36
31 9 1 35 33 24
4 32 23 13 25 20
11 12 14 29 18 15
27 8 3 5 37 36
6 1 34 28 7 31
14 16 33 15 30 19
5 35 18 37 10 13
21 25 32 29 20 3
24 11 2 23 27 12
26 9 17 22 8 4
34 19 35 28 21 18
37 31 30 12 36 1
15 10 9 25 27 2
33 26 29 24 8 23
3 22 11 13 4 6
17 14 20 7 16 5
32 30 36 26 19 18
4 35 37 15 21 33
28 27 29 3 5 17
8 2 16 31 32 11
25 23 1 14 22 6
12 20 10 34 13 24
7 3 26 9 29 16
35 17 28 30 11 4
36 15 34 37 20 23
5 25 9 2 1 19
33 6 8 10 32 18
13 31 22 27 14 21
12 7 15 24 19 28
30 3 2 4 10 25
20 31 6 9 13 27
36 24 21 11 17 1
26 34 8 14 7 35
16 12 22 29 5 32
37 18 17 33 23 31
15 13 2 21 26 30
10 29 11 7 4 9
24 18 16 25 22 37
20 1 5 34 3 33
35 6 27 19 8 12
36 23 14 32 28 9
