12 58 63 14 6 37
11 39 3 62 19 9
10 26 7 64 20 45
52 60 41 46 30 22
47 2 17 36 38 49
34 32 29 59 5 55
48 57 28 21 18 42
65 61 15 44 25 16
23 54 24 40 51 27
53 43 13 50 31 56
1 4 33 2 8 35
57 62 20 12 47 52
60 11 48 15 29 58
21 49 14 46 5 45
38 6 32 39 18 31
10 17 25 41 33 56
16 42 1 9 54 53
3 50 13 26 24 36
37 4 51 27 59 34
22 7 65 40 63 23
64 55 8 19 44 30
35 28 38 10 43 61
20 1 48 16 5 17
27 21 2 50 39 58
12 14 59 53 3 24
6 8 56 9 7 60
44 62 31 41 35 64
55 42 19 25 40 45
18 46 36 26 54 15
13 61 57 4 63 22
65 28 47 32 30 51
34 49 43 52 11 33
29 23 50 44 1 37
3 60 19 38 5 10
14 35 25 59 40 18
27 55 22 20 15 28
48 16 63 30 64 49
32 23 7 17 21 46
57 12 9 34 41 26
2 4 6 51 56 62
39 53 47 37 52 13
58 61 11 29 54 45
24 65 42 43 33 8
36 59 44 31 60 63
41 2 3 23 48 27
12 39 40 38 56 30
28 45 6 15 1 46
35 62 10 57 58 42
24 19 13 43 17 7
54 8 61 52 32 20
5 51 26 31 22 11
36 33 34 64 16 14
65 29 21 9 47 4
18 49 55 53 37 50
25 23 38 62 48 52
1 56 58 30 24 57
20 19 36 6 35 34
21 22 15 29 12 43
26 14 55 2 65 10
46 9 39 17 61 59
8 45 51 18 63 3
37 32 25 11 13 16
54 64 44 49 53 4
33 27 47 60 40 5
7 42 50 28 31 41
61 62 38 51 36 22
16 26 59 58 55 43
25 13 9 23 10 49
33 21 5 52 6 63
4 30 27 53 45 11
35 12 1 39 7 48
24 15 40 2 34 64
17 37 54 8 28 60
50 41 19 47 14 32
31 3 29 65 57 18
56 46 20 42 44 48
63 21 53 62 25 26
8 12 23 11 36 55
33 9 38 32 45 58
31 47 34 61 1 2
22 6 64 49 59 42
54 51 16 14 7 57
40 43 37 46 3 4
10 28 39 44 24 5
60 17 15 50 35 65
30 20 41 13 18 29
56 52 61 19 27 26
63 34 7 42 38 47
28 16 23 4 39 8
36 53 5 45 65 9
43 24 32 6 49 62
27 52 29 17 51 35
58 30 3 20 25 50
18 2 12 1 64 60
56 11 44 14 22 33
48 15 37 19 57 31
40 10 54 59 41 21
13 46 27 55 38 65
51 43 20 25 36 1
5 14 30 61 42 23
34 9 24 22 19 18
41 17 40 58 31 16
62 53 33 28 29 46
45 52 44 59 13 2
49 60 39 26 3 57
64 32 21 37 56 35
54 55 4 47 48 6
63 10 8 15 50 12
11 2 62 7 20 40
30 31 43 9 27 14
42 52 64 3 36 28
19 37 39 33 65 54
5 63 32 56 4 12
13 34 51 8 48 46
38 59 11 57 1 41
7 18 58 22 44 17
47 26 49 15 23 35
55 60 53 61 24 21
45 50 10 29 16 6
5 37 2 25 41 54
42 9 17 51 44 12
49 58 65 19 34 28
1 27 18 21 13 62
48 40 53 32 10 36
35 46 52 63 11 24
45 57 60 23 64 43
6 26 31 8 29 25
59 50 30 7 33 61
3 22 56 55 47 16
4 15 14 39 38 20
