27 34 42 3 65 14
49 75 74 35 36 44
72 67 30 26 40 48
18 7 1 51 20 38
28 64 13 4 17 56
41 50 55 60 5 73
63 45 58 46 76 22
16 66 43 77 47 52
29 62 57 10 71 21
33 19 6 39 15 31
11 69 23 59 8 53
54 61 25 12 2 32
37 68 70 9 24 58
73 30 43 14 18 51
63 35 7 66 72 60
76 33 44 26 34 21
19 20 71 3 50 45
61 22 17 40 5 27
38 12 69 29 46 67
53 2 28 74 1 55
77 10 8 75 13 65
70 64 9 47 57 15
31 41 24 32 59 49
56 11 62 36 52 68
37 6 16 42 23 54
18 48 39 25 4 45
76 1 53 35 38 27 43 1
72 65 1 28 61 1 46 21
63 5 67 9 1 13
31 74 77 50 51 22
36 42 7 2 70 33
39 23 68 57 49 26
3 40 29 44 4 32
71 73 6 17 48 34
25 75 47 19 41 30
12 14 56 10 16 11
52 15 37 69 60 59
55 8 24 20 66 58
23 64 51 62 44 54
65 63 57 2 73 31
43 17 3 25 46 70
32 14 35 22 4 9
37 61 47 34 18 13
15 29 16 26 20 53
71 42 40 56 60 8
50 59 36 1 27 72
64 69 19 68 55 12
6 38 5 33 45 11
58 74 10 30 7 54
24 39 52 67 21 75
62 48 41 77 28 76
66 71 46 14 25 49
35 29 47 23 61 73
72 31 34 20 43 64
44 65 27 11 7 37
75 12 17 74 26 42
22 53 56 57 30 24
19 70 1 62 16 32
52 8 4 38 41 63
45 77 60 67 54 36
40 9 50 21 18 33
13 3 48 68 66 59
58 51 39 69 28 5
55 76 2 6 49 10
15 72 44 41 42 14
54 47 71 24 53 63
8 74 43 29 37 33
31 9 7 3 52 61
64 65 26 1 22 66
2 23 18 27 19 46
60 30 38 39 62 13
17 32 20 57 11 77
5 4 68 16 75 76
49 40 15 45 73 28
59 34 25 55 56 67
36 21 51 58 12 6
69 10 50 35 70 48
27 54 26 71 31 52
47 22 72 37 39 2
68 49 20 43 63 42
18 32 41 67 74 64
5 57 14 8 19 36
1 3 12 56 76 23
45 29 51 65 55 70
13 50 25 16 7 69
48 61 28 24 44 38
4 21 66 30 15 11
46 35 77 6 59 40
34 60 10 53 17 9
33 73 62 75 58 3
13 32 43 23 71 55
49 22 19 70 54 72
42 24 11 76 29 18
41 37 21 35 1 45
20 47 74 4 27 69
38 26 73 9 10 36
65 52 53 58 25 40
16 33 57 51 48 60
67 68 2 44 17 31
12 28 30 34 50 8
59 14 64 61 39 63
46 5 15 7 62 77
66 56 69 75 6 18
60 24 4 65 43 19
25 36 1 10 31 29
57 72 76 52 13 74
21 55 27 48 16 63
40 51 34 11 41 2
30 3 49 64 37 5
54 9 59 28 75 20
70 44 39 71 77 12
53 62 61 42 45 66
17 58 23 15 38 14
32 26 46 47 56 50
8 67 22 7 6 68
73 35 16 33 24 64
54 11 40 55 39 3
45 2 44 30 69 9
76 36 71 15 18 65
51 53 75 48 32 37
1 52 17 49 47 8
10 33 46 61 68 41
7 43 4 59 57 12
21 20 60 22 25 23
74 38 66 5 70 34
31 58 19 42 13 35
14 63 26 28 6 62
56 77 27 73 72 29
50 76 65 43 67 61
