46 42 31 25 34 4
3 40 14 54 35 16
11 39 7 48 2 29
15 17 24 43 36 47
10 21 49 27 52 53
19 37 9 41 18 1
5 23 45 44 22 26
13 28 20 33 51 32
50 38 6 12 30 8
36 10 4 39 47 16
29 1 11 25 35 43
46 26 17 9 41 42
7 19 21 32 44 14
38 45 54 49 13 6
50 2 53 18 20 34
37 51 3 33 5 8
28 52 30 15 40 22
24 48 27 31 23 12
32 6 9 42 16 29
1 50 19 17 7 47
18 25 53 5 4 44
28 8 26 39 54 21
45 35 12 48 20 52
37 11 40 10 13 15
14 49 2 36 33 31
30 46 51 23 43 27
34 38 24 41 3 22
9 53 8 28 12 48
47 21 20 40 42 5
44 16 15 2 54 33
17 29 18 30 45 31
7 41 13 22 25 36
24 11 50 14 4 46
3 26 1 27 32 49
38 19 23 10 34 35
51 52 43 6 39 37
48 25 33 21 40 17
47 18 22 29 14 12
36 30 3 11 44 45
4 8 20 49 41 19
31 16 38 51 50 28
35 42 27 13 24 37
23 32 7 53 15 39
34 43 54 52 9 5
2 26 10 1 6 46
41 51 44 47 49 45
17 27 25 14 20 38
39 33 35 22 50 42
31 54 11 23 53 37
19 5 46 16 1 48
40 43 7 34 12 26
8 32 52 18 24 36
6 10 29 15 3 28
4 9 13 2 21 30
45 22 48 25 37 50
49 46 39 5 14 17
42 8 1 52 44 23
53 29 40 51 36 19
27 34 11 6 33 18
26 32 15 35 38 4
43 13 21 3 47 31
16 9 30 20 7 24
12 2 41 54 10 28
22 17 34 8 11 51
42 15 14 1 53 45
21 36 44 46 37 38
33 29 50 26 24 52
20 12 39 19 3 13
25 23 49 16 18 28
4 47 40 9 27 2
54 48 32 30 43 10
35 5 41 7 31 6
37 14 34 26 29 13
12 49 16 21 11 42
52 17 3 2 4 23
9 48 18 38 15 51
43 45 33 8 7 10
32 36 41 50 27 5
44 1 39 40 31 24
35 30 47 53 28 46
6 22 54 20 19 25
