25 22 10 31 20 29
14 4 43 30 39 44
53 18 46 41 7 24
13 34 1 6 45 37
23 16 28 38 15 11
12 5 8 3 51 32
19 9 42 50 48 49
35 47 40 27 21 36
17 15 33 26 52 2
43 28 20 31 24 4
1 22 39 46 8 23
18 12 27 6 16 42
51 44 17 34 53 48
11 47 29 13 50 30
14 37 2 38 32 36
41 33 3 19 25 45
40 10 26 7 9 35
49 52 46 21 5 6
18 1 28 29 47 1 34 8
17 36 12 43 41 1
26 13 14 25 48 16
42 23 40 31 51 45
24 50 35 5 38 44
53 4 11 15 32 10
9 39 2 19 21 37
7 30 3 22 27 52
20 49 34 36 16 33
23 14 24 10 42 17
28 37 25 40 46 12
13 32 31 52 50 19
7 49 45 20 8 4
47 38 6 53 33 9
15 35 51 18 43 3
39 27 41 29 48 5
1 2 21 11 26 30
44 6 36 23 7 22
10 13 38 46 34 51
14 5 19 20 40 18
8 2 43 47 27 25
52 42 15 29 44 37
50 21 16 22 41 53
48 33 35 4 1 12
17 45 32 9 30 28
3 39 31 24 11 49
26 38 50 40 43 6
51 20 41 37 15 27
34 19 23 35 52 4
24 29 21 33 14 32
25 31 7 39 17 47
8 22 26 42 53 13
2 12 30 5 49 10
48 18 11 45 36 46
16 44 9 28 3 1
32 20 42 35 6 39
34 31 40 30 53 15
33 37 50 27 10 23
46 7 16 29 19 43
44 24 47 45 12 26
52 11 8 41 9 14
36 3 5 4 17 13
21 25 49 38 1 51
22 28 48 2 18 33
27 46 9 12 31 14
5 43 7 11 42 34
32 41 44 49 40 13
37 4 38 18 17 22
48 3 20 21 23 47
51 36 50 39 26 28
45 35 53 2 29 25
6 30 19 8 24 15
47 10 52 16 1 18

