63 74 2 67 37 21
36 71 53 50 43 57
3 11 61 54 17 75
29 51 48 58 27 70
62 64 33 23 41 59
7 4 39 14 32 49
66 24 18 12 6 46
8 60 76 26 40 20
34 52 42 73 35 44
65 38 9 72 56 47
5 77 19 22 69 25
55 31 28 15 30 13
68 10 1 39 16 45
32 23 12 26 61 74
3 6 62 51 64 76
17 20 2 47 71 52
22 66 72 53 34 48
44 36 67 41 7 13
19 75 37 33 27 30
21 16 8 4 11 5
56 73 10 14 58 31
18 49 45 69 59 29
43 68 15 24 42 38
60 77 50 35 70 9
25 63 55 46 57 40
51 28 54 2 1 65
58 1 72 62 71 1 19 7
56 37 53 12 4 17
11 64 34 36 39 31
5 26 70 66 47 30
41 69 43 52 21 32
75 15 45 40 50 22
33 60 65 68 55 29
6 48 77 42 49 67
13 59 57 76 14 24
8 27 44 10 9 54
20 1 73 63 61 38
35 18 23 25 3 16
17 74 46 69 50 28
71 45 26 48 55 64
76 12 75 77 29 41
56 33 54 32 15 36
61 21 10 30 40 51
27 13 35 6 53 68
70 65 11 24 62 63
46 9 2 39 5 23
3 52 14 19 67 66
47 7 8 34 43 1
59 42 74 60 25 72
44 58 49 16 20 28
38 31 4 57 22 18
73 6 69 11 15 37
63 76 48 23 56 19
13 26 43 9 29 3
17 67 34 5 10 60
36 70 14 75 8 55
1 35 57 74 22 33
51 71 38 37 41 39
61 44 72 45 46 24
58 68 30 18 2 32
73 16 66 27 59 77
65 25 64 52 49 12
28 40 4 42 62 47
20 54 21 31 53 7
50 75 56 1 44 26
72 17 18 15 51 8
10 32 29 46 35 71
30 43 74 49 76 73
37 24 3 58 34 77
23 14 42 45 20 65
70 67 12 31 33 69
54 39 22 13 47 63
27 5 7 64 38 40
41 57 66 60 28 11
59 52 6 4 48 50
16 2 61 19 53 55
9 21 25 62 36 68
67 24 51 35 75 20
30 22 46 42 7 56
40 1 11 77 23 71
33 28 52 10 72 26
32 38 53 59 44 3
16 63 41 14 9 15
49 37 47 61 31 60
6 29 25 2 8 34
64 70 19 74 13 4
48 5 73 57 54 68
76 55 21 39 18 50
12 62 27 43 45 17
69 58 35 66 65 36
71 3 42 8 33 63
47 51 14 25 11 44
68 46 59 70 34 20
64 77 56 28 18 61
57 19 15 21 12 1
26 41 22 49 2 27
74 45 58 38 54 6
53 39 60 62 30 52
7 66 69 55 23 10
31 48 43 75 65 16
40 36 24 29 73 17
72 50 32 37 13 5
9 4 58 67 76 71
