30 15 32 28 21 12
7 3 31 17 40 27
34 20 1 23 5 22
11 39 29 37 13 16
35 41 14 19 18 10
36 42 4 33 26 2
25 8 24 43 9 38
6 40 12 16 35 22
3 41 2 30 33 34
26 43 36 20 11 23
28 17 7 18 4 37
14 1 19 15 39 24
10 38 13 9 25 21
32 27 6 29 8 42
5 37 20 31 15 2
10 24 33 11 12 13
35 34 7 8 39 36
19 3 38 23 28 25
40 16 26 27 14 5
6 17 4 1 9 30
42 22 31 18 29 43
21 32 24 25 41 5
23 30 19 27 2 11
43 37 10 4 40 3
33 7 41 26 35 15
36 31 13 14 8 6
32 9 34 29 12 22
28 18 38 1 39 16
21 20 14 42 11 17
32 43 12 37 19 36
16 8 41 1 2 40
38 22 30 10 27 31
15 42 7 3 6 29
4 25 26 13 34 23
5 28 35 9 24 17
20 18 39 33 21 8
13 15 6 38 16 32
35 29 27 17 43 1
10 11 28 31 34 41
39 23 37 24 30 42
21 3 26 2 22 19
25 12 14 4 20 7
5 40 9 18 33 36
42 35 2 22 13 28
37 21 1 3 14 34
19 24 29 32 36 40
33 11 25 7 27 30
8 26 10 17 16 15
20 31 6 18 23 9
12 5 4 38 39 41
43 16 42 36 17 34
26 9 29 23 14 24
11 7 8 5 10 3
4 1 33 19 32 31
40 30 18 15 38 20
41 6 22 39 25 43
27 28 37 21 13 35
2 23 17 12 7 38
29 36 1 25 10 30
16 14 4 8 35 20
27 15 9 31 5 39
24 13 26 12 18 3
40 43 11 2 28 32
22 34 21 6 19 33
42 41 23 37 38 8
14 13 40 30 5 43
34 19 39 9 7 16
41 29 28 20 3 27
35 37 25 26 42 32
2 12 10 1 31 18
22 36 15 11 4 21
17 33 20 24 6 37
31 23 16 7 32 25
12 42 9 41 21 40
24 27 18 34 4 15
43 33 35 29 38 5
30 2 8 6 26 39
28 1 3 14 36 11
13 17 19 22 10 20
16 29 21 41 4 43
3 30 11 9 6 35
2 25 18 15 37 14
39 32 17 40 10 23
7 19 5 13 1 42
8 22 27 36 24 12
38 31 33 34 26 28

