17 43 24 49 31 23
3 48 19 45 2 28
18 7 21 8 6 11
40 36 10 9 46 12
30 29 22 38 1 20
35 14 37 34 25 4
27 42 5 41 44 13
32 39 16 15 33 26
2 36 24 22 47 7
17 20 10 18 48 45
28 11 46 23 25 42
35 44 1 14 13 39
38 32 41 8 34 3
16 30 9 5 37 47
26 6 43 33 12 29
49 15 4 19 27 40
31 13 36 48 32 21
9 1 45 47 41 14 1 34
11 35 7 1 5 3 1 33
1 27 8 43 16 46
6 21 19 30 23 39
42 28 49 2 20 26
22 40 12 37 44 31
25 18 17 38 24 15
10 4 23 3 29 39
14 45 32 47 30 27
33 31 2 46 8 37
49 41 48 6 38 35
28 10 24 11 40 13
12 16 20 4 7 17
21 43 25 44 9 22
36 42 34 29 19 18
1 26 45 15 5 31
27 6 16 10 38 2
13 46 30 9 17 49
37 3 11 36 20 35
43 5 40 19 25 32
18 39 41 14 28 22
12 7 15 21 34 29
44 47 23 48 8 26
33 1 9 4 24 42
2 11 25 41 43 30
20 14 5 6 36 15
3 35 17 26 22 27
13 23 38 7 40 45
4 19 46 32 18 44
39 48 42 24 12 8
33 37 34 10 49 1
47 29 16 31 21 28
46 15 44 7 3 6
23 9 32 35 2 18
22 49 8 45 5 11
12 10 19 25 1 47
28 26 4 30 38 36
40 21 14 42 17 33
29 24 48 16 41 37
20 39 27 34 31 43
13 49 18 47 12 3
25 33 44 23 45 36
42 8 30 15 10 35
31 11 38 9 19 14
37 28 7 32 27 43
34 22 6 16 4 13
46 26 21 24 41 20
29 2 5 39 17 40
48 9 7 1 14 3

