11 30 12 4 56 7
52 22 8 13 15 3
32 57 44 14 37 35
46 1 34 17 48 45
42 55 54 18 20 16
9 53 50 51 31 25
28 27 47 38 24 43
33 39 41 5 49 23
6 36 19 40 10 26
21 16 1 29 2 32
8 15 55 4 34 31
48 44 30 17 9 18
7 38 37 56 22 5
39 14 49 13 53 47
33 19 11 2 45 42
52 43 35 26 23 25
12 6 29 28 54 51
27 36 40 20 50 21
57 3 46 41 10 24
55 32 1 11 49 9
15 45 30 43 37 16
39 25 17 56 42 6
53 12 20 38 47 34
54 29 10 7 52 48
33 57 4 46 50 13
14 21 24 18 19 8
36 2 51 35 41 22
31 27 26 5 44 28
23 53 3 54 11 40
45 52 50 9 39 12
49 43 46 29 56 8
19 41 48 13 16 38
31 28 14 30 7 20
1 37 2 10 25 27
6 44 23 47 55 22
15 5 42 57 35 21
24 40 18 36 4 17
26 34 51 3 32 33
16 8 10 27 9 56
39 38 30 44 46 2
22 21 45 20 57 49
37 6 41 11 18 53
24 5 50 29 14 34
32 26 4 1 47 54
35 19 17 55 28 52
40 7 23 51 13 42
25 3 36 12 15 48
31 33 38 21 43 11
47 26 29 8 30 57
22 18 54 19 39 46
4 35 44 10 45 53
25 20 13 32 17 5
51 52 14 16 48 27
50 23 56 15 2 28
3 42 31 36 1 49
55 40 12 37 24 33
41 7 9 34 6 43
8 48 35 20 11 39
53 29 15 19 27 32
28 25 16 49 22 4
23 18 55 50 38 10
56 40 33 14 41 1
57 24 45 52 31 6
34 13 5 30 54 36
42 46 9 37 12 26
2 17 21 47 3 7
43 20 19 44 51 1
45 28 41 25 8 32
50 49 27 30 35 6
42 10 11 24 34 22
3 29 37 23 4 39
5 31 47 40 46 52
26 21 56 48 51 55
7 16 36 53 33 44
38 9 14 54 17 15
18 13 57 43 12 2
