36 45 49 39 78 77
5 22 8 76 71 32
57 38 61 47 21 44
63 12 26 72 60 75
46 35 58 59 3 7
41 30 66 67 73 4
50 10 62 18 33 52
51 56 13 14 16 43
27 11 29 1 70 9
48 23 6 28 2 53
64 54 20 31 69 74
42 19 37 24 65 25
68 17 15 40 34 55
3 45 41 32 8 75
59 57 14 72 33 77
16 47 56 1 63 62
13 6 11 23 60 46
18 27 35 4 58 38
28 61 66 9 78 69
53 52 34 19 76 26
5 71 2 7 31 39
68 12 24 74 22 17
15 21 51 64 30 25
44 10 65 55 70 67
49 37 73 43 36 40
54 42 50 29 48 20
57 75 13 34 66 56
2 47 52 33 4 27
62 61 60 3 17 39
23 64 32 25 12 77
18 11 63 24 7 71
72 30 19 74 36 6
67 76 9 38 37 20
15 44 29 73 35 28
78 26 31 70 41 16
50 1 8 65 54 58
22 45 59 43 10 49
46 69 48 21 68 14
53 40 5 55 51 42
27 37 74 34 13 71
56 24 77 60 38 52
63 78 73 64 19 3
18 1 7 12 44 36
4 20 2 43 28 17
9 65 14 32 15 31
40 72 47 10 21 54
30 48 42 8 26 33
22 76 62 57 6 70
75 55 50 25 49 23
11 35 69 53 41 39
61 67 51 46 59 68
29 66 16 58 5 45
54 37 28 64 21 18
10 36 2 74 26 56
73 34 33 1 32 78
48 9 4 13 19 7
70 17 35 42 25 75
12 62 43 14 55 46
69 24 57 27 5 15
39 16 8 52 44 59
6 38 30 68 49 65
76 23 45 31 61 63
29 77 3 11 40 67
51 72 71 60 41 58
20 50 66 22 47 53
56 33 10 19 35 5
7 70 12 69 8 43
48 75 59 74 15 18
25 57 73 16 46 54
9 64 55 30 2 45
26 65 40 62 58 13
20 52 3 66 71 49
21 23 24 39 76 36
38 31 29 72 53 17
27 47 6 78 67 14
28 34 63 50 11 51
60 4 44 32 68 37
22 42 41 77 61 1
2 40 70 66 59 12
3 18 25 33 74 9
17 49 58 5 64 57
14 45 6 20 71 73
30 29 23 62 7 34
67 32 63 69 53 26
8 77 31 44 51 24
11 15 54 52 56 22
39 46 72 28 27 19
55 1 41 21 48 76
36 60 16 65 50 61
13 43 68 35 42 47
75 78 38 37 10 4
33 14 17 23 44 8
24 18 20 29 57 32
56 53 15 45 46 70
59 25 1 71 6 69
66 74 21 63 7 65
52 58 28 12 42 67
19 39 38 41 43 50
35 60 22 40 78 64
9 34 75 47 54 36
4 51 26 49 27 61
77 55 10 3 31 13
37 48 11 30 5 16
73 68 76 62 2 72
53 43 33 71 58 44
24 74 40 78 50 46
67 19 60 15 1 57
35 56 21 12 9 49
26 55 66 6 39 18
8 64 10 61 29 34
5 68 54 14 3 70
17 63 2 77 41 37
65 69 4 22 72 23
42 59 31 73 11 38
45 25 52 47 13 30
16 7 27 20 75 76
36 32 62 51 28 48
34 14 1 66 35 24
6 9 44 41 63 40
65 43 46 77 18 5
55 74 12 11 4 57
17 19 59 54 26 45
70 72 52 61 20 23
7 73 53 10 27 60
71 75 64 38 62 48
58 30 78 56 69 76
31 28 36 25 8 68
33 39 29 37 51 22
49 3 47 15 16 42
32 13 50 2 67 21
34 12 41 59 20 5
77 53 35 54 62 74
58 70 61 19 24 48
68 57 71 23 9 10
40 39 1 75 14 30
76 46 42 44 66 64
36 38 69 16 13 33
49 18 78 2 8 11
47 7 32 6 17 56
45 65 37 51 52 27
21 28 22 26 73 3
4 25 55 63 29 60
67 50 15 43 31 72
41 59 64 13 24 53
44 33 68 75 66 11
61 16 18 35 40 6
17 5 46 52 36 9
26 2 57 1 3 65
7 23 78 38 54 51
70 32 43 50 63 30
60 49 74 76 14 28
58 20 39 10 15 25
71 77 19 69 29 47
42 62 21 45 4 34
31 67 27 48 22 12
8 73 72 37 56 55
