25 6 40 35 34 18
31 11 10 29 33 38
8 1 36 22 13 19
27 24 41 15 17 3
12 39 32 23 26 21
37 2 7 20 5 30
4 16 1 14 9 28
8 19 27 6 38 31
32 3 33 23 40 10
13 18 9 21 15 37
17 30 14 36 11 39
22 12 25 20 28 16
29 35 24 4 5 34
26 2 38 41 7 15
23 3 1 30 8 1 13 17
11 16 29 1 6 21
28 10 26 14 40 24
31 37 22 7 25 4
36 35 32 33 12 2
39 5 19 34 9 27
10 20 41 18 8 23
38 30 16 35 3 31
9 7 17 40 29 12
27 11 13 24 4 20
36 37 26 6 34 28
1 22 2 39 18 33
21 14 5 41 25 19
32 34 31 15 8 11
40 38 28 2 39 13
35 1 7 21 27 36
12 26 14 3 29 22
30 41 6 33 20 9
19 24 15 25 23 37
17 18 4 16 32 5
39 27 20 10 36 29
14 31 23 9 2 6
17 21 25 26 4 33
19 28 18 7 3 11
30 34 24 38 32 1
8 41 40 16 12 37
13 10 15 5 22 35
9 38 3 20 32 25
18 31 36 24 26 39
2 10 35 37 19 17
34 33 7 13 14 16
41 29 21 30 28 8
22 23 11 5 40 27
6 15 4 10 1 12
29 25 13 32 37 41
11 35 9 26 8 22
40 17 20 19 31 1
33 15 5 28 36 3
38 27 14 18 30 12
16 21 34 2 24 23
3 4 39 7 6 8

