61 35 32 55 80 23
44 4 72 82 13 8
74 37 51 76 48 69
17 28 66 1 84 39
19 18 9 33 26 42
10 89 6 21 41 34
71 70 56 38 77 16
31 88 3 29 86 67
78 57 15 90 40 36
65 63 62 5 20 58
92 14 52 47 22 2
30 49 11 64 43 7
87 53 24 68 81 91
25 60 59 73 27 93
45 79 46 50 85 12
38 54 83 75 66 13
48 31 34 35 44 17
40 26 23 69 56 20
15 39 82 42 62 6
57 77 86 28 92 89
21 33 81 1 67 61
19 78 65 72 3 76
32 68 43 70 27 47
59 2 64 45 71 87
88 8 10 24 79 75
4 50 14 93 90 18
80 9 30 60 74 85
49 58 41 54 36 53
84 7 16 91 51 73
46 55 5 11 52 25
22 63 12 37 29 83
6 57 1 19 31 56 1 47
67 24 1 82 77 64 78
42 86 32 79 17 14
69 28 75 87 21 44
53 39 60 2 4 35
73 49 50 62 81 3
92 25 76 85 66 15
89 59 29 8 51 38
43 16 54 33 10 20
72 23 37 11 1 68
58 93 48 52 12 7
61 18 27 34 30 5
41 71 40 88 80 91
26 13 36 63 46 70
84 74 90 83 65 45
55 17 78 22 9 49
76 81 4 59 56 79
15 24 50 23 19 21
62 93 44 51 1 43
29 87 10 18 48 39
77 20 61 60 12 47
3 69 38 41 11 35
16 90 80 25 63 2
31 5 33 45 7 22
68 14 88 26 83 58
66 73 89 36 72 9
37 55 67 6 85 91
65 42 64 13 34 57
70 75 74 53 82 92
52 32 8 30 71 28
40 27 54 46 86 84
81 69 12 78 2 5
3 25 22 56 44 58
9 77 1 50 76 87
80 36 24 18 38 43
49 51 42 10 4 68
62 83 60 41 92 31
90 82 26 7 37 32
52 89 23 54 67 17
46 91 72 39 74 59
47 15 71 34 33 63
28 79 29 70 73 65
66 35 88 20 6 45
85 40 11 14 75 48
55 21 13 30 16 86
93 8 84 53 57 61
64 92 1 27 58 19
51 56 90 9 52 41
67 7 46 69 10 15
37 38 33 79 87 25
35 24 73 12 26 54
4 22 48 80 62 70
43 50 78 88 89 74
57 60 63 81 72 55
13 6 40 18 59 28
75 3 20 84 42 30
66 11 31 82 65 71
36 91 21 32 64 93
86 19 2 68 61 44
16 45 27 76 8 14
39 83 77 23 34 49
85 47 17 5 53 29
72 50 25 40 10 35
58 70 87 89 15 55
7 54 9 71 3 4
90 59 92 24 33 11
56 13 62 74 32 67
48 61 79 63 43 66
38 76 22 60 23 6
83 30 1 91 57 69
49 84 80 14 19 37
8 31 85 20 78 21
17 68 18 16 46 82
44 45 52 36 42 77
86 5 73 64 41 39
28 34 53 12 88 51
93 47 26 75 65 81
2 29 56 27 24 57
