59 24 48 45 69 54
63 37 19 82 18 91
49 14 35 38 31 26
77 40 65 81 10 90
25 41 78 12 9 56
87 7 39 46 70 29
47 96 66 68 89 33
94 58 60 3 15 61
74 5 52 92 83 80
97 1 36 76 8 43
67 13 93 28 32 75
86 51 64 6 27 57
22 71 53 21 16 4
17 44 50 85 2 79
88 55 62 34 95 84
11 72 30 23 73 20
98 48 87 89 5 42
59 1 15 96 49 92
38 91 43 13 7 54
9 74 40 60 26 28
78 67 39 80 18 31
70 33 4 14 63 61
50 25 95 68 57 35
77 51 2 93 83 62
36 58 41 88 52 72
34 81 53 19 46 6
79 56 55 86 73 29
3 8 30 47 24 84
75 82 27 65 22 44
90 16 69 66 17 12
71 76 11 37 85 64
20 94 10 98 21 97
95 42 23 45 32 1
52 89 7 15 35 81
53 79 68 40 5 38
78 51 72 4 74 34
83 87 75 43 49 57
56 61 54 82 66 93
16 33 60 39 76 65
91 86 70 2 48 11
97 6 47 50 90 55
8 98 85 19 96 29
25 88 32 31 24 20
64 21 44 12 84 59
41 10 23 67 63 62
27 9 14 3 36 18
37 42 30 13 22 58
46 26 94 17 92 45
73 80 77 71 28 69
79 43 6 98 35 65
8 50 40 33 34 15
31 83 16 48 96 56
62 85 5 72 61 32
11 19 75 95 39 59
70 41 18 53 44 20
74 93 47 14 64 88
42 9 80 21 17 38
54 63 60 73 87 51
4 91 81 67 25 97
68 28 86 90 78 22
1 71 26 66 27 84
55 82 24 76 13 46
2 12 45 89 36 49
92 57 7 23 58 77
52 3 37 29 69 10
30 80 41 94 34 87
61 50 48 51 67 9
20 90 15 5 43 19
28 54 79 33 64 1
73 68 18 4 88 83
75 62 47 36 81 42
58 53 45 65 66 11
95 14 98 44 37 86
70 31 71 89 92 13
93 29 72 91 6 12
26 78 55 21 77 32
40 57 76 56 2 30
97 17 96 22 39 3
10 16 49 7 85 25
8 59 46 27 60 35
69 74 84 82 94 23
63 38 34 24 52 28
58 4 31 43 50 86
87 61 79 36 91 90
83 65 19 41 71 14
29 15 64 80 97 53
6 37 89 75 73 16
76 78 17 88 48 7
59 82 3 42 40 70
96 32 38 44 11 94
69 30 25 62 21 27
51 52 68 49 23 8
84 77 9 39 45 5
12 33 67 55 98 74
35 13 56 85 47 63
26 54 2 95 20 81
66 72 92 10 60 24
57 1 22 18 46 93
32 29 17 34 14 58
91 76 50 52 75 96
5 49 82 71 6 88
43 64 73 40 25 94
28 15 51 16 30 55
38 56 67 77 70 95
86 65 21 24 87 74
23 46 33 37 9 31
84 80 36 48 68 63
42 4 90 57 54 8
13 81 98 18 59 66
60 45 85 41 93 97
7 22 26 11 62 12
44 35 39 1 72 69
89 20 83 79 3 78
61 92 27 47 19 2
10 43 82 53 95 28
65 94 70 5 55 37
90 84 25 58 38 76
85 75 21 14 68 46
62 18 52 54 86 71
35 77 4 64 30 17
93 59 36 16 26 50
39 12 48 81 8 92
19 23 88 80 60 89
49 97 24 61 78 40
27 11 13 15 10 74
57 3 73 31 34 98
96 7 63 72 79 9
32 66 41 6 2 22
44 29 83 45 47 67
33 42 91 69 20 51
87 56 17 1 53 52
94 12 76 54 77 14
46 97 58 74 95 71
5 28 21 35 23 36
92 79 34 18 11 16
62 90 89 9 64 82
57 47 37 41 38 59
22 45 10 50 70 73
39 86 49 63 93 42
24 15 6 26 67 68
98 27 80 32 56 91
2 53 96 60 84 78
31 75 66 29 40 51
81 88 43 30 44 33
13 19 87 72 25 3
83 69 61 7 55 8
20 65 1 48 4 85
