22 19 50 18 27 16
2 13 46 32 30 45
24 34 15 38 47 3
8 6 44 49 10 25
26 21 43 17 41 29
28 51 42 11 12 20
37 35 31 14 9 4
36 48 7 5 23 33
39 1 43 25 40 46
21 32 3 50 42 12
27 8 35 44 28 24
17 7 30 34 49 37
40 15 4 22 23 10
48 38 51 45 26 9
6 14 16 2 20 33
41 47 13 39 19 36
11 1 18 31 29 5
45 1 50 17 10 1 7 28
23 32 14 16 1 25 51
43 46 34 4 42 19
13 20 40 21 31 27
36 29 11 30 35 3
47 9 6 12 41 5
37 26 39 15 44 18
8 38 2 48 1 22
19 33 24 32 49 11
28 4 47 13 14 21
10 37 27 5 46 51
6 3 34 48 18 40
23 2 45 35 24 41
33 49 39 29 42 9
16 36 44 1 17 38
12 31 25 26 22 7
20 43 30 50 15 8
29 19 23 6 37 28
9 24 18 10 36 21
3 44 31 46 33 41
4 20 48 7 39 32
8 16 13 12 34 26
14 45 38 40 11 50
5 25 42 35 15 17
51 22 2 47 43 49
30 27 26 1 4 6
16 48 12 46 29 24
42 40 32 37 8 36
45 5 22 34 21 20
41 18 49 25 28 38
9 11 23 44 13 43
33 50 10 35 47 1
19 30 15 51 31 7
27 2 14 3 17 39
9 5 40 28 16 32
25 33 22 24 13 37
7 46 35 38 6 21
15 12 36 27 45 19
42 41 48 14 10 30
17 11 47 18 4 8
34 51 29 50 2 44
20 26 1 49 3 23
31 39 10 43 45 16

