7 26 38 17 23 51
19 15 56 16 35 28
8 24 47 61 18 45
34 1 58 3 25 37
21 29 30 62 11 44
22 6 10 41 5 60
32 33 53 20 40 54
63 12 39 27 36 57
49 50 42 46 52 59
55 14 4 2 13 48
9 43 15 37 24 31
25 47 17 28 51 29
33 5 18 12 58 32
62 6 1 8 26 19
27 46 21 53 56 38
45 4 13 59 43 50
10 2 42 57 35 31
22 3 39 40 55 44
49 41 7 30 60 63
14 48 36 16 52 54
23 61 11 20 34 9
33 1 25 50 62 1 2 24
37 1 29 43 18 53 22
1 42 45 63 51 21
60 35 39 13 32 59
46 20 26 36 16 34
56 17 12 30 10 3
5 19 57 7 54 55
44 58 23 14 15 27
41 4 28 61 52 9
40 38 47 6 31 49
48 8 46 11 33 60
35 42 34 19 30 53
12 55 22 50 1 23
37 56 5 44 61 29
24 40 52 63 57 7
59 9 27 6 14 25
3 21 47 15 36 4
51 18 31 11 48 28
39 26 54 10 45 58
32 43 41 2 8 49
17 62 38 20 16 13
60 44 24 53 23 35
36 11 63 22 19 50
4 12 10 40 37 46
39 7 1 47 14 56
52 20 58 21 55 6
3 62 45 48 41 9
38 28 43 5 59 30
16 18 8 27 51 2
54 15 32 13 29 42
33 61 49 57 25 26
34 17 53 31 62 39
43 1 36 58 38 35
56 44 59 52 18 47
14 20 10 29 63 4
55 60 61 12 16 33
6 32 3 24 51 30
23 46 9 2 54 17
57 8 13 28 31 19
50 45 27 7 34 5
26 49 21 48 37 22
11 40 41 42 15 25
29 2 52 1 3 33
31 30 44 20 4 8
53 28 6 45 12 7
26 5 51 9 63 35
38 37 55 18 41 42
57 17 43 50 48 56
24 22 46 47 58 62
13 34 49 36 23 10
39 25 16 21 54 19
59 11 14 61 32 40
60 27 52 29 26 15
22 56 57 8 9 38
33 28 2 44 6 63
35 13 54 7 3 18
36 31 25 45 23 55
32 34 21 41 17 59
42 62 14 43 49 12
5 53 16 4 1 11
30 37 58 47 60 50
48 10 40 19 27 24
15 20 61 51 39 46
35 14 7 21 22 33
18 36 6 17 42 4
58 31 41 29 59 16
23 19 37 32 52 45
2 50 3 26 53 61
51 56 55 62 40 60
27 13 5 47 49 20
30 57 48 1 46 15
54 24 63 34 8 12
25 9 11 10 44 43
28 50 37 38 39 14
31 60 23 5 21 62
40 33 51 13 30 36
46 57 29 35 45 6
25 59 8 15 53 3
4 49 22 56 24 34
12 38 52 39 2 11
54 41 1 43 27 20
19 63 61 18 58 17
55 47 28 26 10 32
9 7 44 42 16 48
37 59 2 24 36 5
23 6 33 43 39 56
54 61 30 52 22 31
51 47 53 14 57 34
58 48 29 42 28 8
4 32 62 25 63 27
46 12 13 41 44 26
60 45 19 3 38 20
50 9 18 1 21 40
15 11 35 49 55 17
62 7 16 10 33 37
