25 24 23 9 30 2
14 19 7 29 28 41
35 10 32 3 17 33
26 36 37 21 6 18
22 27 1 13 31 4
20 34 39 8 38 12
40 15 11 5 42 16
18 37 4 3 25 14
30 27 38 1 32 29
34 8 40 31 36 24
9 35 41 26 2 16
39 11 42 7 23 22
12 13 28 21 10 15
33 20 19 17 6 5
41 32 38 11 37 35
21 14 9 3 39 31
22 40 2 10 19 34
13 5 20 23 29 18
6 16 28 42 24 27
4 26 8 15 17 30
33 7 1 36 12 25
41 3 6 40 13 39
18 15 31 19 11 32
20 14 10 1 9 26
25 17 7 27 34 23
8 24 29 35 21 33
2 28 42 38 4 36
37 30 16 12 5 22
27 25 11 10 39 8
36 33 15 23 41 14
34 22 3 5 26 28
29 4 17 6 12 9
24 16 13 19 38 37
32 40 21 7 20 2
31 1 30 18 42 35
24 12 19 11 3 26
2 14 5 13 7 6
28 9 38 33 18 40
31 21 17 30 41 25
15 35 22 27 36 20
39 1 23 16 32 8
10 4 42 37 29 34
38 31 6 15 7 3
17 39 41 5 1 24
16 33 11 4 34 21
20 23 30 28 37 10
32 22 26 29 40 25
14 18 12 35 2 27
42 8 36 19 9 13

