1 3 31 66 46 24
67 39 6 4 43 30
16 50 59 60 52 33
45 32 36 20 44 48
62 5 37 51 29 56
8 9 40 49 23 19
38 11 34 54 65 42
58 18 57 7 21 22
14 27 12 2 28 63
53 13 47 41 26 17
61 64 10 15 35 55
3 25 5 32 6 8
56 31 38 45 23 21
59 12 44 51 11 46
9 37 58 66 60 13
39 28 47 62 54 35
26 20 63 57 34 52
53 22 43 30 2 55
42 19 61 29 16 4
1 18 15 67 41 50
33 7 40 24 14 25
17 48 49 10 27 65
36 51 66 64 23 11
22 61 5 28 53 44
63 37 21 9 47 35
14 52 46 42 38 39
2 32 65 40 67 26
18 55 16 6 29 48
1 41 58 43 10 33
62 25 50 12 36 49
20 31 60 7 64 4
3 57 24 30 45 54
15 13 8 56 34 27
17 63 19 59 46 6
9 41 22 12 32 38
64 48 14 47 5 11
25 26 54 4 18 62
13 37 16 10 20 28
61 43 66 49 57 59
23 31 58 39 17 52
65 7 3 27 35 67
55 42 51 45 33 19
8 21 2 53 50 36
44 30 56 34 1 40
29 15 43 60 12 24
66 22 67 25 48 63
41 7 55 28 26 37
49 46 16 32 64 53
36 19 10 34 18 61
23 60 62 35 30 1
27 20 29 54 39 59
21 24 9 17 44 42
50 65 47 31 45 5
4 40 14 58 8 51
11 33 15 52 3 6
13 57 56 38 2 53
30 59 64 7 37 42
25 20 46 21 60 27
23 63 41 58 29 65
52 35 10 51 45 22
24 5 38 4 19 34
26 9 36 43 16 3
40 66 17 55 39 12
15 49 44 33 2 13
6 56 50 61 47 54
11 28 8 18 67 31
48 57 32 1 62 14
29 12 30 64 58 26
36 63 15 38 40 37
22 10 4 56 59 3
19 44 2 31 47 25
39 11 60 41 21 61
65 45 67 6 14 53
5 27 57 16 24 52
32 17 20 33 66 23
54 1 7 55 49 8
48 34 28 50 9 51
46 42 18 35 43 13
22 31 16 62 15 40
64 36 24 39 65 56
12 54 66 19 14 21
17 6 60 57 51 28
9 52 25 10 41 30
53 33 29 47 34 7
27 13 62 67 55 23
35 2 46 5 58 48
59 45 61 26 8 1
38 3 49 37 44 18
32 4 50 63 43 11
42 10 12 20 47 67
34 55 9 31 36 14
2 27 64 45 41 6
7 25 17 61 38 15
28 33 35 57 11 29
19 58 53 3 50 20
21 13 30 5 59 32
48 8 39 60 26 44
24 4 23 37 46 22
18 40 65 42 62 66
43 51 1 54 16 63
67 52 49 56 21 17
44 10 32 50 7 29
47 4 41 55 36 57
34 23 59 18 3 2
48 30 38 12 8 33
26 66 45 46 15 5
65 1 19 22 39 13
63 56 42 25 60 28
6 51 35 24 49 20
37 54 14 31 53 52
40 61 27 43 9 64
16 62 45 11 58 7
57 67 60 19 5 18
46 56 12 65 55 33
23 14 26 50 24 10
37 51 34 32 61 25
28 4 58 44 64 1
11 42 20 49 22 2
52 29 36 13 6 31
21 54 3 48 40 41
30 66 47 16 38 27
35 53 39 59 15 9
8 17 43 63 62 64
52 12 65 44 61 4
33 67 54 36 22 60
13 50 11 40 25 57
20 56 18 14 30 9
51 53 26 27 42 31
5 49 7 3 63 39
2 1 45 29 17 37
8 35 34 66 16 41
43 28 23 15 19 48
10 6 62 46 38 21
47 59 55 58 24 32
