51 88 56 69 4 46
93 70 41 14 68 45
11 85 17 62 97 81
82 26 9 8 71 80
38 13 92 55 86 6
72 5 15 67 37 30
64 52 63 29 1 73
61 95 79 19 94 16
84 10 59 58 50 91
32 34 22 83 40 33
3 74 43 44 47 78
2 12 65 18 35 53
36 90 96 76 57 66
31 77 20 87 7 54
28 39 25 21 42 48
24 60 49 75 27 23
19 89 81 88 55 64
45 61 26 15 84 97
33 85 74 41 4 50
70 8 78 11 91 2
14 13 69 95 96 5
83 54 16 80 38 66
7 32 9 10 86 21
90 23 68 34 28 43
76 6 93 71 12 29
49 58 30 57 31 40
53 73 37 46 60 17
82 79 67 51 48 47
63 72 89 59 94 62
56 92 20 44 22 75
3 24 18 1 77 42
65 36 52 25 27 87
13 35 84 39 29 33
16 1 12 31 28 1 32 8
50 1 76 54 14 1 11 49
71 40 45 60 74 64
37 23 4 79 78 80
88 34 75 63 2 67
62 46 3 61 92 48
36 7 68 26 73 47
38 35 42 43 82 41
95 89 56 85 25 86
20 9 5 65 70 19
81 15 39 93 90 58
1 66 44 6 91 72
21 53 77 30 27 55
94 97 69 22 10 57
83 96 17 52 18 51
24 87 79 13 11 59
45 16 7 89 43 46
26 14 23 31 38 63
15 95 88 47 8 76
35 6 68 75 80 61
49 25 91 9 93 4
86 42 34 58 71 97
96 92 21 33 64 65
50 83 94 5 24 82
48 57 1 53 56 70
60 52 30 32 62 66
17 41 55 54 67 44
22 81 72 77 78 36
27 59 12 20 74 37
19 69 2 40 29 28
87 39 10 3 51 73
85 18 47 90 84 71
35 14 4 92 34 94
89 6 21 26 58 52
64 44 61 70 83 13
53 33 25 62 79 15
48 78 16 41 20 88
77 2 46 59 23 5
8 65 49 39 17 22
74 86 18 82 69 73
67 10 80 12 45 36
97 51 76 7 1 60
66 37 95 81 28 24
31 11 55 75 84 96
42 30 29 9 68 56
91 63 32 54 3 85
40 72 90 50 87 38
27 57 19 93 43 92
41 53 83 10 49 26
34 69 78 7 39 6
13 67 74 23 97 89
25 55 82 2 37 1
8 20 51 30 64 24
68 71 11 15 46 32
14 61 88 85 40 65
4 21 54 84 72 57
70 47 42 66 87 12
50 75 62 18 19 36
63 17 35 45 90 86
48 44 38 95 60 33
73 22 96 59 16 93
43 29 81 5 91 31
28 58 27 9 79 3
56 94 77 80 76 52
64 32 84 25 67 14
92 66 40 23 15 10
65 30 71 78 83 89
87 75 53 4 45 8
68 18 20 21 63 95
46 1 85 38 19 12
5 54 22 51 62 86
91 47 94 96 41 39
57 44 26 77 88 28
27 80 50 42 81 13
73 43 76 72 2 58
55 69 70 79 49 35
52 33 93 37 3 97
60 9 31 61 59 34
6 82 90 16 56 11
74 48 29 17 36 24
18 38 28 91 7 15
12 51 40 89 68 77
80 41 87 32 5 57
54 73 45 94 65 13
52 8 44 10 19 35
71 31 2 66 50 79
67 62 39 16 76 27
29 55 60 72 20 14
46 70 25 6 22 74
37 42 75 69 26 85
56 81 3 96 49 34
97 59 90 4 48 83
47 93 1 17 21 61
78 9 84 24 63 92
36 95 43 11 53 64
58 88 7 33 82 23
86 16 50 30 28 14
