35 51 30 61 32 33
9 74 46 2 5 76
36 3 10 52 41 17
40 29 4 8 37 79
72 73 92 31 64 54
7 77 42 49 18 48
68 81 22 70 39 56
69 12 20 78 53 34
87 11 25 13 86 27
19 66 67 21 63 45
75 1 65 90 80 16
14 57 83 89 62 15
60 47 82 88 50 28
6 43 91 38 85 23
59 58 44 24 26 84
31 5 71 8 61 55
37 18 54 17 2 13
51 78 21 74 40 87
90 30 27 68 10 48
32 52 63 16 83 92
11 9 15 42 70 41
7 73 76 20 79 1
22 23 47 25 24 53
43 34 89 39 28 29
58 46 50 36 4 12
33 44 85 69 66 88
3 81 65 60 45 64
55 19 86 62 91 77
38 84 57 56 67 72
75 59 14 35 71 6
37 49 26 80 82 74
23 1 90 52 21 73 1 79
27 53 70 40 63 17
51 31 18 88 83 10
30 2 8 58 11 43
81 1 5 42 33 92
28 84 22 76 91 12
38 50 13 9 3 89
86 78 64 68 26 7
55 65 36 67 14 29
16 60 61 34 6 44
45 56 15 20 59 49
54 69 32 46 80 75
41 71 24 57 19 48
82 77 66 4 25 72
35 87 62 85 47 39
9 88 43 92 3 74
14 17 38 28 8 1
29 16 70 2 7 91
76 13 56 44 51 65
10 45 37 86 36 73
27 34 67 75 42 31
19 90 32 84 82 5
85 30 59 12 80 52
20 26 57 6 25 39
18 81 89 78 66 46
55 79 48 83 87 53
15 72 21 22 50 35
77 40 47 60 58 69
11 71 4 68 63 33
41 61 64 49 23 62
19 24 27 54 76 52
3 37 85 30 28 57
82 34 38 10 65 2
53 36 51 66 80 6
43 78 90 50 59 56
17 31 26 77 22 45
83 75 9 33 73 91
67 48 70 58 5 35
12 68 40 1 61 89
63 72 20 18 13 41
24 29 62 71 69 92
7 8 84 47 74 81
79 39 11 55 64 88
14 32 87 4 44 23
21 49 42 25 60 54
46 16 28 86 31 15
73 53 68 50 85 19
65 52 22 20 43 66
62 9 71 27 12 37
58 8 80 63 78 10
70 55 18 24 6 3
39 7 69 84 14 61
11 59 23 17 67 60
51 38 4 16 57 5
88 49 72 83 46 1
74 54 86 79 41 35
92 77 30 56 89 75
64 76 47 15 82 32
34 48 33 26 21 13
44 91 25 81 40 36
29 42 2 87 90 45
65 16 19 18 69 9
52 7 37 53 58 55
4 83 27 80 84 3
92 86 10 50 20 67
66 62 28 59 5 79
34 41 73 47 14 30
82 89 21 61 85 81
56 2 1 23 71 36
25 75 63 43 64 51
45 35 46 13 68 8
87 88 26 54 70 12
49 57 90 11 22 44
29 15 6 17 74 33
39 48 60 78 72 76
40 32 24 31 38 77
42 79 3 91 82 14
28 2 20 51 81 55
53 10 80 64 89 5
62 70 50 45 34 18
21 92 43 44 27 7
73 13 58 66 15 71
49 61 63 47 36 75
41 83 68 29 76 59
57 65 91 32 17 88
48 1 69 86 4 22
26 42 85 72 19 40
74 39 16 12 23 77
6 31 84 30 11 54
67 33 25 46 37 90
60 87 8 56 24 9
52 35 29 78 38 49
79 17 51 92 68 34
2 44 53 15 75 3
91 45 61 72 27 58
39 86 59 32 21 18
31 43 80 70 47 57
69 23 28 10 13 42
16 76 11 81 50 14
87 33 64 36 22 19
90 4 55 26 9 41
71 54 67 85 77 78
5 56 88 52 73 25
48 20 84 46 62 40
83 12 7 82 6 8
89 35 24 63 37 65
74 66 60 1 30 38
3 47 72 33 16 59
18 15 80 61 68 87
77 10 29 57 21 9
79 49 81 43 67 32
13 39 31 91 53 4
22 88 6 42 62 58
23 92 78 37 19 11
84 12 2 73 60 63
54 36 38 71 20 90
76 25 17 89 55 69
28 74 45 48 52 44
5 30 50 65 7 24
34 35 40 64 56 83
70 85 66 75 8 86
41 46 82 1 27 51
26 60 53 14 18 43
80 88 13 19 29 81
62 67 78 2 4 73
91 63 31 69 90 74
23 33 58 65 54 68
64 21 20 24 17 16
15 79 34 25 84 85
12 55 66 57 27 35
50 1 87 6 52 77
37 41 75 45 38 39
76 44 83 71 42 30
59 92 46 22 70 82
61 56 47 10 11 26
72 9 36 32 28 7
3 86 14 5 40 49
8 89 23 48 51 73
