10 37 77 49 85 60
66 46 32 91 4 47
25 22 82 14 43 81
58 83 28 61 8 69
59 41 48 15 38 80
50 86 9 42 63 27
5 79 88 35 30 36
71 51 16 31 6 89
11 21 90 67 68 75
39 45 17 55 62 70
20 87 40 93 29 56
78 33 73 54 3 2
64 26 65 44 92 53
34 12 74 76 19 13
72 24 23 18 7 1
57 61 52 84 36 49
30 67 58 46 25 6
66 90 71 70 82 35
91 38 81 69 85 86
60 42 29 4 31 83
92 48 21 27 62 37
12 43 68 32 50 79
55 40 41 72 11 44
59 9 5 10 26 33
23 53 87 39 63 89
88 52 1 54 13 51
77 19 64 45 2 16
28 17 14 34 56 18
22 93 57 78 8 74
7 3 15 47 65 20
75 84 76 80 24 73
48 1 29 85 43 1 33 55
91 53 1 37 72 61 71
87 35 49 9 58 41
81 89 1 90 92 83
12 54 39 40 36 21
27 19 32 44 67 22
8 26 47 68 62 25
86 84 66 14 93 5
52 46 76 69 42 10
45 82 24 56 3 88
63 70 38 79 64 34
78 13 65 17 80 60
74 15 31 18 77 75
57 30 51 73 50 59
7 11 2 28 6 4
23 61 20 16 32 33
62 53 19 1 41 36
8 85 88 46 90 84
22 91 34 9 68 24
71 93 67 65 42 48
43 44 78 37 35 86
39 5 18 81 47 76
49 51 4 80 27 45
2 30 38 21 72 82
83 64 11 17 74 59
70 69 14 73 89 7
77 12 6 29 66 26
56 25 55 92 60 23
50 58 10 20 31 54
63 28 13 15 40 57
87 79 3 16 52 75
65 37 67 1 45 5
11 84 82 51 48 19
44 59 68 81 88 4
89 77 34 86 41 8
18 60 93 62 90 12
76 54 9 29 32 72
56 22 35 61 15 10
47 2 79 85 57 17
3 31 21 53 28 46
23 80 91 83 30 14
74 58 16 42 66 73
75 71 69 40 49 43
6 50 52 64 55 78
70 36 92 24 87 33
25 7 27 38 13 39
26 63 72 20 17 51
48 10 12 88 86 47
4 23 19 79 21 93
85 14 44 42 15 45
40 5 80 22 77 58
49 73 90 28 91 64
68 83 55 54 71 84
35 24 62 67 16 13
53 20 70 52 74 81
59 37 63 32 18 25
31 56 66 41 78 7
2 27 65 89 76 43
60 34 61 82 87 26
6 69 3 92 57 9
36 38 46 50 75 29
33 39 8 11 1 30
4 73 85 71 22 62
5 32 28 24 48 52
84 7 47 58 44 63
16 72 70 88 83 65
53 55 27 77 59 79
67 66 15 2 34 92
51 78 76 25 91 40
37 54 56 64 75 30
46 81 45 41 23 12
26 86 49 13 11 3
29 14 39 61 74 68
90 80 87 10 43 6
57 18 42 38 19 89
21 1 35 69 20 60
36 82 8 9 17 31
33 53 50 93 76 15
48 75 22 64 72 66
5 44 2 49 70 23
29 28 92 47 78 59
86 55 61 7 46 67
32 81 42 62 51 3
60 45 40 84 6 38
43 73 9 1 56 77
25 69 31 87 12 11
36 16 20 34 80 85
13 79 18 82 33 83
27 10 93 30 68 17
74 88 50 89 21 91
65 4 8 35 63 54
52 71 58 19 39 26
90 14 41 24 57 37
15 60 64 51 5 46
66 38 62 43 23 28
13 20 22 55 2 42
68 47 69 56 16 53
80 9 25 93 61 44
83 76 63 48 77 36
33 35 7 45 52 91
41 10 74 79 65 84
21 8 87 14 59 71
82 89 67 85 12 78
30 92 86 31 40 32
6 49 24 19 81 54
73 88 11 37 18 29
3 34 72 90 39 50
75 1 57 26 27 70
17 4 43 58 48 53
