73 37 43 22 45 26
61 36 3 31 60 42
34 65 48 9 57 49
72 16 53 7 23 58
51 69 33 67 66 1
17 76 54 68 13 20
6 38 28 4 44 29
70 12 21 30 46 39
10 55 25 2 74 59
63 75 47 35 27 52
18 15 56 50 5 24
14 41 62 64 32 8
19 11 69 40 71 49
16 22 29 48 46 4
57 23 74 66 54 38
65 20 12 44 47 1
60 70 5 76 2 63
9 17 73 55 6 14
45 71 42 21 59 41
19 68 8 15 43 72
53 64 27 50 61 67
36 35 56 39 37 11
58 31 28 40 30 75
62 25 7 13 52 24
26 34 32 3 51 18
15 10 54 33 45 14
1 76 50 1 49 1 74 72
6 1 27 29 69 21 22 1
23 65 38 5 68 40
66 64 30 71 47 2
53 12 25 60 8 57
46 13 28 36 59 73
7 44 34 63 37 67
3 20 62 19 18 75
35 70 61 16 48 17
43 9 31 10 56 32
51 55 42 58 39 24
33 11 4 41 26 52
1 73 30 5 38 7
3 67 64 65 74 45
29 71 14 70 34 20
75 22 59 76 12 23
60 9 37 42 27 18
19 61 13 28 66 35
48 40 39 32 33 25
51 16 15 47 11 49
69 26 10 36 62 53
2 50 43 41 4 63
31 52 55 21 68 57
24 46 17 54 72 44
8 56 65 61 6 58
28 48 60 11 23 64
75 32 49 10 73 70
47 7 13 42 33 40
16 37 21 14 68 50
17 18 41 25 29 76
12 63 24 26 1 9
6 52 71 38 53 3
27 20 66 59 8 43
44 39 55 62 31 19
35 2 45 72 34 51
57 15 36 58 4 67
54 22 74 56 69 30
46 41 6 5 47 48
12 75 71 43 16 33
13 23 39 18 8 10
44 76 40 21 35 53
50 29 36 65 19 51
49 66 4 24 31 37
22 3 1 2 57 17
32 14 74 27 5 28
68 25 73 63 34 61
67 7 54 55 11 60
59 38 70 9 58 56
64 72 26 20 69 42
52 62 46 45 30 15
39 21 5 49 43 3
28 25 65 53 51 22
23 31 71 73 67 27
34 8 36 1 55 16
14 26 58 6 60 35
44 19 57 41 7 30
33 2 46 20 9 74
48 59 69 24 75 68
32 63 13 11 29 12
37 10 76 15 61 52
18 72 40 4 56 64
54 42 50 70 62 66
47 45 60 38 17 19
57 53 5 35 24 59
22 63 6 74 39 51
37 41 75 65 13 55
73 58 32 69 2 44
30 3 48 76 14 8
49 33 21 36 18 38
31 50 15 17 26 71
62 4 61 23 9 47
68 29 7 56 66 45
10 40 34 27 54 12
52 42 67 16 28 20
64 43 1 25 46 70
11 6 32 72 57 59
63 58 33 49 17 62
8 4 51 7 21 75
22 44 68 71 36 10
13 15 27 48 38 2
67 56 26 14 19 46
52 76 39 73 64 65
20 35 31 25 50 9
74 24 66 60 40 16
41 55 3 69 70 23
30 53 11 43 42 34
28 61 18 12 1 45
47 54 37 29 5 72
57 51 76 56 71 33
46 21 65 66 63 10
40 59 7 50 3 26
75 60 17 34 39 41
45 49 20 55 32 53
9 16 64 54 73 19
38 24 14 61 22 11
42 35 23 29 1 15
62 67 2 6 12 68
52 44 18 74 43 48
70 47 8 37 28 69
72 36 4 27 30 25
58 64 5 31 13 22
38 20 41 7 10 35
26 49 2 61 54 29
33 24 34 23 19 6
76 45 9 39 69 50
71 48 72 55 28 63
56 1 21 32 62 60
74 53 73 4 15 70
11 58 27 46 3 68
75 25 66 5 67 44
17 40 12 37 36 52
30 18 31 59 65 16
13 57 43 51 14 47
8 50 6 42 49 22
