42 49 24 10 41 32
48 39 15 29 23 50
43 18 9 27 19 28
14 46 2 3 17 25
37 1 16 7 51 30
12 45 8 47 5 40
26 33 34 11 22 35
6 38 4 20 44 31
52 36 23 13 21 16
28 24 46 37 8 2
50 3 47 26 18 51
19 20 14 30 12 42
7 43 11 36 17 13
35 15 21 4 45 22
9 10 1 48 32 5
27 31 39 49 52 33
34 25 40 41 6 44
28 11 29 38 16 22
21 1 4 8 9 1 48 14
42 1 39 3 7 35 37 1
24 43 52 44 12 51
30 2 45 31 13 50
25 23 49 47 17 1
10 36 33 41 19 38
40 29 6 32 26 46
15 34 5 18 27 20
42 52 45 48 11 3
8 30 9 23 22 44
17 35 10 31 12 29
32 51 25 28 39 36
13 41 37 18 14 15
50 40 16 4 49 34
5 7 27 38 26 24
2 47 21 43 33 6
20 1 13 19 46 39
16 30 48 17 32 18
51 8 14 34 31 38
6 47 36 24 9 35
12 20 26 21 45 49
11 37 19 23 4 5
33 41 7 46 50 52
1 27 44 42 29 2
3 28 43 15 40 10
22 37 24 25 48 20
51 6 17 45 19 33
1 46 31 36 34 9
18 2 38 40 42 23
29 27 41 3 21 30
49 5 13 44 35 28
22 26 50 16 14 43
47 25 4 10 52 7
39 32 12 11 8 15
40 3 19 21 24 31
20 43 35 23 1 41
14 28 34 52 47 29
22 48 27 6 13 12
44 38 32 37 50 17
33 15 42 8 16 25
36 5 26 39 4 30
46 18 11 49 10 51
45 7 20 2 9 32
25 42 37 29 34 43
35 36 19 8 40 52
38 30 46 15 24 47
12 33 4 9 13 3
21 11 6 1 50 18
5 51 22 2 49 41
31 23 48 26 7 28
14 44 10 27 16 45
17 21 42 39 9 37

