7 33 37 26 23 25
6 16 11 20 3 15
28 17 32 14 30 29
24 38 1 35 2 8
5 21 10 12 9 36
13 18 22 27 34 4
31 32 6 19 1 33
16 8 38 26 21 17
34 20 14 37 12 5
31 36 23 25 13 35
9 2 3 18 28 7
10 24 27 11 29 19
30 17 15 5 4 22
8 1 37 28 38 25 1 6
7 35 23 12 11 18
2 20 4 32 10 19
33 27 30 3 21 34
29 36 26 22 31 15
1 16 9 14 24 13
6 4 35 21 7 27
31 5 11 32 38 18
3 12 24 25 22 2
17 37 20 33 13 9
30 23 1 10 36 16
15 19 34 28 26 14
29 13 2 8 6 5
27 12 31 16 37 30
19 3 36 23 38 34
10 18 14 21 33 24
9 8 25 11 15 32
22 7 20 35 29 28
1 26 3 4 17 12
2 11 21 34 31 13
24 32 37 36 15 7
17 25 5 35 19 16
26 30 18 20 1 6
28 33 10 27 8 22
29 4 38 9 14 23
7 34 32 17 16 24
22 28 19 21 1 37
5 35 26 8 10 3
23 20 27 2 14 31
15 25 12 13 30 38
36 6 33 4 9 11
37 22 29 18 2 16
8 19 13 30 3 7
34 5 9 25 27 1
6 15 21 23 10 17
24 11 28 4 26 31
38 35 12 32 29 33
36 14 25 20 18 8
