15 1 12 2 22 29
25 31 19 6 26 4
5 18 32 28 10 20
34 30 27 14 23 16
7 11 9 24 21 17
3 1 8 5 13 33
4 24 22 20 14 34
21 23 18 29 13 10
27 12 28 19 32 7
25 15 6 33 3 16
31 17 9 8 2 30
34 11 32 26 13 15
28 1 5 14 9 8 1 24
22 1 26 10 23 1 33 29
11 18 31 12 16 21
30 17 20 19 2 1
7 27 6 25 4 3
2 32 12 1 29 34
28 6 13 22 9 16
20 25 24 8 18 19
21 30 15 5 4 27
26 3 7 14 10 31
17 23 28 6 11 33
22 5 19 7 21 14
33 24 31 20 32 15
30 16 1 12 18 4
17 27 8 23 34 26
13 2 3 25 9 10
29 16 4 11 24 28
6 21 20 14 27 13
23 2 5 3 12 11
10 33 18 34 7 15
29 32 25 9 19 30
22 17 1 26 8 31
13 25 18 11 20 23
16 19 24 15 8 5
1 26 14 3 28 21
10 4 32 6 17 2
27 9 33 12 31 30
7 29 24 34 22 25
12 20 8 10 3 17
14 15 29 32 31 16
9 6 23 4 1 7
33 30 22 19 13 11
18 34 2 5 21 26
28 15 9 27 25 1
32 14 3 21 4 33
8 22 11 27 19 10
17 12 5 18 29 6
24 34 13 31 28 2
16 20 26 23 30 7
31 1 21 17 11 25
30 29 28 22 3 20
10 23 12 24 14 6
2 15 27 13 7 8
19 34 4 18 9 26
16 5 11 32 33 17
29 19 21 15 31 23
33 14 2 18 22 27
13 20 9 26 24 12
3 6 30 8 28 34
16 7 25 1 10 5
4 8 23 32 28 22
