32 2 27 12 34 21
3 20 29 15 8 13
24 26 6 19 1 18
23 10 14 25 22 16
30 31 9 5 4 17
11 28 7 35 36 33
16 21 24 20 12 25
22 32 10 3 8 26
5 13 9 7 2 6
4 11 18 33 23 30
34 14 35 15 31 1
17 19 29 28 27 36
8 33 5 13 20 24
12 23 15 10 18 26
1 28 34 11 3 25
31 22 35 9 27 19
36 2 17 14 4 21
6 30 32 7 29 16
20 34 15 28 9 23
5 35 25 26 17 22
7 10 19 11 13 21
6 1 33 2 29 12
14 24 8 4 27 30
18 36 31 16 3 32
15 19 33 22 6 34
20 7 4 10 29 1
2 16 30 35 26 28
3 5 24 17 11 32
8 9 12 14 25 36
27 21 31 23 13 18
26 34 2 24 10 35
22 12 3 29 30 28
25 18 32 13 19 4
21 33 9 1 16 5
27 20 14 31 6 11
8 17 23 15 7 36
9 24 4 21 28 3
1 25 2 31 32 19
35 23 29 18 5 14
13 30 22 36 6 20
26 11 12 34 7 8
17 15 27 33 16 10
3 35 6 21 5 23
19 8 28 24 12 31
16 15 11 4 22 2
30 36 1 27 25 10
29 13 26 34 9 17
33 18 20 32 14 7
10 4 28 6 5 27
36 21 22 30 24 34
18 17 16 8 1 20
25 26 31 29 33 11
23 3 7 19 14 2
12 32 13 9 35 15
