14 56 17 21 28 47
54 39 27 18 59 49
40 7 25 24 12 64
55 50 71 15 66 26
65 19 42 69 35 58
31 6 48 34 2 37
36 53 61 67 43 32
22 62 68 46 11 44
57 16 33 3 52 9
5 13 38 30 4 60
72 41 63 29 20 51
1 8 10 70 45 23
6 54 58 50 17 43
40 49 71 34 14 11
44 7 47 36 9 48
42 33 61 37 68 24
39 46 3 19 21 69
31 72 12 60 26 10
65 23 20 16 25 53
4 1 57 29 18 15
13 62 30 51 8 28
22 35 38 63 27 66
41 52 70 64 55 67
2 32 56 5 59 45
53 3 60 11 54 24
34 29 43 12 9 19
26 62 20 1 48 39
46 10 63 37 71 14
17 42 4 52 7 66
45 18 35 47 16 61
70 67 40 30 56 50
28 5 27 68 72 65
64 51 32 38 58 2
15 6 41 23 21 22
36 31 13 49 57 25
8 55 59 69 33 44
56 71 29 48 18 60
4 65 12 54 47 67
50 52 24 62 2 35
30 17 39 72 34 32
63 68 26 45 3 25
59 53 37 7 41 57
69 15 14 51 61 27
8 11 16 19 36 6
70 38 9 31 46 20
43 21 64 33 23 13
66 1 49 44 10 5
58 28 42 22 40 55
67 34 62 3 15 7
63 19 50 60 61 57
29 24 46 65 45 36
38 47 71 41 39 33
14 54 48 68 16 70
35 20 59 6 13 4
11 64 72 56 42 44
52 5 1 40 43 51
26 37 8 27 9 17
12 32 23 28 49 55
21 58 18 66 31 53
25 69 2 10 22 30
45 41 50 42 36 34
59 24 15 19 48 38
61 29 8 5 64 54
32 60 35 33 14 1
66 57 40 68 39 6
21 51 16 27 67 10
28 43 2 18 46 26
49 56 37 3 20 22
55 65 11 7 30 63
17 44 13 53 70 12
47 31 23 62 52 69
9 25 4 71 58 72
46 60 42 59 6 51
20 34 28 64 66 33
7 10 68 38 50 29
61 13 65 41 26 40
43 22 49 24 47 8
25 48 15 32 54 52
11 12 21 35 37 5
67 44 19 71 17 31
16 4 14 2 55 39
18 3 36 23 30 72
57 27 45 62 70 58
56 63 53 9 69 1
51 66 11 25 59 47
52 60 21 20 8 68
39 44 43 35 28 41
10 33 18 17 19 40
48 57 30 61 12 46
9 63 5 42 15 70
54 37 55 62 1 36
53 69 45 72 38 6
32 22 13 71 16 7
58 29 67 2 26 49
27 24 34 23 4 56
14 64 3 50 65 31
9 61 28 10 11 59
37 70 69 43 25 60
6 40 18 63 32 62
20 2 45 44 71 54
39 36 52 58 12 56
1 30 41 16 24 31
7 5 19 26 14 23
49 68 64 15 35 17
33 51 50 4 53 22
8 72 66 48 67 46
47 27 3 13 42 29
55 38 21 57 65 34
