33 85 35 76 80 69
23 71 18 43 83 2
37 31 79 81 15 84
48 16 3 1 32 65
25 21 61 74 36 87
64 19 52 55 11 8
77 75 78 24 7 22
17 91 46 63 29 59
88 53 54 58 42 39
6 90 34 86 62 28
14 49 44 20 73 4
70 68 40 30 56 57
13 51 45 9 67 72
5 41 12 38 89 66
47 82 50 10 27 26
59 32 60 75 37 21
8 2 42 48 35 91
87 76 6 52 78 79
33 19 71 36 34 14
43 90 77 73 58 29
18 55 72 62 30 31
57 45 16 38 46 20
88 74 27 68 84 67
54 22 66 49 70 50
61 5 3 15 13 10
80 63 60 12 26 51
7 11 4 40 82 83
28 23 9 53 65 64
85 47 24 25 44 17
39 1 81 69 86 89
41 27 33 78 56 37
46 34 73 1 50 1 18 42
79 45 1 5 19 49 75 1
22 62 29 12 10 74
38 21 55 90 4 2
82 60 84 52 13 71
68 76 15 8 53 14
28 20 48 58 47 87
59 80 89 31 54 11
67 30 86 7 16 36
85 77 26 32 57 41
3 69 40 23 17 51
1 66 64 61 63 44
70 72 81 6 83 35
65 25 88 43 91 56
39 60 34 9 24 8
75 2 73 53 33 82
89 67 49 76 58 71
32 52 12 54 86 14
62 47 51 41 68 46
23 4 10 30 80 1
84 18 40 45 21 22
17 35 87 7 65 37
29 55 57 66 39 15
16 69 63 78 25 90
77 9 74 91 5 70
20 72 24 11 42 61
50 59 36 83 64 85
31 6 43 27 48 19
26 81 13 28 88 38
44 79 58 56 3 7
22 71 68 55 35 1
8 73 80 66 40 25
45 37 91 90 23 76
2 74 60 57 69 47
65 75 15 72 89 63
36 43 20 5 62 39
52 48 21 67 53 81
10 9 41 44 16 31
12 28 83 27 77 49
70 33 11 18 17 32
42 6 30 50 38 3
46 14 85 87 88 82
4 54 56 51 29 19
26 84 78 34 61 59
86 13 24 64 79 2
1 31 7 21 5 47
60 41 58 91 55 22
15 9 17 80 83 20
72 50 48 40 74 33
10 67 25 77 37 6
36 27 32 29 8 89
19 82 70 76 42 59
11 12 39 44 87 45
62 38 56 73 52 23
13 66 65 78 85 30
51 14 61 75 81 16
3 86 53 63 84 43
35 57 64 49 88 34
71 24 90 46 54 26
79 4 18 68 28 69
67 44 29 5 2 50
82 36 55 9 12 6
15 78 38 60 11 1
81 30 32 74 20 76
3 39 27 80 52 75
51 89 73 84 70 85
26 87 19 66 72 91
42 22 43 16 64 17
54 45 7 48 34 68
53 56 10 90 59 18
79 14 77 47 40 65
63 57 28 24 33 21
35 46 25 31 58 23
4 61 86 41 71 88
37 49 69 13 8 62
83 26 75 55 44 74
73 76 72 27 22 5
91 64 54 82 15 30
11 66 68 81 36 90
47 38 80 32 43 67
20 63 23 34 50 77
56 39 84 35 28 16
45 8 58 6 85 4
61 65 31 2 70 52
37 24 88 18 3 12
40 29 13 87 1 41
17 78 49 21 10 86
83 51 33 25 79 42
57 59 9 14 48 62
89 7 53 60 19 46
69 50 75 71 73 45
