23 27 22 33 21 19
14 39 3 25 16 32
8 9 38 4 34 10
24 18 37 35 31 15
2 26 30 28 5 29
6 7 36 13 12 17
34 11 20 10 1 9
18 35 32 39 38 15
3 16 12 33 23 7
30 36 4 17 37 22
27 24 26 6 11 25
31 21 13 2 20 28
1 14 5 8 29 19
15 23 25 34 17 35
38 21 11 32 37 9
18 30 39 8 24 36
16 1 29 22 13 6
27 5 19 3 10 20
7 12 31 14 26 4
33 2 17 28 34 16
15 13 19 32 27 39
14 10 6 25 18 22
26 5 31 1 11 33
21 29 30 35 3 8
28 23 36 38 4 24
9 12 20 37 2 7
10 35 13 14 32 31
18 21 16 4 33 5
39 24 34 7 17 29
9 3 6 15 28 26
23 1 2 38 30 37
20 22 8 25 12 27
28 19 14 36 5 11
2 24 21 26 38 23
16 39 35 27 31 9
29 22 12 10 19 36
32 33 13 34 8 30
1 20 25 17 18 4
11 7 3 37 15 6
9 26 34 5 22 39
31 28 17 12 38 32
37 25 14 23 8 21
36 2 35 3 19 1
24 29 33 11 18 15
6 16 4 20 13 27
7 25 8 10 30 28
34 33 22 12 35 21
39 11 17 4 2 3
5 37 10 24 13 16
30 15 27 7 38 14
31 1 18 19 9 23
20 36 32 29 6 26
4 28 25 15 34 5
16 19 38 30 9 24
37 8 13 22 3 26
29 23 18 11 27 2
6 35 20 21 17 14
12 10 33 39 36 1
32 7 15 31 22 2
13 9 28 19 25 35
23 10 39 30 6 5
17 20 38 36 14 33
26 37 12 27 34 18
29 4 11 31 16 8
21 32 3 24 7 1
17 6 27 5 9 18
26 8 10 16 15 2
19 4 7 35 14 23
11 32 24 1 30 12
3 36 31 21 25 34
33 28 37 20 39 29
22 38 35 13 26 11
2 6 34 19 31 24
37 4 23 17 32 10
22 14 9 12 39 28
8 15 1 36 27 16
13 3 30 18 20 33
5 7 21 25 29 38
