30 6 68 69 87 21
11 17 88 81 43 61
26 82 18 28 53 19
33 20 84 58 15 55
60 7 80 41 65 4
54 14 79 9 57 51
22 8 83 75 59 50
38 49 12 74 2 63
31 71 13 62 10 23
40 42 89 34 32 72
86 48 16 73 67 3
39 5 29 36 78 47
56 37 64 25 76 1
70 66 24 44 77 45
46 83 35 52 85 27
81 55 28 14 4 63
41 19 13 68 49 33
10 22 40 65 16 84
67 69 54 8 43 26
37 73 60 50 58 57
45 5 23 30 3 42
62 61 53 27 89 66
77 75 76 18 46 2
80 47 31 72 56 24
71 64 21 20 52 82
9 44 48 87 78 35
7 36 74 85 59 17
11 39 25 79 38 34
51 29 1 88 6 70
15 32 53 86 12 75
83 1 84 5 49 81 67
54 76 61 31 73 42
78 13 58 45 46 82
28 66 30 56 17 41
27 60 3 68 72 63
36 44 20 6 89 14
59 15 88 87 16 39
47 1 4 10 8 11
18 70 21 35 37 65
51 25 52 55 74 69
77 71 57 43 40 38
24 34 29 12 9 26
64 85 50 19 62 32
2 33 7 79 22 86
23 80 49 48 82 8
45 81 56 73 10 35
65 52 44 76 11 67
40 36 70 53 83 31
75 55 71 78 54 37
24 43 68 74 28 1
9 4 66 13 2 15
69 48 77 5 79 20
17 34 14 50 84 3
29 30 59 25 63 19
57 21 27 7 88 32
38 58 87 26 80 85
39 23 22 89 18 41
16 33 12 64 72 61
46 86 62 47 51 42
6 28 78 60 11 31
4 35 49 50 30 76
63 40 8 20 7 73
69 88 37 10 24 38
83 26 79 23 68 44
81 18 52 3 12 58
43 53 55 21 45 34
66 47 85 71 25 6
72 1 5 59 41 54
16 57 56 19 46 36
82 42 75 70 27 9
32 51 2 61 65 48
14 67 15 22 60 74
84 87 89 29 64 86
33 77 80 17 62 39
44 13 73 34 69 28
78 3 43 66 59 49
85 72 30 82 57 11
27 18 25 54 24 36
47 45 19 61 75 14
42 52 56 4 48 22
58 86 68 88 35 77
37 17 87 83 20 51
2 23 16 1 21 81
65 63 64 15 31 5
70 74 32 80 79 13
38 41 8 84 9 62
67 50 10 53 29 7
76 12 39 55 40 6
26 89 46 60 71 33
42 85 88 49 44 18
35 19 69 1 31 22
3 20 65 57 28 47
63 83 86 21 80 66
15 79 62 29 37 45
34 27 6 8 56 58
74 54 64 4 53 77
73 84 11 2 70 59
5 24 60 52 75 40
32 41 81 87 36 71
12 82 10 89 68 17
55 61 46 30 38 67
23 50 9 25 33 43
76 26 7 16 51 78
13 14 72 48 39 83
