13 17 76 45 78 72
69 25 36 41 55 16
59 12 5 51 50 34
64 91 86 88 40 96
20 73 14 49 89 37
33 85 93 77 60 39
8 47 24 42 79 67
52 74 97 68 7 29
65 22 2 19 81 61
28 71 9 3 90 70
95 57 98 84 82 18
94 26 43 66 10 54
6 62 92 46 27 99
31 30 44 53 80 83
23 4 38 87 32 56
35 63 58 48 1 21
72 11 49 15 75 74
19 14 88 50 71 47
57 40 79 59 25 77
37 41 60 67 9 82
29 64 12 89 42 69
95 16 99 2 39 24
81 6 83 45 8 3
97 53 70 84 63 54
58 11 94 30 92 7
15 91 51 44 93 4
66 56 48 85 80 68
43 86 46 1 33 76
5 27 96 36 35 28
17 34 73 31 87 26
21 10 62 61 78 38
75 23 13 55 98 65
32 20 52 90 22 18
95 72 6 1 79 1 88 58
51 77 30 45 74 1 19
29 3 48 16 4 46
83 57 47 27 85 41
34 68 92 40 84 60
94 59 28 91 31 37
35 39 9 53 38 64
70 8 18 44 7 36
24 76 20 62 12 11
1 98 32 17 49 42
96 75 97 99 43 25
65 33 54 80 21 71
15 56 14 22 55 10
5 78 67 26 69 81
73 52 63 23 82 86
66 50 89 61 13 93
87 74 90 2 58 27
41 38 1 91 68 20
85 70 79 19 29 49
36 32 40 54 99 12
34 45 28 21 44 75
43 35 60 57 65 31
62 88 55 48 94 17
10 4 50 11 81 52
6 15 66 63 24 25
76 90 95 14 23 8
82 5 16 33 53 22
37 42 26 18 61 56
46 83 9 7 93 73
3 80 2 72 69 92
86 59 39 13 67 30
96 84 51 78 89 71
98 97 87 47 64 77
99 28 23 11 17 68
16 1 66 31 14 52
42 27 43 50 20 70
26 82 93 65 90 40
37 29 92 25 45 95
56 2 21 9 5 57
8 62 32 34 72 39
6 47 44 48 59 73
78 18 49 86 77 55
41 87 12 96 79 53
7 3 64 51 10 67
13 81 46 58 97 15
69 91 33 83 84 35
36 74 4 88 85 98
75 63 19 38 94 80
89 54 22 24 60 30
71 31 82 76 61 29
56 79 90 11 43 45
77 44 1 26 2 50
12 65 48 28 95 10
27 15 33 8 37 78
93 17 57 92 64 36
53 3 66 73 98 91
49 67 25 83 38 88
74 70 32 60 76 94
9 96 61 47 16 63
30 23 85 5 18 71
46 54 59 14 42 68
84 7 80 20 99 13
24 19 55 52 58 34
81 75 40 62 89 41
87 51 35 22 72 86
4 69 6 39 21 97
25 60 56 78 28 50
18 92 65 74 73 1
70 83 11 98 16 59
67 20 2 29 93 53
80 26 91 23 9 24
49 41 5 44 46 84
55 37 63 32 51 43
42 22 7 85 40 21
64 99 76 81 66 30
33 19 31 10 36 6
54 34 61 90 57 15
27 14 38 12 97 72
39 45 87 52 88 89
17 58 3 82 75 47
71 13 62 35 95 4
77 94 96 68 8 69
86 48 26 79 83 20
10 73 84 16 32 85
91 30 34 25 2 42
40 61 11 97 55 33
72 46 23 60 66 19
64 70 78 22 6 41
67 18 80 4 76 58
50 39 98 54 96 7
99 29 8 63 87 57
88 82 77 43 28 15
93 24 45 14 35 94
68 21 89 36 95 3
59 27 75 9 1 69
90 31 51 92 48 13
47 52 53 56 49 62
79 37 17 38 5 65
74 86 44 12 71 81
76 34 10 63 77 83
57 67 72 70 96 73
80 36 78 39 43 29
40 9 95 20 66 87
98 30 14 28 26 6
99 41 42 58 51 33
18 68 62 79 15 31
38 50 22 69 46 74
94 65 44 16 56 27
7 47 55 4 12 90
60 61 8 75 52 5
25 19 84 21 86 17
92 53 81 32 24 59
93 37 88 3 54 1
2 13 85 82 11 64
71 49 45 97 48 91
89 23 79 35 6 74
