17 29 37 8 16 38
24 18 35 5 20 34
39 4 25 11 27 32
13 2 10 36 7 1
12 28 19 6 14 9
40 30 33 23 15 3
21 31 39 25 22 26
14 37 38 27 7 24
30 23 2 19 29 18
4 6 17 26 20 33
35 16 34 31 9 3
22 13 5 12 32 40
10 1 11 28 21 8
15 26 19 36 24 16
29 6 5 1 37 13 1 39
30 25 27 35 28 10
7 38 18 4 40 31
22 11 20 14 3 1
23 32 36 34 21 17
9 8 12 33 15 2
3 10 22 38 5 19
7 13 6 16 11 30
2 18 20 28 32 37
1 17 40 24 9 25
23 35 8 26 4 14
29 27 21 15 31 12
33 39 28 34 36 13
10 24 26 18 9 22
27 38 15 32 1 6
3 34 7 25 12 29
19 33 23 35 37 11
16 21 4 2 5 14
40 39 36 20 8 30
31 22 6 17 10 23
14 33 16 18 25 32
21 5 9 38 30 29
2 34 11 27 26 40
8 7 15 20 35 13
3 24 4 28 36 31
1 19 37 39 17 12
32 14 35 29 40 10
6 3 25 8 2 24
9 23 28 5 39 7
13 18 21 17 19 27
37 30 15 22 34 4
16 12 20 11 38 36
26 31 5 33 1 13

