8 71 83 15 20 70
62 37 42 22 9 12
79 77 68 52 84 5
27 59 13 10 30 74
76 21 49 78 46 67
1 54 24 53 34 72
35 18 81 63 47 7
48 23 31 45 38 61
11 50 40 65 33 16
75 56 14 3 57 64
43 19 58 41 66 51
73 36 80 69 28 26
44 60 25 6 32 17
29 82 2 85 39 55
84 34 81 4 83 48
47 74 27 31 62 54
76 18 52 1 14 61
7 75 72 50 38 15
41 49 70 42 64 36
68 69 6 40 43 53
30 78 65 10 29 44
19 57 37 82 32 60
51 67 9 2 5 46
22 77 16 63 73 20
3 4 12 17 66 85
21 35 11 25 24 28
55 33 80 39 8 79
58 13 26 71 56 23
45 64 7 29 59 83
34 54 60 1 38 40 76
81 62 49 14 82 73
9 37 74 78 75 36
65 28 46 48 27 43
30 80 63 70 57 68
61 15 3 53 58 25
52 59 55 44 51 16
5 45 47 33 10 26
17 13 42 2 18 8
79 50 6 66 21 19
39 24 20 31 1 56
11 69 4 35 71 72
23 41 85 84 67 22
32 12 28 77 76 59
57 63 55 62 78 26
13 44 14 7 25 9
10 73 42 58 82 79
2 52 31 15 81 65
16 48 69 18 70 56
3 72 37 27 80 8
5 12 54 50 20 61
60 43 1 85 21 71
46 53 30 41 64 4
38 22 11 68 49 51
34 23 29 6 74 35
66 83 77 75 24 33
40 17 19 84 39 45
36 32 15 67 47 56
13 8 60 82 50 28
20 4 25 55 41 18
79 78 38 12 2 27
46 23 1 63 11 62
54 10 85 37 14 83
24 26 19 59 65 68
22 40 47 80 48 21
66 53 52 35 9 73
51 33 84 30 3 36
69 77 31 29 42 57
72 39 32 16 81 5
7 17 49 71 61 34
75 70 58 6 76 45
64 44 67 74 43 11
4 52 50 80 23 78
65 41 62 38 3 13
59 10 2 69 66 63
83 31 51 72 60 40
27 1 71 47 25 29
26 9 48 21 39 15
17 75 22 5 19 82
18 45 34 57 56 43
70 74 14 24 79 32
49 84 20 37 35 58
73 64 68 76 85 33
36 81 61 46 44 77
12 6 53 16 7 8
67 28 54 42 55 30
57 47 39 51 13 4
27 25 63 83 5 75
18 31 80 9 49 19
15 26 76 50 17 43
29 60 73 41 48 24
21 65 23 53 37 70
56 85 30 61 72 66
38 71 84 64 16 10
68 32 3 1 42 7
78 8 6 77 11 14
33 69 44 12 62 34
28 79 45 81 20 67
52 82 46 74 40 59
58 22 2 54 36 35
76 37 66 55 71 5
19 16 42 15 24 27
77 70 51 25 31 10
63 61 9 84 65 60
14 72 12 21 45 41
18 46 29 26 73 3
56 74 33 4 2 49
62 36 43 7 52 39
20 85 53 32 11 48
47 68 78 28 58 34
83 1 82 80 38 6
57 79 54 23 17 59
81 55 64 22 50 69
8 35 75 40 30 44
67 29 33 13 52 37
3 45 71 24 2 77
32 58 31 43 63 12
6 28 5 62 18 85
14 15 80 60 46 66
39 83 65 49 22 57
74 72 44 20 26 47
34 42 21 51 81 75
35 40 13 79 61 70
82 68 16 9 36 23
64 25 48 54 19 78
73 59 67 1 4 8
10 56 84 53 55 50
11 7 41 69 27 76
17 38 24 30 58 81
80 51 74 71 77 65
61 16 32 75 29 62
48 42 63 33 6 52
47 43 83 9 3 79
50 85 25 45 49 46
36 53 76 72 13 57
55 7 21 31 73 17
5 78 41 59 35 56
66 27 18 23 44 22
37 1 40 28 15 64
12 67 10 60 68 39
34 20 2 19 14 30
70 26 4 11 54 82
46 69 38 8 84 32
83 16 45 13 21 78
56 62 17 42 80 35
40 9 57 85 27 58
44 31 50 37 68 41
23 76 24 20 51 10
67 55 82 77 48 72
49 60 75 52 54 69
59 15 84 33 11 18
65 8 36 25 34 66
19 70 81 74 12 1
43 5 29 14 4 38
2 61 64 73 6 47
71 63 39 28 53 3
26 30 79 60 22 7
