64 56 45 29 34 31
10 39 75 61 80 70
26 2 67 49 44 57
21 5 33 66 12 4
35 9 55 24 69 77
37 22 18 13 1 20
41 59 43 74 51 6
81 14 68 72 32 16
62 36 23 25 58 60
38 78 63 15 76 28
73 53 3 46 48 47
27 19 7 65 52 79
54 71 8 42 17 50
30 11 1 40 75 12
59 6 57 45 32 9
22 62 81 39 56 44
76 72 18 70 51 58
14 49 80 63 31 66
55 65 37 23 5 64
34 35 61 41 8 19
79 20 67 30 29 53
36 38 74 71 52 73
10 15 4 47 77 17
42 33 28 26 27 11
3 50 69 21 78 60
24 68 13 25 48 43
16 54 7 46 40 2
62 1 72 66 63 1 29 6
23 67 52 70 1 59 56
12 37 53 14 65 75
49 20 8 76 47 27
42 60 15 30 33 41
4 13 35 28 44 73
46 11 74 81 34 79
16 25 9 21 54 22
78 77 61 1 57 17
43 31 7 10 26 69
19 2 58 5 3 39
55 68 32 50 51 38
40 45 48 80 36 64
24 65 41 44 71 18
13 16 29 12 74 47
33 35 59 62 37 49
17 73 25 79 11 72
60 5 75 20 31 54
63 34 26 50 52 70
3 51 27 1 61 69
48 58 32 56 15 22
9 40 23 68 53 38
42 18 78 4 2 64
28 80 57 6 7 71
8 10 24 30 81 45
55 76 36 19 21 14
46 66 43 77 67 39
60 29 26 22 63 35
69 75 48 5 38 16
50 4 9 65 58 49
72 53 28 59 64 42
7 78 30 45 74 44
56 17 68 80 19 12
66 24 76 3 57 52
37 11 36 15 55 67
20 46 51 10 71 25
6 79 31 47 61 23
27 41 32 77 54 13
2 73 21 43 1 81
39 33 14 34 18 40
62 70 16 8 4 57
53 35 45 52 58 17
56 42 51 36 20 24
44 61 11 76 5 59
27 75 78 41 68 66
80 30 69 26 46 72
38 12 39 7 50 25
33 6 1 54 10 55
64 47 19 63 32 81
49 71 43 79 22 3
77 14 29 8 21 23
73 9 34 18 67 60
37 48 31 2 70 28
40 15 65 74 13 62
7 72 33 35 1 36
61 26 25 66 55 53
75 56 76 50 6 46
19 29 54 78 24 59
38 3 4 11 41 80
52 47 10 5 14 48
22 77 65 68 51 2
67 16 44 45 42 58
71 60 40 27 81 37
39 79 63 69 8 32
74 28 31 20 62 9
18 49 12 43 23 15
17 30 21 34 57 13
70 64 66 73 11 22
51 45 77 75 26 19
58 44 14 33 68 71
52 25 29 4 37 69
80 2 24 60 74 61
31 50 1 41 16 53
47 55 56 40 43 72
57 15 64 20 35 39
12 54 73 76 62 34
32 28 17 49 46 70
21 18 79 38 10 59
78 65 6 67 48 8
81 23 42 7 13 3
36 5 27 30 9 63
50 43 64 15 14 61
47 68 45 54 39 60
80 73 32 29 33 20
41 70 44 25 40 21
26 48 71 19 4 76
11 16 10 56 35 78
69 81 36 6 53 49
23 66 1 24 28 34
22 38 57 31 65 42
17 7 5 51 67 62
13 8 52 72 9 75
77 30 74 18 3 63
59 55 2 12 27 46
58 79 54 37 80 26
6 69 15 70 19 73
76 25 81 65 45 33
29 49 40 61 42 10
13 39 21 31 24 11
52 43 77 28 60 16
75 63 44 48 55 17
53 18 5 32 71 78
35 3 12 36 22 67
57 74 50 72 27 23
58 64 46 1 8 38
47 9 51 37 66 30
59 34 20 7 4 68
14 62 56 2 79 41
71 45 70 63 13 55
26 17 65 16 36 39
53 10 60 57 19 11
3 25 28 75 29 15
67 69 74 64 33 54
58 8 31 40 59 73
46 62 61 68 21 37
2 76 30 32 23 35
51 79 80 44 52 78
38 49 34 72 77 5
20 41 81 9 12 48
22 27 6 24 14 4
66 7 47 56 18 50
1 63 70 43 42 62
