27 49 23 42 26 43
17 58 53 25 29 52
10 22 40 18 24 15
13 3 16 36 7 4
14 39 12 21 51 41
50 37 35 28 45 38
54 19 47 30 8 31
1 20 11 9 33 34
48 5 44 32 56 46
2 57 59 55 6 26
27 21 29 50 22 7
41 28 40 25 23 31
37 4 12 58 35 9
47 1 18 51 17 3
52 42 54 56 10 57
43 24 14 44 59 16
33 46 36 45 2 53
30 39 38 11 13 32
15 49 8 5 20 55
34 6 42 48 19 4
51 37 54 1 27 3 25 1
9 1 57 50 40 43 1 7
31 38 12 24 46 1
18 5 41 20 30 36
10 33 16 55 29 8
19 32 26 22 35 17
6 13 58 44 53 15
52 21 2 49 48 28
11 34 45 23 56 14
25 47 4 39 59 20
55 43 30 35 3 29
9 16 26 46 58 5
24 28 21 33 19 6
7 48 27 14 53 1
59 41 13 45 10 17
8 57 52 38 22 51
11 42 56 37 18 31
54 36 49 39 40 34
15 2 50 12 32 23
44 9 19 45 47 27
4 26 28 41 1 29
46 43 37 20 52 33
42 5 40 14 7 38
3 55 24 58 34 32
51 6 23 30 10 49
48 57 15 16 11 25
59 18 22 13 54 12
2 17 39 8 50 44
53 35 36 21 47 56
31 27 34 5 52 6
38 33 48 9 41 15
18 7 45 32 49 25
26 8 51 4 24 11
47 12 44 28 55 54
2 58 1 43 56 59
53 20 22 3 10 39
21 30 35 57 16 40
17 36 50 31 42 14
23 29 46 19 13 37
56 41 25 6 9 49
8 43 32 34 12 53
24 7 26 52 39 47
21 15 1 45 44 54
40 51 13 19 2 42
23 37 22 16 55 46
10 38 11 58 36 28
3 30 48 50 31 59
5 27 17 57 4 33
35 18 20 29 14 6
32 42 47 41 16 43
1 55 9 40 52 36
25 44 22 34 50 30
26 59 3 19 38 21
31 33 7 35 51 10
13 8 20 56 28 27
29 53 5 54 11 2
39 23 45 57 18 58
17 49 37 12 48 24
46 14 52 4 15 30
8 25 35 42 1 13
32 31 2 20 9 21
36 34 51 29 59 58
53 50 55 24 41 19
49 14 44 37 3 57
54 46 6 7 11 17
22 4 56 23 40 33
43 45 48 28 5 39
16 12 18 26 27 38
34 15 10 47 37 2
59 46 11 49 35 41
7 44 52 36 23 8
28 9 53 51 30 42
4 21 55 43 25 18
20 54 10 50 26 48
6 40 3 12 45 5
29 32 24 1 27 57
56 17 19 15 16 39
33 14 58 13 31 47
38 25 9 22 54 43
