20 50 27 10 37 53
58 55 30 49 36 47
7 54 3 4 8 23
34 15 43 22 16 29
48 5 57 52 44 56
2 25 40 26 24 46
31 13 9 42 32 21
14 17 39 41 1 11
18 45 33 12 51 35
50 6 38 16 19 28
47 22 24 44 23 3
34 8 54 49 40 20
30 32 31 41 27 29
46 18 21 36 45 14
52 6 2 13 12 56
28 39 35 7 48 58
26 51 10 1 4 38
57 43 11 42 5 53
37 25 19 55 9 17
15 27 8 33 21 41
46 1 48 12 47 1 31 54
1 45 32 56 28 7
40 11 51 30 52 3
10 42 55 35 17 16
5 37 18 38 24 34
33 29 20 44 26 6
9 58 14 13 43 50
4 19 36 15 2 49
53 25 57 23 22 39
24 55 21 10 41 48
1 16 6 31 37 45
12 40 52 9 29 35
11 44 28 27 19 46
25 15 54 47 53 51
3 26 39 5 14 43
32 36 13 22 20 34
38 7 49 17 57 2
4 56 18 58 33 23
42 50 1 30 8 44
52 16 48 47 14 19
20 28 13 25 12 41
43 10 46 6 7 57
53 29 32 2 33 55
56 35 50 34 3 31
36 54 27 39 42 24
17 38 15 9 23 30
49 58 4 45 5 40
18 26 22 8 11 37
21 43 19 51 20 1
29 47 12 39 57 50
35 41 38 53 36 6
33 49 42 14 28 24
26 40 37 32 56 15
22 55 27 54 52 4
51 46 8 16 9 5
31 17 44 58 18 2
25 7 23 21 34 11
3 13 10 48 30 45
57 35 20 24 1 15
33 39 46 37 49 52
28 31 26 54 9 43
41 16 7 40 22 58
11 5 32 50 12 10
30 4 17 14 34 53
56 23 51 13 27 44
45 21 25 29 38 19
3 6 47 36 42 18
8 2 20 55 48 28
14 49 22 35 10 31
46 57 9 54 33 30
50 24 52 7 15 26
27 34 58 3 38 12
6 21 17 32 4 39
55 53 13 40 18 1
2 45 47 43 8 41
16 44 36 25 56 11
37 23 42 51 29 48
5 31 33 19 20 7
58 3 1 52 46 32
39 47 34 45 10 9
53 49 16 21 13 26
43 22 48 27 38 40
29 57 28 17 51 36
23 14 15 6 55 5
24 30 12 19 56 8
44 2 37 11 35 54
42 4 41 18 50 25
48 40 36 17 1 33
9 7 47 27 6 49
38 39 56 20 46 55
28 30 5 35 21 22
23 52 45 50 2 31
24 54 18 43 32 16
19 41 26 57 34 42
8 10 14 51 58 25
12 53 44 15 3 37
46 11 29 13 47 4
