41 56 30 58 61 19
29 15 42 33 52 3
59 32 44 66 11 55
12 28 40 7 9 22
24 37 62 2 47 23
6 1 13 36 18 45
31 34 67 8 26 27
5 17 4 14 49 10
21 53 48 57 35 54
51 39 60 64 63 16
25 43 65 46 50 38
36 33 20 47 66 26
40 55 34 6 62 12
28 58 52 37 45 31
19 49 29 44 60 54
21 42 63 27 41 16
10 13 15 38 30 35
61 22 32 53 20 51
57 11 17 25 8 7
1 67 39 4 24 50
5 56 3 59 46 23
48 9 43 18 64 2
14 51 28 36 60 65
10 1 26 40 49 66 1 21
45 4 38 8 41 62
44 24 52 63 57 56
58 18 9 53 39 17
67 15 2 19 5 31
20 54 13 64 46 34
47 29 35 23 16 50
14 12 1 25 30 59
32 7 33 37 27 43
65 3 6 48 11 22
42 61 31 64 55 10
13 36 23 9 2 21
25 47 60 8 52 40
45 19 17 4 35 32
62 43 53 29 66 63
16 56 54 65 14 7
55 22 18 41 15 50
27 28 20 24 30 6
12 37 11 67 61 46
57 48 39 33 5 49
38 3 26 1 58 51
34 59 4 42 44 2
17 43 8 15 6 56
22 29 64 11 10 45
23 19 66 52 48 27
24 21 55 14 53 3
62 31 60 1 9 61
30 50 36 7 5 42
40 41 59 51 67 13
33 35 25 44 20 18
26 54 46 39 63 28
58 38 47 32 34 57
16 65 37 49 12 53
52 7 62 22 21 67
11 51 33 55 1 19
42 46 24 60 66 17
29 56 27 26 25 13
48 45 58 50 20 59
54 8 12 10 32 36
3 31 47 30 18 4
35 39 23 34 41 65
61 49 16 43 2 28
37 64 57 15 40 14
63 38 44 9 6 5
32 62 67 42 25 48
4 53 33 60 13 7
28 45 47 56 55 39
66 36 64 34 16 3
18 63 52 65 59 61
5 58 15 54 40 24
20 23 41 12 31 43
49 46 6 21 29 51
8 14 9 35 22 19
27 2 11 38 57 10
50 44 37 26 17 30
15 47 63 7 48 1
66 54 61 6 4 25
43 35 49 55 67 36
22 23 14 13 42 58
65 2 30 29 33 8
32 16 46 44 31 40
20 60 21 59 37 38
17 27 12 3 51 45
19 18 57 28 62 26
10 34 50 9 24 56
41 5 64 53 52 1
35 40 11 39 43 42
61 27 14 46 44 47
21 4 58 63 65 12
30 45 9 67 57 66
60 26 6 2 32 41
56 62 36 11 53 15
1 34 20 17 28 29
16 55 8 48 13 5
3 10 25 39 37 19
7 64 38 18 23 49
31 22 24 33 59 54
52 50 57 51 6 32
2 1 66 56 12 35
45 25 5 43 21 34
67 10 53 28 3 44
23 30 55 63 60 22
39 59 26 15 17 61
11 9 4 16 20 52
51 8 37 54 42 18
13 65 49 47 19 24
50 33 27 62 14 64
40 36 48 31 38 29
46 7 66 58 10 41
