18 6 5 24 8 30
3 7 10 21 1 33
16 25 26 13 28 23
4 14 29 22 12 11
20 27 17 15 31 2
32 19 1 9 29 6
10 22 16 33 8 7
14 3 32 4 23 30
28 9 18 17 15 13
27 24 12 2 26 21
31 11 25 19 20 5
30 12 17 7 4 13
28 15 19 1 5 24
9 33 16 25 14 20
18 21 31 23 22 29
3 2 8 32 26 11
6 10 14 28 31 27
21 12 13 19 16 8
20 30 6 18 27 22
17 32 29 10 25 24
1 2 9 3 33 5
7 11 23 26 4 15
21 14 28 33 32 18
27 19 7 11 13 3
25 9 8 10 30 2
1 16 4 29 24 31
15 6 22 5 12 23
26 24 17 20 33 10
23 27 1 8 13 14
31 5 22 26 3 9
12 25 15 21 32 6
16 11 18 19 17 4
29 7 30 28 20 2
16 3 15 11 10 8
20 29 12 27 5 9
31 7 26 25 18 30
32 13 24 1 14 22
4 28 33 23 19 21
2 17 11 6 1 25
30 13 19 29 10 26
18 15 24 12 31 3
22 2 4 17 8 28
9 23 14 7 21 20
33 6 27 5 32 16
25 23 17 24 22 3
26 30 33 15 1 29
2 6 19 14 16 7
8 20 31 12 28 32
11 4 5 9 21 10
13 18 1 2 16 27
24 23 33 30 9 11
5 10 28 7 18 12
13 26 20 6 4 3
22 19 25 15 27 32
8 29 21 14 17 31
