4 24 56 15 50 72
12 77 6 71 31 67
23 41 47 40 37 35
59 43 21 20 5 49
22 13 27 76 46 14
51 33 69 25 28 32
63 52 45 26 3 34
10 17 39 68 62 74
7 60 48 11 75 53
65 44 64 38 42 1
54 8 57 66 30 29
61 19 9 73 55 18
36 58 70 24 2 16
47 20 50 17 22 28
3 32 49 71 7 10
68 27 51 21 60 64
52 59 38 62 37 15
55 56 30 14 69 23
35 54 9 77 58 26
66 11 4 41 76 65
25 19 44 13 36 31
1 29 12 63 48 5
74 70 42 75 18 67
57 73 6 34 72 40
8 16 43 39 45 33
46 66 53 2 61 47
13 1 51 58 37 49 50
69 4 36 29 21 10
76 64 55 54 12 7
17 1 24 3 57 75
60 56 32 70 9 62
71 22 23 44 52 43
28 72 59 74 77 11
16 25 73 46 65 20
41 26 14 53 31 8
38 33 68 19 6 35
5 67 15 40 45 27
61 34 42 48 30 39
63 2 11 57 18 64
47 62 58 65 21 72
16 51 52 7 31 56
73 10 77 13 66 70
15 8 3 36 68 9
33 26 30 12 60 20
53 74 22 55 6 1
39 38 40 50 63 46
23 24 29 32 42 59
27 2 48 35 49 25
69 76 18 44 5 37
34 75 28 43 4 19
45 71 61 54 14 17
67 13 57 41 39 60
31 40 33 42 3 11
64 20 66 32 48 52
1 47 26 27 18 16
43 50 62 53 73 36
4 5 14 2 38 77
15 65 63 51 23 17
49 55 34 24 67 44
6 46 41 69 70 54
28 7 37 68 29 61
74 35 71 8 21 76
30 10 25 9 72 75
19 12 58 56 59 22
36 45 42 49 47 77
11 17 34 32 13 38
67 53 54 52 68 4
18 23 66 50 33 7
70 27 3 72 61 43
76 40 19 48 10 24
62 41 2 20 55 51
60 63 6 59 25 8
9 65 31 22 57 45
75 37 21 14 16 12
29 44 74 56 46 26
30 35 28 5 64 73
39 15 1 58 71 69
77 40 60 17 43 55
18 48 22 8 51 4
72 38 76 45 20 23
7 57 46 42 62 19
26 24 5 25 66 68
64 39 29 70 14 47
16 53 13 30 59 71
49 9 12 52 74 41
10 11 61 6 15 44
31 32 75 58 73 63
50 69 65 67 3 35
37 36 27 33 34 54
21 28 2 56 1 13
