18 2 14 27 7 10
6 11 28 3 16 15
19 12 5 38 29 36
37 8 13 1 25 32
26 9 4 23 20 21
31 39 40 41 17 24
35 28 34 30 22 33
4 21 8 32 27 15
38 41 19 37 17 3
30 20 25 26 33 16
40 10 14 39 22 9
7 1 6 24 23 2
12 36 35 18 13 5
10 11 29 31 34 30
1 1 24 15 25 1 33 9
7 1 4 14 12 1 37 41
3 11 2 20 36 8
40 27 38 29 26 13
6 35 18 34 19 39
5 23 31 21 28 16
17 22 1 14 20 32
24 18 12 11 26 41
5 27 25 23 30 3
15 33 31 8 35 29
16 17 6 13 10 4
7 38 37 9 28 36
2 19 22 34 40 21
32 18 26 39 8 6
10 5 33 25 11 17
9 38 30 2 4 35
28 41 13 29 39 21
40 23 37 20 15 34
19 32 24 16 14 12
36 3 22 27 31 1
28 20 17 7 8 18
15 13 2 14 5 26
23 35 1 41 32 10
9 34 16 12 27 3
7 24 22 29 30 19
21 38 31 33 6 40
11 36 39 25 37 4
17 15 8 12 10 9
13 40 30 41 18 23
24 29 20 25 2 28
3 21 32 14 34 38
5 36 37 22 6 26
33 4 27 35 19 7
16 31 11 38 1 39
10 3 20 36 13 24
41 15 25 19 6 27
12 4 32 28 40 5
26 2 34 17 7 31
16 18 29 35 37 21
11 33 8 22 14 23
39 30 5 1 9 20
36 41 7 32 16 40
22 25 18 4 15 38
33 12 23 2 39 10
6 14 3 26 35 30
27 21 17 37 24 11
13 9 19 8 31 28
34 29 23 1 14 36
25 16 35 17 40 2
13 7 39 15 22 11
1 26 10 4 28 19
20 37 27 31 12 6
29 32 33 18 3 9
8 34 41 24 5 38
30 1 12 21 25 7

