27 33 61 62 12 64
14 18 65 52 54 25
35 15 19 36 39 47
67 55 3 34 30 5
16 58 45 42 68 13
38 40 63 53 9 4
51 44 50 66 20 17
31 49 24 59 23 48
46 70 41 43 6 57
32 8 37 26 22 21
28 60 29 7 11 69
14 2 1 56 10 66
3 35 27 45 25 38
51 55 30 39 61 44
53 58 62 18 26 5
69 6 54 17 32 16
15 57 20 28 22 10
50 13 8 23 36 41
19 49 63 67 21 43
47 33 59 9 65 2
31 42 64 68 11 37
52 46 48 60 4 56
40 34 12 24 70 29
1 16 22 44 7 27
67 1 49 18 41 1 66 39
21 20 19 30 54 42
38 52 68 10 59 51
45 40 13 8 56 55
12 53 35 50 69 65
43 37 34 33 60 14
24 62 23 46 15 2
7 61 32 70 57 5
29 31 58 47 4 6
26 48 17 63 3 28
9 36 25 11 64 1
43 10 13 30 18 40
45 54 33 15 5 38
41 4 69 20 27 37
47 44 52 42 26 34
68 60 61 65 24 8
9 3 23 29 19 51
2 21 57 55 31 36
6 39 58 1 48 12
7 53 67 17 59 14
64 25 46 50 28 49
11 32 63 56 62 35
66 16 9 22 31 70
36 43 20 61 52 45
51 13 47 14 24 21
59 37 18 57 1 3
23 28 40 67 58 32
70 34 10 27 63 50
48 66 35 64 29 54
42 7 55 69 38 46
44 2 53 39 19 60
25 22 4 68 30 62
56 26 15 16 12 49
41 17 6 11 65 33
5 48 69 8 66 47
35 67 24 20 9 7
54 23 68 53 55 34
13 14 39 22 38 29
62 6 1 19 50 57
37 28 16 30 63 65
12 45 15 52 41 21
59 61 26 46 40 11
27 5 32 31 51 60
58 64 44 43 56 3
2 70 17 25 18 8
36 33 42 4 49 10
38 11 19 37 45 48
12 20 31 63 46 14
6 30 66 24 59 53
28 41 34 40 1 35
21 4 7 39 64 23
18 56 22 55 47 61
27 9 51 54 58 26
57 69 33 13 25 44
16 50 52 5 67 2
17 65 60 42 15 70
49 68 36 29 3 32
8 7 43 62 31 10
63 1 59 69 45 51
48 14 50 61 21 9
24 42 56 39 57 54
70 23 30 33 35 68
49 5 25 40 20 6
47 10 64 53 41 16
34 65 66 38 36 58
46 19 28 18 13 27
44 8 11 4 67 15
55 29 62 37 17 52
32 22 43 3 2 12
26 30 31 60 50 45
5 9 56 69 18 68
19 34 8 64 16 59
1 21 29 65 46 53
10 14 25 48 32 55
6 2 61 28 27 42
15 37 36 40 51 7
20 39 11 3 13 70
26 66 4 35 43 17
57 12 38 23 47 67
54 44 60 41 62 49
22 52 24 58 63 33
36 51 70 48 53 28
64 14 15 2 69 26
65 27 39 5 43 23
56 68 41 66 19 7
57 11 30 49 8 52
45 17 46 34 47 22
13 67 54 61 1 31
60 55 59 58 35 20
4 38 50 32 24 18
10 37 9 44 12 6
21 3 40 33 62 16
63 29 67 25 42 41
