18 34 8 44 33 10
24 41 11 2 31 14
40 6 1 29 3 13
30 46 37 25 23 22
35 21 26 12 43 4
19 20 15 28 16 38
32 42 45 5 9 7
39 47 36 17 27 41
25 29 2 16 43 33
26 13 32 30 45 21
34 5 12 19 39 31
9 3 38 14 18 17
7 6 42 44 15 23
27 24 10 40 4 46
11 36 22 35 28 47
7 37 1 8 20 26
45 27 44 1 32 1 14 16
31 3 40 1 25 1 9 13
19 4 22 39 33 2
24 6 35 20 18 1
11 30 5 21 10 41
29 12 8 15 46 36
37 42 47 43 38 34
39 28 17 23 7 24
26 14 6 31 22 33
12 13 38 8 44 5
20 30 27 42 29 18
45 41 15 10 17 46
23 36 35 34 32 3
9 1 21 16 2 47
40 37 43 11 28 19
25 30 14 4 34 42
16 7 39 3 21 6
20 47 43 33 18 40
10 13 11 38 24 26
45 36 28 4 31 25
8 22 15 9 27 19
41 1 29 23 12 32
44 35 46 37 2 5
17 26 34 6 27 16
18 10 22 13 1 42
5 25 3 15 47 24
21 29 31 17 19 44
2 23 45 38 40 36
7 8 14 43 35 30
39 32 4 46 11 20
33 41 12 37 9 28
23 43 27 35 5 13
3 19 2 10 30 32
42 9 44 37 39 26
18 31 38 7 22 29
28 15 33 34 45 1
41 47 40 4 8 6
14 46 24 21 16 36
20 17 23 11 12 25
27 5 32 33 37 6
30 1 31 43 39 15
34 11 35 24 29 9
47 7 46 13 19 14
41 4 20 22 44 3
21 25 28 38 8 10
45 17 40 12 42 2
16 26 19 36 18 41
47 8 23 32 31 20
2 21 7 25 34 27
12 16 44 40 22 30
36 10 43 6 39 9
3 46 33 38 11 42
15 17 13 4 37 35
29 14 5 1 28 26
18 6 19 24 45 25
35 16 31 42 40 10
30 38 44 1 36 27
33 34 20 13 41 7
22 32 43 17 12 24
29 11 39 8 45 37
46 2 28 47 26 3
9 4 18 5 21 23
44 14 40 15 32 25

