21 44 43 8 18 40
1 6 23 27 2 15
17 39 26 25 28 41
5 35 33 38 32 16
29 19 46 20 7 30
34 10 36 47 14 12
31 4 11 24 13 45
42 37 9 3 17 22
38 23 36 19 10 39
40 2 31 8 41 16
44 28 27 1 37 5
35 12 32 15 7 21
14 22 18 46 4 3
25 9 33 13 11 43
42 45 47 6 29 24
34 20 27 30 26 8
4 22 39 3 40 35
32 18 23 17 25 19
15 12 13 28 29 16
45 33 43 20 44 46
9 5 10 14 6 37
34 30 21 24 1 2
11 47 41 7 26 38
42 4 20 36 31 32
3 24 12 43 15 25
8 19 28 9 1 35
16 46 7 21 42 6
23 45 26 38 47 37
18 34 39 5 29 11
14 40 13 31 17 30
2 41 10 44 36 33
27 38 11 22 46 42
21 32 40 9 34 23
45 37 20 18 2 25
15 33 17 4 47 5
39 30 41 22 8 12
19 27 13 31 43 10
1 16 44 26 14 29
3 7 6 36 28 24
25 35 47 41 46 34
22 10 40 29 20 2
12 39 7 13 18 33
17 35 8 19 45 6
37 26 43 23 4 21
24 27 31 32 44 9
15 30 14 42 38 28
16 3 5 11 1 36
9 7 2 43 39 27
10 30 38 4 8 32
29 17 1 33 24 22
16 21 36 25 31 45
47 18 19 14 41 3
35 13 34 23 44 42
28 5 15 46 40 26
6 20 11 37 12 17
39 33 1 31 42 34
2 8 3 5 26 13
32 25 29 12 6 28
19 15 44 47 21 22
43 38 18 36 37 30
41 23 20 16 9 4
40 24 7 27 14 45
46 35 31 10 11 17
30 25 42 44 2 47
33 21 28 27 36 4
7 22 29 23 8 5
26 18 1 6 43 9
10 16 45 34 3 15
32 14 20 11 39 35
46 13 37 41 24 19
40 38 4 12 1 25
26 36 3 33 32 30
22 43 28 47 16 31
8 24 14 2 23 46
12 9 27 35 45 29
11 19 37 39 40 15
41 17 6 44 34 38
18 5 21 10 13 42
7 47 23 20 3 1
28 9 46 2 33 34
26 42 24 40 12 19
39 16 14 21 27 17
43 41 29 45 5 32
20 31 8 37 15 18
6 36 35 30 22 13
4 10 44 7 11 25
29 27 3 38 21 41
1 46 47 13 32 39
5 31 44 30 23 12
17 34 40 36 43 7
24 15 38 18 20 9
16 6 2 35 19 4
37 25 8 33 42 14
45 11 22 10 28 26

