27 63 31 17 25 1
3 62 23 22 70 34
39 28 77 26 46 21
60 83 68 4 71 44
14 61 18 19 76 38
45 79 13 54 35 33
56 74 43 41 2 10
81 52 66 64 55 49
48 5 59 9 75 11
29 36 57 7 32 65
15 72 8 78 82 40
24 58 6 53 51 47
80 73 30 16 67 20
69 12 37 60 50 42
79 2 46 44 38 63
41 13 55 22 4 48
61 3 32 43 1 75
27 10 39 82 65 49
25 9 53 14 66 21
28 35 7 80 11 64
17 54 78 37 24 18
77 45 12 16 81 59
58 19 33 83 36 74
69 56 50 57 72 67
52 26 68 42 6 34
73 51 71 5 62 40
20 47 15 23 29 76
70 30 37 8 49 31
12 80 2 1 17 1 77 82
43 55 22 1 9 1 28 79
72 61 56 35 16 53
26 4 78 11 66 57
21 68 3 36 38 67
59 1 50 52 44 23
42 8 73 71 48 58
60 64 54 51 39 29
30 5 24 34 63 10
46 81 76 83 70 41
18 7 6 15 25 13
69 40 75 19 65 14
31 45 47 62 27 74
20 32 11 33 21 12
2 23 42 61 78 36
35 50 30 29 9 43
3 52 58 77 54 72
55 34 56 59 60 25
53 70 39 18 73 63
69 5 81 13 17 62
40 80 66 44 22 27
16 38 41 47 33 7
48 26 49 14 51 74
71 57 20 79 31 19
64 15 28 65 24 4
1 10 45 46 8 68
67 75 82 37 6 83
32 9 58 76 60 27
43 18 70 5 33 72
11 54 69 41 25 73
17 19 26 55 44 35
21 39 2 80 71 50
13 42 10 3 57 59
67 61 4 47 52 63
49 76 22 12 53 78
31 1 28 40 81 29
66 36 51 15 46 75
65 6 77 38 62 48
20 64 83 32 34 45
30 14 68 7 82 56
8 79 16 74 23 24
4 43 37 76 39 73
33 53 29 2 52 69
25 10 40 26 50 47
63 19 80 81 9 3
36 12 6 64 71 1
35 78 32 5 14 31
70 67 65 59 74 17
38 13 83 28 8 66
72 7 23 45 37 48
27 41 61 24 68 51
46 22 62 56 20 42
57 18 55 75 30 58
44 34 16 82 21 54
79 77 60 49 11 15
3 74 66 12 73 35
76 25 64 67 48 2
83 47 59 78 63 43
24 80 52 32 56 70
45 26 38 58 5 22
65 1 21 51 13 72
46 33 71 23 17 30
16 42 11 10 29 55
9 20 37 41 40 77
28 49 19 54 68 62
61 31 34 39 69 15
50 82 36 4 18 79
57 27 8 6 14 44
81 75 7 53 60 26
11 76 63 71 66 45
51 30 25 42 32 77
49 40 67 13 43 23
39 56 33 55 78 3
18 83 52 10 69 80
14 41 36 72 28 17
19 21 5 8 47 12
73 79 81 34 2 65
31 46 16 6 4 9
62 37 44 58 29 61
48 35 70 68 15 57
74 20 60 1 53 82
75 50 54 38 27 64
22 59 71 7 24 69
18 32 8 56 11 81
66 72 47 39 30 79
33 44 9 28 10 73
65 12 51 68 31 43
77 57 53 23 83 5
2 58 14 13 70 4
78 67 62 60 41 35
54 40 7 74 42 76
1 15 38 37 55 80
36 75 22 52 16 25
50 49 17 6 61 20
82 29 26 45 3 24
34 59 19 27 48 46
63 23 64 21 58 56
35 65 71 47 77 18
62 7 1 9 83 39
76 44 13 30 11 36
68 37 2 66 16 5
10 22 32 15 67 54
17 3 48 40 53 79
75 42 41 63 21 49
25 81 82 57 33 61
78 69 28 70 20 27
73 64 72 26 59 31
6 43 52 19 45 60
24 55 14 50 12 46
29 74 4 34 38 80
51 17 9 8 2 22
