14 2 20 29 4 21
27 13 24 34 10 3
1 16 19 23 18 17
11 31 5 22 7 15
33 26 6 25 9 30
28 32 23 8 12 27
22 29 1 17 6 24
3 2 19 31 34 28
9 20 4 26 7 12
25 8 33 15 5 13
16 30 10 32 14 11
21 5 7 18 29 33
10 1 25 17 32 31 2 1
12 21 34 28 16 9
8 14 4 18 1 27
30 3 13 23 24 22
6 15 11 20 19 26
9 5 18 2 17 13
23 30 12 33 34 19
10 1 8 25 28 29
15 3 31 6 16 14
4 26 32 22 11 21
24 7 16 27 25 20
17 19 14 8 9 26
10 28 11 7 33 3
20 18 34 31 30 22
29 15 12 23 2 1
4 13 6 32 27 5
24 31 9 21 8 30
28 6 19 4 23 5
18 32 16 3 20 29
12 14 1 13 7 34
2 11 26 33 24 10
22 17 27 15 21 25
1 33 32 19 24 18
30 4 15 8 13 16
6 31 25 12 20 5
2 22 28 26 27 14
7 9 29 11 23 3
17 8 34 21 10 6
29 16 23 13 26 22
10 18 7 9 32 15
14 21 28 24 11 12
5 25 2 1 34 30
3 27 4 31 17 33
19 13 21 20 6 7
16 15 17 30 24 28
20 22 8 14 33 9
27 19 31 29 10 2
34 23 25 11 4 18
5 26 1 3 12 32
30 17 20 14 10 23
7 32 8 34 15 2
21 3 24 19 4 25
27 33 11 9 1 6
13 28 18 26 29 31
5 22 10 16 12 2
