45 22 20 43 65 24
13 38 6 30 53 47
39 49 36 23 54 52
48 19 34 56 3 9
51 41 32 5 28 27
37 50 42 62 16 11
63 7 17 10 46 35
14 8 21 44 64 12
58 33 25 57 2 66
31 26 29 15 59 40
61 55 60 1 4 67
18 23 3 65 11 28
38 7 16 8 49 19
63 30 22 52 50 9
48 12 46 5 25 36
53 55 15 41 44 10
33 62 64 35 24 31
54 66 17 60 14 18
29 21 56 61 57 42
32 40 2 37 4 20
39 1 26 43 13 51
27 34 59 47 58 67
6 46 8 23 45 62
36 1 31 53 66 3 1 22
52 48 64 1 41 1 60 11
12 54 26 1 65 35 55
20 5 59 38 1 9
49 32 43 6 56 58
24 27 13 25 19 50
67 28 7 15 21 30
42 44 14 47 63 2
34 33 37 39 17 29
51 57 4 16 18 10
35 61 40 3 53 45
60 25 62 59 43 21
50 23 48 32 26 44
1 2 65 17 27 49
64 13 22 28 37 57
16 31 58 12 39 61
4 56 15 66 63 5
11 30 10 29 19 54
47 45 55 36 51 7
42 41 6 67 20 18
46 52 24 14 34 38
40 9 28 33 8 60
19 5 64 53 65 39
2 10 56 59 22 12
30 55 17 32 23 16
24 29 66 7 6 1
43 63 57 54 8 41
18 35 37 52 15 25
21 47 49 46 50 3
4 44 34 31 45 13
62 67 51 40 38 48
20 27 14 26 61 33
9 42 11 36 58 35
19 18 32 64 47 46
55 59 24 37 49 63
2 16 60 5 6 31
25 61 23 22 51 38
30 36 57 65 62 34
33 48 54 42 15 1
44 40 7 27 11 56
21 39 66 41 26 45
10 3 13 8 20 52
67 9 53 17 43 12
28 29 50 14 58 4
54 59 64 34 6 61
35 1 47 56 41 23
38 60 15 57 3 39
31 52 27 55 42 43
58 37 30 51 46 44
11 17 8 26 24 4
21 36 16 13 40 63
62 12 19 28 66 20
9 14 65 7 32 25
45 67 5 50 10 33
22 29 53 49 18 48
3 2 41 36 64 26
