27 57 60 50 6 23
59 25 10 40 12 53
42 28 41 14 21 31
61 58 1 49 9 51
55 32 62 39 4 35
24 19 33 15 7 36
38 37 54 29 8 5
34 11 45 44 47 22
26 52 30 13 2 20
3 63 48 17 18 43
57 41 16 46 7 56
25 33 14 8 49 55
27 31 11 10 1 37
32 23 42 58 40 54
18 53 22 35 61 26
47 29 9 59 43 16
46 17 13 28 38 50
63 36 6 45 30 4
60 34 62 21 15 52
56 19 44 48 51 2
24 5 12 20 3 39
27 1 40 49 7 1 26 47
23 55 17 1 16 22 1
37 4 46 52 42 18
53 51 13 63 8 57
9 10 44 41 60 24
2 29 12 31 6 33
50 20 59 62 14 36
43 30 39 19 11 28
61 38 56 32 25 34
5 35 15 45 58 48
21 54 51 3 55 46
1 24 2 13 60 59
6 39 53 44 37 14
31 52 7 23 61 8
35 16 25 36 27 42
19 45 18 50 32 29
20 28 33 40 34 63
22 9 48 12 21 38
47 17 30 41 54 15
3 62 58 26 11 57
49 56 4 5 43 10
55 36 60 53 29 28
9 23 35 46 2 63
48 41 40 1 39 52
51 47 42 38 20 6
16 13 61 10 33 3
7 12 49 62 54 11
25 5 21 18 44 57
56 37 45 17 24 26
4 59 58 19 31 34
14 43 15 32 22 27
8 50 3 40 9 30
11 63 29 52 41 25
53 42 17 2 62 5
6 18 7 58 13 55
27 59 21 39 45 61
1 15 8 12 56 28
36 26 38 43 44 31
33 57 47 37 48 32
22 46 19 60 49 20
34 10 51 30 14 23
54 35 50 4 16 24
11 61 40 36 5 17
33 18 27 56 62 9
15 44 55 42 59 63
28 2 37 7 3 22
30 16 32 49 53 31
12 23 43 45 13 41
54 60 26 51 39 25
14 1 19 57 38 35
21 50 10 52 58 47
8 46 6 34 48 24
4 20 7 29 27 17
