7 4 38 18 40 19
6 29 36 41 24 30
3 37 1 31 22 14
15 17 23 32 27 20
25 16 33 13 34 8
11 12 39 28 26 2
10 35 9 21 5 37
16 32 3 24 33 40
27 13 22 30 20 26
8 38 11 1 34 4
12 17 10 23 41 7
6 31 21 2 15 25
9 5 14 39 29 19
35 18 33 36 28 24
31 1 1 40 27 6 1 30
29 5 17 1 16 13 39 1
32 1 2 12 15 36 38
7 26 18 8 21 20
19 14 23 22 25 35
11 37 4 9 28 41
10 31 3 34 20 5
21 18 36 17 14 16
26 6 25 40 22 11
8 2 30 41 3 19
32 28 15 10 13 7
1 9 24 37 34 12
29 27 4 35 38 39
33 7 21 23 18 31
28 40 14 17 2 41
24 25 8 6 9 38
34 33 10 12 30 29
19 27 16 32 37 39
15 35 3 11 23 1
26 36 5 4 20 22
13 40 6 19 7 34
30 21 14 11 24 27
23 16 2 36 1 20
29 25 32 3 4 12
18 41 15 13 5 28
38 10 22 8 31 35
26 17 39 37 33 9
30 36 34 14 15 7
5 41 25 32 21 38
37 19 35 20 12 18
4 24 23 17 31 13
33 11 2 22 9 29
16 28 6 27 3 26
39 8 1 40 10 36
21 29 15 22 7 37
34 41 31 26 35 32
13 19 12 3 11 17
6 20 24 4 39 9
38 30 1 28 23 33
27 25 40 5 10 18
2 14 35 16 8 26
22 34 32 30 4 17
31 37 28 25 36 11
3 38 13 10 21 16
20 23 40 14 29 8
39 33 41 19 15 6
5 2 27 12 24 7
1 18 13 9 32 31
20 35 28 33 6 17
40 8 5 37 30 15
41 12 22 24 16 18
9 11 34 36 27 23
4 26 19 2 1 10
7 39 3 38 14 25
21 22 28 29 40 34
23 32 13 2 6 37
7 9 30 35 11 16
24 38 17 15 26 10
25 39 20 41 1 21
14 12 27 33 8 4
36 19 31 18 3 29
1 17 32 39 6 5

