70 35 12 82 77 50
58 95 41 73 39 78
19 20 65 76 45 34
25 59 38 52 32 48
94 51 24 36 16 85
63 17 67 15 91 28
31 26 55 9 23 97
46 37 56 86 60 62
68 64 11 75 96 83
33 27 8 79 66 61
92 54 6 93 47 81
3 2 14 84 21 4
90 5 80 89 30 42
87 1 57 10 88 7
40 72 49 71 74 43
22 98 44 69 53 29
13 39 37 9 18 16
8 11 31 50 24 78
91 33 36 32 35 81
2 82 58 92 68 26
97 65 54 75 89 14
51 21 88 56 70 47
61 71 6 19 57 52
66 63 84 95 62 30
42 96 43 46 44 76
98 45 13 3 15 1
83 4 72 12 29 86
90 48 93 10 64 23
7 34 5 28 79 49
18 59 17 20 80 22
55 94 69 27 41 67
60 87 85 25 53 40
33 77 73 38 74 30
96 66 19 1 3 81 26 1
89 1 50 63 46 1 51 13
15 56 35 58 72 54
39 76 28 32 6 82
62 61 16 49 97 10
55 36 86 92 44 59
34 9 4 41 80 64
12 8 42 67 71 75
57 70 73 93 53 94
78 47 5 74 25 17
69 83 40 88 48 95
14 85 23 18 52 27
65 87 91 84 24 38
68 37 20 31 21 98
45 22 77 7 43 90
60 1 79 11 29 2
73 6 12 56 89 64
53 5 96 41 33 92
81 86 16 25 69 15
85 32 95 72 42 9
44 30 70 97 13 71
76 49 75 24 93 80
91 51 82 22 3 48
39 60 88 4 19 90
54 67 46 20 66 36
28 74 83 57 27 31
47 52 37 87 58 45
35 18 29 26 8 84
17 14 40 34 62 68
23 7 98 11 38 63
2 50 61 43 65 55
21 10 79 59 78 94
77 89 53 1 48 66
46 24 27 82 81 97
80 92 3 73 37 25
49 6 41 30 22 26
60 68 67 5 35 9
17 84 72 31 13 7
42 20 86 23 40 2
51 83 8 59 34 39
45 94 33 88 75 44
61 56 77 91 98 18
11 10 71 47 4 95
1 78 52 28 93 36
29 32 15 65 90 70
64 79 85 58 63 19
57 76 69 50 54 62
74 55 87 16 96 21
38 43 53 14 12 51
23 25 72 24 61 68
48 9 92 8 20 56
13 91 27 34 75 60
10 46 32 83 17 3
30 31 29 85 45 59
70 54 19 95 49 1
93 82 65 33 7 69
89 16 47 44 84 57
71 15 18 78 2 96
21 40 80 77 58 11
66 43 4 6 87 5
79 36 50 26 90 74
64 38 42 37 28 55
63 97 52 41 88 35
81 62 94 98 12 39
67 14 22 86 73 76
30 9 1 27 65 17
82 95 25 18 31 89
43 68 78 80 85 91
16 90 58 6 46 8
26 69 21 5 61 45
19 41 2 7 56 32
81 84 64 49 50 20
13 88 59 54 73 23
96 28 10 98 86 51
53 63 76 36 83 71
47 97 34 29 67 33
52 3 60 94 42 77
62 92 75 72 22 87
35 57 24 4 55 79
37 44 66 40 12 93
48 11 74 70 14 39
38 19 89 15 26 46
