1 5150 6420 4959 1816 5114 2491
2 177 5401 4198 2451 2377 4176
3 4539 1684 1796 1288 1153 263
4 4961 1080 503 5618 2399 2194
5 25 6336 6066 341 125 303
6 5462 4003 1710 1732 5053 3172
7 2601 6329 4405 2052 33 876
8 3538 6391 597 4456 2832 20
9 4253 68 4237 1073 126 5813
10 3494 6569 135 3941 1991 195
11 1018 4905 5024 5687 639 1731
12 33 3381 4198 5114 2052 6324
13 4456 5462 2194 5150 5401 6066
14 1732 2399 25 6420 126 177
15 4959 2377 3172 3941 1288 6329
16 2451 2491 68 5687 1710 4253
17 6336 3538 1816 263 2601 4003
18 4176 3381 2832 503 5813 1731
19 20 195 1073 639 125 1796
20 5024 3494 6324 1684 6569 4961
21 4405 1018 6391 1153 1080 135
22 5618 5053 876 4539 341 4905
23 597 4237 4003 303 1991 6066
24 5114 263 1731 68 177 4456
25 20 639 126 5462 1288 503
26 6569 125 5687 33 1080 5401
27 2399 195 6336 3381 2377 5150
28 6324 1991 4539 1018 1816 2832
29 4237 5618 3538 4405 4198 3172
30 597 5813 2052 5024 6391 5053
31 876 1732 1073 3941 303 2491
32 4959 2451 1153 2194 341 3494
33 6329 25 4905 1684 4253 135
34 4961 1796 1710 2601 4176 6420
35 3538 5150 2399 5813 6324 125
36 1816 876 195 5462 5401 5024
37 2377 2052 5053 6066 1018 126
38 4456 2451 5114 1684 4003 1288
39 6420 135 25 4539 20 3172
40 1073 303 33 4959 4198 6391
41 341 2832 2601 4237 177 4905
42 1080 1731 4253 6336 3941 1153
43 68 503 1732 1796 4405 6569
44 3381 5687 5618 597 1710 3494
45 1991 639 4176 2194 6329 263
46 1288 876 2491 4961 135 5813
47 1684 6066 125 1731 2601 6391
48 3941 503 2451 4237 5114 25
49 177 4959 5053 195 4405 1080
50 6569 1153 5618 2377 2832 303
51 1710 68 2052 639 2399 5401
52 6336 5687 4905 1991 2194 1732
53 5462 263 597 4253 6420 6324
54 341 2491 3172 4176 1796 5024
55 5150 20 1018 4003 3494 4198
56 3381 1073 3538 1816 4961 6329
57 126 4539 1710 33 4456 6336
58 4405 6066 6420 5813 1684 3941
59 195 3172 1288 303 6324 68
60 4198 125 2832 876 5462 5687
61 5024 1991 341 1080 20 5114
62 1018 6569 2601 4959 4253 2399
63 1816 3494 2377 1731 1732 4237
64 126 4961 263 4905 5150 6391
65 5401 6329 2451 503 597 4539
66 2052 135 4456 5618 1796 1073
67 3381 4003 2194 177 2491 33
68 1153 639 25 3538 4176 5053
69 6066 1731 4961 126 5687 195
70 1684 6336 6324 876 4959 4237
71 303 20 5813 1018 2451 1710
72 1080 2601 1991 4456 3172 3381
73 263 4198 6569 2491 25 5053
74 33 597 1732 341 5150 1288
75 4253 4539 5401 5114 3538 1796
76 4905 5462 2399 3494 1073 4405
77 2377 135 125 503 5024 2194
78 2052 6420 639 1153 2832 4003
79 3941 68 4176 1816 6391 5618
80 6329 5053 6324 177 1796 5687
81 5813 1288 3494 5401 6336 2601
82 135 1073 5150 6569 1731 341
83 1991 876 6420 126 3538 2451
84 4905 3941 1080 5462 2052 4176
85 1153 503 2399 4198 4456 2491
86 125 1816 177 3172 597 1684
87 4253 303 3381 4405 5024 639
88 4961 2377 4003 68 4539 2832
89 5114 2194 6391 195 1710 25
90 1732 5618 20 6066 263 4959
91 1018 4237 1153 6329 33 5462
92 5053 4905 303 125 3381 6420
93 1796 1080 2491 2377 597 639
94 503 3172 6391 3494 4253 876
95 2601 1684 5150 1991 5618 68
96 1710 177 1288 6569 6066 3538
97 2832 1073 263 5024 33 2451
98 2194 4959 1731 4237 2052 4539
99 4405 5687 4961 20 25 1816
100 5114 4176 6336 135 1018 2399
101 3941 126 5401 341 6324 4003
102 195 5813 4198 6329 4456 1732
103 1710 4237 6066 1080 5150 876
104 1288 2194 2832 4253 5053 1816
105 5687 303 3494 263 177 2052
106 6391 4539 5462 3381 2491 6569
107 503 341 1684 1018 195 3538
108 5114 1153 5401 3172 4961 1073
109 639 6324 135 2601 1732 2451
110 2377 3941 33 20 4905 597
111 1731 2399 1796 25 4003 1991
112 4198 5024 6329 6420 6336 68
113 126 4176 4456 4959 4405 125
114 5618 5114 639 5813 177 5462