1 4039 3260 71 2534 2609 5205
2 2481 4207 2791 6009 4522 2169
3 494 1086 1918 6075 3929 4917
4 5885 5086 2252 3142 3098 2457
5 3386 5801 5222 354 1807 234
6 3875 1241 2500 2077 1598 1720
7 6630 1511 4750 2410 1675 4143
8 203 5980 6758 4946 6613 3293
9 2056 226 4500 329 6753 6424
10 6381 5155 230 101 2781 384
11 449 747 935 1625 4272 470
12 5553 354 2169 1714 1720 2410
13 3142 2500 3293 4039 2791 1086
14 203 5885 4917 2534 1807 3875
15 1241 6424 5980 234 6630 1918
16 5222 747 384 2056 6009 71
17 2609 1625 4946 3386 494 1511
18 1675 470 101 5086 1714 3929
19 3260 449 2781 329 2077 4207
20 2252 2481 226 5205 4750 5801
21 4272 5155 6753 230 3098 6758
22 4500 6075 6613 4522 5553 6381
23 4143 2457 1714 935 1598 4039
24 203 470 3386 3142 71 384
25 449 2791 2410 1918 2252 101
26 230 1086 2077 1807 2056 2169
27 5222 5155 494 3875 6613 226
28 1675 4917 747 6381 1720 5980
29 234 4946 5205 3929 3098 4522
30 6630 6075 2781 935 6753 2500
31 1511 4500 4272 2481 3260 1598
32 6424 5553 6009 5801 5086 1625
33 2457 4750 2534 329 354 3293
34 2609 6758 4207 1241 4143 5885
35 2056 3929 3142 6613 449 4917
36 1807 6381 71 1511 935 1918
37 2791 5205 6424 6753 2077 1675
38 354 1086 203 2481 2781 747
39 1714 3293 470 6630 5222 2252
40 3386 1720 6009 4143 101 5980
41 5801 3260 2609 2410 2457 5155
42 3875 4207 2169 4750 4500 3098
43 2534 1625 4522 226 1241 5086
44 230 329 234 5885 494 6075
45 384 4039 2500 5553 4272 6758
46 4946 6630 3260 1598 747 3142
47 5801 935 2056 2481 3875 1675
48 354 4522 6753 1807 101 449
49 5086 329 4917 2791 1714 2609
50 1511 5222 3098 1241 6075 203
51 5553 71 2077 5155 5885 4750
52 4946 3929 4500 2252 4039 4143
53 6424 494 1720 6758 2534 2781
54 6381 4272 1086 2457 5205 6009
55 1625 2410 6613 384 4207 234
56 1598 2169 3386 226 1918 3293
57 470 230 1807 5980 3260 2500
58 494 3142 2791 1714 1241 5155
59 6753 449 6075 5801 2481 4946
60 935 2077 6009 3098 2534 2410
61 3293 3875 6381 1625 234 3929
62 6613 1675 1598 354 230 2252
63 5086 4039 4272 4750 5980 2781
64 329 384 5885 1511 1720 1086
65 5553 1918 4143 470 2457 747
66 6424 3386 71 4917 2500 4522
67 226 5205 4207 203 6630 2056
68 2169 4500 2609 5222 101 6758
69 2481 6381 2410 5980 3142 329
70 1807 935 5553 2252 6009 494
71 747 4946 1241 6424 230 4750
72 5205 1511 4143 449 3875 5086
73 2781 5885 4522 2169 1675 3260
74 2077 1625 3293 4500 5801 4917
75 2056 2609 2457 234 2500 203
76 3098 1714 101 1086 71 226
77 2791 6613 3929 6630 3386 4272
78 2534 1598 1918 384 6758 6753
79 6075 5155 470 354 4039 4207
80 1720 4522 3142 5222 935 230
81 101 4917 234 3260 2252 4750
82 6613 2457 2781 4946 2791 71
83 1086 6753 3875 5553 3386 1241
84 1625 2169 2500 5155 329 5205
85 1807 2609 1720 6630 449 4500
86 6009 384 4143 1675 3293 6075
87 2481 5222 4272 6424 2410 5885
88 3929 226 6758 2077 354 747
89 1714 1511 5980 5801 2534 4207
90 1598 203 494 5086 6381 470
91 3098 2056 1720 4039 1918 4522
92 234 3142 449 1675 5553 4500
93 6075 2791 2252 3875 2410 71
94 2077 4143 2534 1086 6613 5222
95 101 5885 1598 5205 5980 1625
96 329 1918 3929 5155 203 935
97 6753 2781 226 1511 470 6009
98 1714 2056 4750 3260 3386 6381
99 384 3293 3098 2609 6424 354
100 1241 5801 494 747 2169 4039
101 6630 6758 2457 230 2481 4917
102 4272 1807 2500 4207 5086 4946
103 1918 6009 203 5885 1714 4500
104 935 3875 354 1086 6424 3260
105 4522 2252 747 1511 2609 2077
106 2410 230 4039 449 226 3386
107 5155 2481 5086 3293 234 1720
108 4207 71 1675 494 4946 6753
109 2457 1241 329 1807 384 3929
110 3142 101 6630 6075 4272 2534
111 6758 4750 1625 2056 470 2791
112 2500 5801 3098 6381 4143 6613
113 1598 4917 5205 5222 5553 2781
114 5980 2252 384 2169 203 449