1 379 2648 4814 5279 6201 1885
2 1660 4325 6387 5891 1986 3324
3 3277 5036 537 5413 2502 1418
4 5505 6318 74 369 2370 4525
5 1071 6481 314 702 4391 229
6 5166 4571 236 610 4028 6460
7 5123 3299 5736 2067 4939 1114
8 868 3928 1506 3656 677 2869
9 6331 2512 302 4284 548 1155
10 3157 3492 3504 836 1305 3719
11 48 5162 3274 4151 359 131
12 78 1885 4525 6201 702 3310
13 369 4571 5123 677 4325 4391
14 3928 1986 6460 2067 1418 4284
15 236 4814 6331 537 6387 314
16 1660 131 3656 5036 1155 4151
17 359 302 868 1114 836 610
18 548 3719 2370 6481 5736 5162
19 229 2648 1305 5166 3310 3274
20 4028 2512 3157 6318 2502 379
21 4939 1071 5413 3492 5505 5891
22 5279 3324 48 3277 78 1506
23 2869 3504 4391 3299 74 5162
24 4325 702 1155 868 2067 4151
25 236 3157 677 4814 2512 4525
26 3719 610 6318 3274 314 5036
27 836 2648 1986 1506 2370 2502
28 5166 1418 5279 5505 5123 6331
29 3310 4939 359 548 1660 6460
30 1305 3299 5413 6481 3324 3928
31 1071 131 74 3277 302 3656
32 4571 5736 379 2869 5891 229
33 1114 4284 6201 48 369 537
34 3504 6387 1885 3492 4028 78
35 4151 2512 314 2648 868 3299
36 5123 3324 3310 74 3157 3656
37 2869 302 2370 1660 2067 702
38 4284 5505 3928 4814 229 610
39 5166 836 5736 1071 6387 677
40 4325 6331 5413 3719 4391 359
41 131 2502 4028 5891 1506 6460
42 48 1305 1155 6318 1885 1986
43 5036 6201 1418 236 5162 3492
44 78 4939 369 379 3277 6481
45 4571 4525 3274 5279 1114 548
46 3504 702 677 537 6460 2648
47 1305 314 3928 359 4028 5505
48 5036 1506 229 3157 6201 4325
49 302 5166 4151 78 5413 6318
50 369 4391 6387 131 548 2067
51 6481 5891 4525 5123 868 1885
52 3719 3656 5279 4939 537 2370
53 1986 3277 6331 4571 3492 3310
54 5736 3504 3324 236 3274 2512
55 379 610 1660 1071 48 1418
56 1155 4814 2502 1114 74 2869
57 5162 836 5891 4284 3299 537
58 2370 6318 868 3277 4391 6201
59 5413 5505 702 131 236 5736
60 3157 3274 4151 369 3928 3492
61 229 4028 4325 2648 3656 1114
62 2067 3310 78 1418 3719 4814
63 1660 314 48 836 6460 4525
64 5036 548 3299 1071 1506 1155
65 4939 6481 1986 2512 5166 74
66 359 4284 1885 2869 4571 3324
67 610 677 2502 3504 5279 6331
68 379 1305 5162 6387 5123 302
69 5891 537 1155 3157 3928 4391
70 3299 702 3492 3656 48 4814
71 5505 369 1986 2648 5036 3324
72 2512 5279 3310 836 131 4325
73 6387 3274 2370 302 677 4939
74 359 229 5166 3277 4525 3504
75 78 379 548 4284 236 868
76 2067 6331 2869 4028 6481 6201
77 1418 6460 74 5736 1114 6318
78 2502 5162 4571 1660 1071 1305
79 1885 4151 3719 5123 610 1506
80 5413 4284 5166 314 5279 3157
81 677 2067 5036 359 379 5891
82 6481 1418 5505 3504 3656 3274
83 1071 537 4391 2512 78 1986
84 48 5123 702 3928 548 2502
85 1114 2370 131 1305 1885 6331
86 610 1155 4525 2648 3492 5736
87 4028 3310 1506 5162 369 5413
88 3277 4151 6460 6201 2869 6387
89 1660 74 868 3719 229 236
90 6318 836 3324 4939 4814 4571
91 3299 314 1418 302 4325 1885
92 5279 1155 1986 5162 359 702
93 3656 5891 610 1305 2512 369
94 3277 3157 5736 6331 1660 2648
95 6201 6318 4939 131 3504 3928
96 548 4151 229 4028 677 836
97 74 1506 2067 4571 5505 537
98 2502 4284 3719 6387 4525 3299
99 5123 2869 78 2370 5413 314
100 3492 1114 4391 379 5166 3324
101 302 236 5036 3310 48 6481
102 4814 1071 6460 4325 3274 868
103 74 4939 229 4151 6331 702
104 677 5891 6201 1155 3719 314
105 2648 4571 3157 3299 78 131
106 3656 369 1885 2502 236 836
107 868 4525 537 3324 302 4028
108 2512 48 4325 5505 2869 5166
109 3274 3277 610 2067 5123 5162
110 4391 5736 1305 6460 5036 5279
111 2370 359 3928 1071 379 3310
112 1506 3492 6481 6318 1660 4284
113 4814 5413 1114 548 1986 3504
114 1418 3157 702 2512 868 6387