1 2537 1792 6538 834 3974 1519
2 1985 4607 4481 2168 111 4991
3 2607 3683 1706 2039 3452 4506
4 1391 271 4356 193 3359 2177
5 272 2851 1023 6582 4241 2068
6 2084 3201 469 3464 190 2783
7 829 3015 4508 6419 5422 772
8 4342 2386 6637 3419 5528 3954
9 4485 3284 1781 3546 3547 1939
10 6622 191 51 292 11 95
11 714 2619 3130 5952 3525 5016
12 3414 4241 772 834 469 148
13 4342 4508 4506 271 1985 2068
14 2168 190 3015 1519 3683 4991
15 3419 4356 3974 4481 292 2084
16 5016 6637 6582 111 3546 1706
17 5952 2783 3954 95 6419 4607
18 51 1781 714 2386 829 2039
19 3525 1023 191 2537 4485 5422
20 148 3464 3452 2619 193 3547
21 1792 3130 5528 1391 3201 11
22 3414 6538 272 2851 3359 3284
23 2177 1939 111 190 6622 2607
24 2386 834 5016 4607 4356 3015
25 3683 2619 292 3546 469 5422
26 2039 271 5952 5528 1023 4241
27 6582 3419 2537 6419 193 3284
28 3452 95 1792 2177 4991 714
29 2068 3359 51 3464 1519 1939
30 3547 2084 272 3525 1391 4508
31 2783 1985 1706 3414 148 829
32 4485 3974 11 772 4342 2607
33 6622 4506 3201 6538 6637 2168
34 3130 3954 2851 4481 191 1781
35 193 1792 4241 1939 2619 2386
36 2068 714 95 1391 3284 469
37 3414 5952 3683 51 3547 4356
38 2537 5016 4607 6622 4508 3359
39 4506 148 11 2084 111 3954
40 6419 4485 3130 2039 4991 190
41 1706 834 271 1781 2851 5422
42 3201 3452 2607 1985 3419 1023
43 3464 829 5528 3525 292 3974
44 2177 3015 3546 191 272 2168
45 4481 1519 6538 4342 6582 2783
46 3683 772 193 4607 2851 6637
47 2039 95 3359 1985 3547 1792
48 2084 1781 4991 5422 5016 3201
49 3452 111 3419 4485 3414 3525
50 190 2619 2537 4506 1706 5528
51 1023 2177 148 829 4342 4481
52 3464 714 2168 2783 4241 11
53 271 6622 3974 2386 3130 3546
54 1519 772 292 3954 1939 272
55 6538 6582 469 5952 6637 3015
56 1391 2068 2607 834 6419 191
57 4508 51 4991 4356 3284 2619
58 3525 193 3201 95 3546 4342
59 2851 4506 4485 829 1792 5016
60 292 2177 1781 1985 11 5952
61 6622 2039 1391 3974 3954 469
62 772 2168 3284 2386 1023 1706
63 111 2783 3359 3015 2068 3130
64 1939 2084 6419 3452 6538 271
65 3547 4481 4241 6637 51 2537
66 4607 5528 3414 3464 191 6582
67 4508 834 272 714 3419 3683
68 5422 2607 4356 190 148 1519
69 1985 95 3130 2084 4485 3015
70 4241 4991 5016 292 1391 6538
71 1792 4481 2068 6622 5952 3452
72 193 3974 2783 3683 11 1023
73 3525 772 190 3359 2168 1781
74 3419 4506 3547 4607 2177 5422
75 2619 829 2607 271 272 6637
76 3954 714 6582 2537 3201 4356
77 6419 3546 148 2851 51 5528
78 3464 834 4342 111 2039 3284
79 191 1706 469 1519 4508 2386
80 1939 5422 3683 1391 3414 4481
81 4241 2607 714 3130 2084 193
82 3419 190 829 5016 2068 3546
83 4356 3464 6637 95 1023 1781
84 271 3525 3284 1792 3015 148
85 834 5528 6622 4991 2783 3547
86 3201 2039 1519 4508 2177 2851
87 1985 469 1939 272 2537 11
88 292 4342 6419 2168 3414 2619
89 111 5952 191 772 3452 3974
90 4607 3954 6538 51 1706 4485
91 3359 2386 3525 4506 6582 834
92 95 1519 3419 4241 1781 829
93 3546 2537 2851 3464 2607 4991
94 190 3414 11 4508 4481 271
95 111 5422 2068 193 6538 5528
96 191 1939 3284 4506 2783 6637
97 4607 4342 3452 4356 3130 469
98 2084 1985 2619 6622 772 6582
99 1391 1792 1023 3015 292 51
100 2386 6419 3954 2177 5016 3683
101 2039 4485 2168 148 272 5952
102 3974 3359 3547 1706 714 3201
103 3130 4508 5422 1939 6582 95
104 3546 1519 2084 1023 4607 834
105 51 3464 5016 2177 271 772
106 2851 1391 2783 3452 2537 2386
107 292 4241 3284 3201 3683 111
108 829 2168 3547 1792 4356 3954
109 6637 3525 1985 190 3974 6419
110 272 1706 4991 4342 5952 193
111 4506 1781 3015 3414 6622 714
112 191 11 2039 2619 3419 6538
113 5528 4481 469 4485 2607 3359
114 148 2386 5422 2068 4607 292