1 1718 340 6763 3755 3618 4242
2 694 4226 201 4618 27 6328
3 6651 1306 3620 4085 2830 45
4 6378 346 2767 141 333 5173
5 107 178 75 250 238 5436
6 1262 5406 1806 1676 4362 156
7 5690 862 5442 2164 4122 4678
8 4859 103 85 4967 1481 6548
9 1923 254 5509 2614 1285 5895
10 5846 244 6490 708 2509 2062
11 2181 894 4976 2960 5976 910
12 66 1806 27 5675 5436 346
13 6548 75 5442 4242 201 1676
14 5690 333 178 694 4967 85
15 862 1262 5846 6763 4226 2830
16 1285 708 340 6378 1481 894
17 5173 4122 2614 66 107 4678
18 4085 5509 2181 103 4976 3755
19 4362 141 910 2062 1923 4859
20 2509 250 156 1718 2960 3620
21 4618 244 5895 5675 1306 5976
22 3618 254 2767 6651 6328 6490
23 2164 2181 45 5406 238 333
24 1806 340 5442 103 2614 862
25 6378 4122 4226 178 2062 6763
26 27 141 2830 107 156 5509
27 1718 201 66 85 6651 1923
28 250 708 1262 2767 5690 5675
29 1481 2164 5976 254 4242 5436
30 4967 4362 4859 238 346 4976
31 694 6548 910 244 4678 1306
32 5406 894 4618 5173 3620 6490
33 1676 5846 4085 5895 6328 2960
34 3755 75 1285 3618 2509 45
35 2181 1262 4242 27 4859 4122
36 6651 4226 346 340 910 2614
37 238 6763 4618 141 1481 66
38 156 201 6328 1306 333 103
39 5173 2830 1285 244 2164 75
40 2960 2062 5690 3755 5406 254
41 2509 4085 694 6548 1806 894
42 107 6490 6378 3620 85 5895
43 4678 3618 1676 5509 5976 708
44 4967 45 5436 5442 2767 1923
45 4362 5675 4976 178 862 1718
46 5846 3755 346 250 1306 2164
47 910 3620 6328 6763 4242 1285
48 2830 5895 103 708 694 5406
49 66 45 5509 6548 5690 6378
50 4967 75 4678 1262 1718 4618
51 107 4859 5675 254 4226 4085
52 85 1676 238 2509 340 4122
53 27 1923 5173 6651 4976 2960
54 141 2614 2062 862 894 5436
55 1481 2767 244 1806 2181 178
56 333 250 5976 4362 5442 6490
57 156 3618 5690 201 5846 4859
58 6651 5509 2509 4618 5675 4242
59 4122 694 107 708 6763 4976
60 27 1676 2164 2614 6378 1306
61 244 1718 346 894 6328 5442
62 254 2830 156 2181 5436 85
63 103 178 2960 1262 45 141
64 201 3755 3620 1806 4967 5173
65 2767 238 2062 4085 4678 1285
66 75 910 1481 862 6490 333
67 6548 1923 5976 5846 5406 340
68 250 5895 4362 4226 66 3618
69 85 4242 4976 1676 141 244
70 346 103 5442 107 4618 2062
71 254 1718 708 910 5173 45
72 340 3620 4085 27 178 5509
73 3755 2614 5436 6328 6548 4362
74 5895 4678 6651 333 4859 894
75 2164 2509 66 694 2767 156
76 1806 5675 4122 75 2960 5846
77 5406 5976 201 862 250 1285
78 6490 1923 4226 2830 5690 238
79 4967 2181 1306 6763 6378 3618
80 1262 5173 2509 1481 5509 5442
81 708 107 333 3755 4618 1806
82 694 6651 1285 4362 5436 5846
83 5976 85 2614 75 4859 4085
84 3620 2062 3618 6548 2164 4976
85 1718 103 894 2767 1676 4226
86 5895 1481 45 156 346 4122
87 1306 6490 4242 1923 1262 178
88 862 6378 201 244 2960 238
89 250 5675 4678 340 2181 141
90 2830 6328 5406 66 4967 910
91 6763 27 894 5690 254 75
92 4976 5442 1306 1285 85 4226
93 238 156 178 6651 6548 708
94 1676 694 1481 2062 3755 5675
95 2767 910 5436 4122 5509 201
96 3620 66 333 254 244 1262
97 6328 5690 1718 141 107 5976
98 6378 45 4859 250 1806 2830
99 6763 103 4678 1923 4362 2509
100 2164 2960 4967 6490 5895 340
101 4242 5406 862 3618 4085 346
102 4618 5846 5173 2181 27 2614
103 178 1285 1676 4859 66 5690
104 6328 4976 5436 4678 6378 2509
105 894 340 4362 45 107 201
106 2062 1806 6490 1718 1306 5509
107 141 254 238 5846 694 5442
108 244 6763 4122 250 6651 103
109 2614 3618 2960 2830 333 1481
110 1262 4085 85 2164 4618 910
111 2181 708 1923 346 3620 75
112 4226 156 4967 5976 5173 4242
113 3755 6548 27 5895 862 2767
114 5675 5442 6378 5406 2614 6763