1 865 6344 2574 6746 6317 3623
2 401 3799 1325 930 558 2834
3 5172 1075 6334 225 1640 3793
4 3990 1025 1058 3770 3539 93
5 245 144 1721 3044 5464 4464
6 1810 5709 2338 2075 217 2611
7 4779 3357 2977 70 1111 5243
8 2137 3467 188 1987 6451 648
9 4926 5847 2421 3090 2337 348
10 4476 1880 3176 2590 2363 1629
11 2220 222 67 4970 3138 6401
12 1730 6317 2611 3990 144 225
13 1075 1810 70 6344 1325 5172
14 2834 2337 2574 188 1721 2977
15 3176 3539 4464 3467 3090 2338
16 5847 6451 3138 1987 2590 2075
17 1111 2220 1025 4926 558 648
18 2363 3793 348 1058 6746 3044
19 3770 2421 3799 222 4779 245
20 401 4476 5464 1640 93 5709
21 1629 4970 3357 2137 3623 6334
22 217 6401 1730 865 1880 5243
23 930 3990 6451 67 2363 2574
24 2338 2590 3539 2337 144 6317
25 4464 225 4779 2834 401 6344
26 5709 70 5172 3176 3138 4926
27 217 245 1111 4476 3467 6401
28 2075 3044 930 1880 3357 1025
29 1721 2137 558 1640 2611 865
30 1058 222 3090 1730 6334 648
31 3793 3623 188 5847 93 3799
32 6746 67 1987 2977 1325 2421
33 348 1810 3770 5243 5464 4970
34 865 930 1075 3539 1629 2220
35 1025 2834 144 217 2137 1058
36 222 6334 558 4476 2075 188
37 3623 4779 2363 2977 5709 3090
38 3044 3990 401 2421 5243 1810
39 3357 1640 5172 3467 1325 2590
40 3799 2338 4970 1111 6344 1721
41 5847 648 1880 245 3770 3176
42 5464 3793 2337 3138 70 6317
43 6746 1629 93 4926 225 67
44 6451 6401 2574 1075 348 2611
45 1987 2220 3799 1730 4464 3357
46 2421 4970 558 2590 3176 144
47 865 1325 3990 5847 5709 188
48 217 5464 225 3793 222 930
49 4779 6746 1025 6451 2337 6334
50 2834 1721 3623 4476 4926 3770
51 1880 2574 2338 1058 1987 401
52 2977 3138 648 93 4464 1075
53 1810 1111 3044 2137 1629 67
54 3467 2220 348 2075 2363 6344
55 6401 2611 5243 6317 5172 3090
56 70 1730 2574 245 3539 1640
57 3793 648 865 4779 401 2338
58 1058 3357 4926 1075 188 5464
59 4970 3623 225 1880 4464 1325
60 3176 2834 2075 6401 67 2337
61 3138 3090 3990 348 245 558
62 1629 5847 1640 222 6451 144
63 3467 6317 1721 1810 93 2220
64 5709 930 6344 2421 1730 2137
65 2611 1111 2363 70 1025 1987
66 2590 2977 6334 217 3044 3770
67 3539 4476 6746 5243 3799 5172
68 144 3090 3357 1810 865 6451
69 1730 1075 3623 401 2075 67
70 188 1640 348 4779 1880 1111
71 1325 3176 2338 3044 2574 93
72 5243 225 648 1721 2421 2363
73 3799 245 6317 5709 1025 4970
74 2137 70 6401 6746 3770 5847
75 217 2337 1629 2220 5172 3990
76 5464 3138 2834 6334 2611 3467
77 558 6344 4476 3793 2977 1058
78 222 1987 4464 2590 4926 930
79 401 3770 2363 3539 188 3357
80 1640 5243 2220 2338 67 1025
81 93 1730 2834 4970 6451 70
82 2611 245 5464 1629 3176 2977
83 5172 348 930 144 648 3623
84 3539 6401 1810 3793 558 5709
85 2337 1987 6344 3044 865 4476
86 6746 1880 3467 222 1075 3990
87 2590 3090 3799 225 2137 2574
88 6334 2075 1111 4464 2421 6317
89 1721 217 1325 3138 1058 4779
90 4926 4970 2611 5847 3044 3539
91 6451 2977 5172 2220 401 1880
92 348 2590 67 865 3799 70
93 2421 3990 3623 2834 2338 1640
94 225 1058 5709 2337 3467 3357
95 3138 222 3770 1111 2574 144
96 2137 4926 1325 5243 3793 245
97 2075 648 3090 5464 6344 6746
98 6334 1721 93 6401 930 1987
99 1075 5847 6317 217 4476 2363
100 1730 1810 1025 188 4779 3176
101 4464 5243 5709 1629 558 2574
102 3044 2590 245 2220 1058 3623
103 1880 4926 144 3799 6334 6344
104 6317 2977 3539 2137 348 222
105 70 188 93 2421 217 3090
106 1111 865 3176 6451 1075 225
107 2337 3770 4464 2363 1730 1325
108 4476 930 3357 2611 2338 3138
109 3793 4970 2075 1640 1987 3990
110 558 67 4779 5464 5172 5847
111 3467 1629 401 1025 6401 1721
112 2590 6746 648 1810 2834 6317